0 0.5453125 0.709375 0.325 0.1265625
0 0.8484375 0.5578125 0.215625 0.1296875
0 0.203125 0.640625 0.2125 0.096875
0 0.5046875 0.153125 0.171875 0.05
0 0.2890625 0.1796875 0.125 0.0421875
0 0.721875 0.1875 0.1546875 0.046875
0 0.15 0.265625 0.115625 0.053125
0 0.059375 0.36875 0.096875 0.0859375
0 0.8703125 0.2671875 0.1171875 0.0515625
0 0.325 0.31875 0.265625 0.0953125
0 0.6296875 0.3125 0.2140625 0.0703125
0 0.371875 0.45 0.321875 0.146875
0 0.9203125 0.384375 0.10625 0.121875
0 0.0484375 0.50625 0.0859375 0.103125
0 0.5421875 0.36875 0.2640625 0.0859375
0 0.7078125 0.434375 0.109375 0.0921875