0 0.325 0.6671875 0.19375 0.16875
0 0.678125 0.6484375 0.18125 0.1625
0 0.9046875 0.546875 0.1484375 0.1140625
0 0.896875 0.415625 0.109375 0.0796875
0 0.0984375 0.5578125 0.1421875 0.121875
0 0.565625 0.4796875 0.1609375 0.0875
0 0.334375 0.4578125 0.1140625 0.10625
0 0.8078125 0.3296875 0.0796875 0.0546875
0 0.071875 0.428125 0.0984375 0.0890625
0 0.13125 0.34375 0.096875 0.071875
0 0.490625 0.3671875 0.10625 0.08125
0 0.68125 0.278125 0.078125 0.0484375
0 0.546875 0.2625 0.0734375 0.04375
0 0.284375 0.371875 0.090625 0.075
0 0.2265625 0.2875 0.0953125 0.0484375
0 0.3953125 0.2703125 0.090625 0.0375
0 0.684375 0.40625 0.0953125 0.0828125
0 0.3625 0.31875 0.09375 0.0578125
0 0.6671875 0.3453125 0.09375 0.0671875
0 0.5453125 0.3109375 0.09375 0.0515625