2 0.5015625 0.121875 0.190625 0.1265625
2 0.225 0.24375 0.153125 0.1484375
2 0.7890625 0.721875 0.153125 0.1671875
2 0.103125 0.5015625 0.1109375 0.175
2 0.74375 0.221875 0.1515625 0.1265625
2 0.865625 0.4453125 0.1171875 0.1671875
2 0.5078125 0.8875 0.1609375 0.1
2 0.2234375 0.778125 0.1359375 0.1265625
2 0.4609375 0.34375 0.1046875 0.0953125
2 0.6640625 0.575 0.0828125 0.115625
2 0.3328125 0.45 0.08125 0.096875
2 0.3546875 0.6359375 0.1015625 0.103125
2 0.6375 0.41875 0.1078125 0.0859375
2 0.521875 0.6875 0.109375 0.09375
2 0.44375 0.4875 0.0828125 0.08125
2 0.5421875 0.4671875 0.0734375 0.078125
2 0.4953125 0.565625 0.0921875 0.0625