2 0.5515625 0.828125 0.234375 0.18125
2 0.4375 0.603125 0.2109375 0.159375
2 0.7953125 0.709375 0.2390625 0.1265625
2 0.1390625 0.525 0.2375 0.175
2 0.2265625 0.7640625 0.1984375 0.1484375
2 0.646875 0.4609375 0.16875 0.1609375
2 0.828125 0.3625 0.18125 0.125
2 0.15 0.35 0.1640625 0.1453125
2 0.340625 0.3625 0.1625 0.13125
2 0.5046875 0.128125 0.1359375 0.1125
2 0.2609375 0.1828125 0.146875 0.096875
2 0.6484375 0.18125 0.15625 0.10625
2 0.453125 0.240625 0.146875 0.096875
2 0.7546875 0.24375 0.15625 0.115625
2 0.88125 0.521875 0.1984375 0.1265625