4 0.571875 0.6375 0.153125 0.1875
4 0.359375 0.63125 0.1296875 0.20625
4 0.765625 0.6484375 0.1796875 0.16875
4 0.1171875 0.6296875 0.1609375 0.175
4 0.671875 0.475 0.128125 0.128125
4 0.85 0.4875 0.1421875 0.1359375
4 0.125 0.4859375 0.1578125 0.121875
4 0.4515625 0.48125 0.115625 0.125
4 0.15 0.328125 0.1328125 0.096875
4 0.303125 0.48125 0.146875 0.1171875
4 0.51875 0.3828125 0.14375 0.115625
4 0.8875 0.3953125 0.1578125 0.1140625
4 0.91875 0.325 0.1375 0.0984375
4 0.5921875 0.3140625 0.1296875 0.0984375
4 0.4421875 0.315625 0.1359375 0.0890625
4 0.7578125 0.3234375 0.1375 0.0875
4 0.2953125 0.31875 0.125 0.0859375
4 0.18125 0.4 0.1 0.11875
4 0.334375 0.3890625 0.1515625 0.0859375
4 0.7171875 0.390625 0.125 0.109375