1 0.85625 0.4875 0.225 0.15
1 0.6609375 0.5875 0.2234375 0.1625
1 0.6546875 0.378125 0.1859375 0.1015625
1 0.484375 0.621875 0.0796875 0.0796875
1 0.653125 0.4828125 0.1265625 0.09375
1 0.4734375 0.3625 0.1140625 0.06875
1 0.3265625 0.359375 0.0859375 0.0546875
1 0.3703125 0.6015625 0.0625 0.059375
1 0.215625 0.40625 0.0734375 0.0453125
1 0.3203125 0.415625 0.0703125 0.0484375
1 0.58125 0.4171875 0.0921875 0.05625
1 0.521875 0.45625 0.08125 0.0578125
1 0.11875 0.4484375 0.065625 0.046875
1 0.2734375 0.575 0.0625 0.0515625
1 0.415625 0.440625 0.0828125 0.0578125
1 0.2140625 0.4515625 0.0671875 0.04375
1 0.4515625 0.403125 0.071875 0.040625
1 0.1859375 0.5578125 0.0625 0.0515625
1 0.4828125 0.534375 0.078125 0.0546875
1 0.1 0.521875 0.09375 0.0546875
1 0.0390625 0.4875 0.071875 0.0453125
1 0.3640625 0.534375 0.078125 0.0578125
1 0.2890625 0.4609375 0.0515625 0.0390625
1 0.1859375 0.4921875 0.053125 0.040625
1 0.4421875 0.4875 0.0546875 0.0421875
1 0.2703125 0.5125 0.053125 0.0375
1 0.359375 0.4796875 0.0515625 0.040625