1 0.7875 0.74375 0.1484375 0.18125
1 0.28125 0.80625 0.16875 0.1734375
1 0.521875 0.24375 0.15625 0.1125
1 0.30625 0.359375 0.1375 0.16875
1 0.4125 0.1078125 0.13125 0.1015625
1 0.471875 0.4578125 0.1328125 0.178125
1 0.6234375 0.1125 0.16875 0.1109375
1 0.646875 0.528125 0.14375 0.18125
1 0.2125 0.221875 0.128125 0.1125
1 0.796875 0.2015625 0.11875 0.1125
1 0.1125 0.6171875 0.11875 0.146875
1 0.10625 0.409375 0.1 0.14375
1 0.88125 0.553125 0.10625 0.14375
1 0.896875 0.3625 0.1015625 0.140625
1 0.565625 0.8390625 0.16875 0.15
1 0.465625 0.6953125 0.165625 0.128125
1 0.3 0.559375 0.1265625 0.121875
1 0.696875 0.3359375 0.13125 0.1