0 0.109375 0.465625 0.15625 0.1125
0 0.2984375 0.884375 0.13125 0.10625
0 0.2875 0.46875 0.159375 0.1109375
0 0.253125 0.1125 0.1375 0.115625
0 0.690625 0.6875 0.1546875 0.09375
0 0.7734375 0.103125 0.33125 0.103125
0 0.665625 0.88125 0.16875 0.1296875
0 0.2890625 0.6828125 0.1640625 0.0984375
0 0.865625 0.884375 0.1640625 0.125
0 0.109375 0.678125 0.1609375 0.09375
0 0.2796875 0.284375 0.1546875 0.1015625
0 0.1 0.28125 0.15 0.1
0 0.109375 0.121875 0.1328125 0.10625
0 0.6890625 0.4578125 0.15 0.1265625
0 0.859375 0.45625 0.15 0.128125
0 0.6765625 0.278125 0.1765625 0.125
0 0.125 0.8828125 0.13125 0.1109375
0 0.6890625 0.103125 0.1625 0.096875
0 0.8609375 0.275 0.175 0.128125
0 0.85625 0.684375 0.1546875 0.09375
0 0.85625 0.103125 0.1625 0.0984375
0 0.76875 0.275 0.3609375 0.13125