4 0.9359375 0.4546875 0.1125 0.0984375
4 0.7171875 0.7296875 0.1671875 0.1109375
4 0.3203125 0.3078125 0.1234375 0.071875
4 0.296875 0.728125 0.1921875 0.1078125
4 0.0859375 0.475 0.1078125 0.090625
4 0.6875 0.29375 0.11875 0.0703125
4 0.65 0.59375 0.10625 0.0875
4 0.403125 0.58125 0.1171875 0.0859375
4 0.7546875 0.46875 0.08125 0.06875
4 0.3640625 0.3859375 0.0953125 0.0640625
4 0.2796875 0.496875 0.075 0.08125
4 0.684375 0.3671875 0.1046875 0.0625
4 0.4578125 0.4078125 0.0734375 0.053125
4 0.503125 0.53125 0.0875 0.046875
4 0.61875 0.471875 0.0609375 0.0578125
4 0.575 0.403125 0.075 0.0421875
4 0.39375 0.4859375 0.05 0.059375