2 0.3921875 0.534375 0.18125 0.165625
2 0.4609375 0.759375 0.15 0.2046875
2 0.240625 0.725 0.1421875 0.2078125
2 0.890625 0.5046875 0.1859375 0.1265625
2 0.671875 0.7375 0.175 0.20625
2 0.2859375 0.3609375 0.153125 0.1375
2 0.09375 0.4046875 0.153125 0.14375
2 0.4234375 0.209375 0.1203125 0.1234375
2 0.70625 0.428125 0.1484375 0.1375
2 0.7984375 0.6390625 0.18125 0.19375
2 0.7984375 0.2859375 0.1265625 0.11875
2 0.209375 0.240625 0.10625 0.1109375
2 0.09375 0.5859375 0.1453125 0.171875
2 0.590625 0.2078125 0.159375 0.109375
2 0.553125 0.3265625 0.140625 0.1140625