0 0.3171875 0.60625 0.296875 0.16875
0 0.703125 0.615625 0.2625 0.209375
0 0.5453125 0.4671875 0.190625 0.125
0 0.1015625 0.509375 0.18125 0.153125
0 0.6078125 0.3046875 0.1328125 0.053125
0 0.34375 0.41875 0.153125 0.09375
0 0.2625 0.3375 0.1484375 0.0671875
0 0.7609375 0.3484375 0.1546875 0.06875
0 0.665625 0.3828125 0.134375 0.0890625
0 0.8890625 0.503125 0.196875 0.13125
0 0.1203125 0.4046875 0.15 0.1
0 0.478125 0.3546875 0.10625 0.084375
0 0.421875 0.30625 0.128125 0.053125
0 0.8953125 0.415625 0.1578125 0.103125