4 0.5828125 0.6953125 0.275 0.2625
4 0.303125 0.5203125 0.196875 0.18125
4 0.571875 0.446875 0.234375 0.1765625
4 0.0953125 0.265625 0.146875 0.0875
4 0.8 0.4625 0.178125 0.1234375
4 0.1921875 0.3703125 0.165625 0.13125
4 0.265625 0.25 0.1234375 0.08125
4 0.434375 0.3375 0.1921875 0.128125
4 0.8890625 0.253125 0.10625 0.08125
4 0.65 0.3328125 0.165625 0.1234375
4 0.4125 0.2484375 0.128125 0.0859375
4 0.7359375 0.253125 0.1296875 0.08125
4 0.575 0.2484375 0.125 0.090625
4 0.8390625 0.3328125 0.1359375 0.10625