0 0.40625 0.35625 0.084375 0.053125
0 0.59375 0.7 0.128125 0.084375
0 0.3328125 0.678125 0.125 0.0828125
0 0.5 0.4046875 0.09375 0.0625
0 0.7859375 0.621875 0.1203125 0.08125
0 0.40625 0.58125 0.1125 0.0671875
0 0.6796875 0.5046875 0.1046875 0.0671875
0 0.1734375 0.434375 0.09375 0.059375
0 0.6921875 0.371875 0.0875 0.0578125
0 0.5671875 0.5734375 0.1125 0.065625
0 0.359375 0.4375 0.09375 0.0609375
0 0.303125 0.5046875 0.10625 0.0671875
0 0.5375 0.34375 0.0859375 0.05625
0 0.846875 0.5171875 0.1078125 0.0671875
0 0.15625 0.609375 0.115625 0.071875
0 0.5046875 0.48125 0.1 0.071875
0 0.121875 0.5203125 0.1046875 0.0609375
0 0.796875 0.434375 0.096875 0.0625
0 0.621875 0.4375 0.09375 0.0609375
0 0.259375 0.3828125 0.0890625 0.0578125