2 0.2578125 0.5515625 0.165625 0.065625
2 0.6375 0.5984375 0.1609375 0.090625
2 0.9 0.5828125 0.1078125 0.059375
2 0.334375 0.6296875 0.159375 0.0734375
2 0.2140625 0.4828125 0.15625 0.05625
2 0.5453125 0.534375 0.121875 0.0578125
2 0.4890625 0.484375 0.1375 0.059375
2 0.175 0.4328125 0.1734375 0.0640625
2 0.840625 0.53125 0.09375 0.05
2 0.328125 0.3828125 0.1125 0.053125
2 0.40625 0.4109375 0.1359375 0.059375
2 0.5640625 0.3984375 0.1203125 0.0484375
2 0.6375 0.4296875 0.128125 0.0546875
2 0.7140625 0.4640625 0.1046875 0.040625
2 0.76875 0.5 0.08125 0.0359375
2 0.440625 0.44375 0.1125 0.04375
2 0.1484375 0.39375 0.146875 0.0625
2 0.1375 0.371875 0.159375 0.05625