0 0.134375 0.703125 0.1875 0.1546875
0 0.290625 0.659375 0.1890625 0.1421875
0 0.43125 0.61875 0.1875 0.1140625
0 0.5609375 0.5921875 0.18125 0.10625
0 0.8796875 0.44375 0.1546875 0.05625
0 0.659375 0.371875 0.171875 0.0625
0 0.6625 0.578125 0.140625 0.0734375
0 0.915625 0.5046875 0.0796875 0.0671875
0 0.7609375 0.4140625 0.175 0.0640625
0 0.153125 0.2546875 0.1265625 0.075
0 0.784375 0.546875 0.1796875 0.075
0 0.5578125 0.34375 0.1515625 0.06875
0 0.2703125 0.275 0.159375 0.0640625
0 0.3625 0.2890625 0.171875 0.0625
0 0.446875 0.315625 0.1375 0.0625