2 0.53125 0.153125 0.26875 0.171875
2 0.165625 0.203125 0.30625 0.259375
2 0.846875 0.1890625 0.2046875 0.2171875
2 0.2 0.3765625 0.225 0.2015625
2 0.4203125 0.403125 0.1984375 0.134375
2 0.7765625 0.3609375 0.1703125 0.171875
2 0.63125 0.4140625 0.15 0.13125
2 0.228125 0.5515625 0.15625 0.1484375
2 0.5171875 0.521875 0.16875 0.121875
2 0.1125 0.6984375 0.1046875 0.115625
2 0.8 0.5578125 0.128125 0.13125
2 0.1546875 0.821875 0.103125 0.0875
2 0.39375 0.58125 0.09375 0.103125
2 0.4671875 0.6890625 0.125 0.0796875
2 0.465625 0.7859375 0.11875 0.0796875
2 0.303125 0.78125 0.109375 0.065625
2 0.2984375 0.665625 0.109375 0.065625
2 0.7015625 0.6203125 0.078125 0.053125
2 0.7375 0.8140625 0.078125 0.0703125
2 0.7109375 0.709375 0.075 0.0640625
2 0.6046875 0.6203125 0.0734375 0.0546875
2 0.6484375 0.7703125 0.0703125 0.046875
2 0.7984375 0.68125 0.075 0.0578125
2 0.959375 0.78125 0.05625 0.078125
2 0.9015625 0.6921875 0.075 0.059375
2 0.65 0.8421875 0.0546875 0.0390625
2 0.6296875 0.675 0.0515625 0.0421875
2 0.79375 0.74375 0.04375 0.046875
2 0.8703125 0.73125 0.0484375 0.040625
2 0.578125 0.74375 0.046875 0.0359375
2 0.8375 0.7796875 0.04375 0.0421875
2 0.8671875 0.83125 0.0390625 0.0359375
2 0.81875 0.8515625 0.0296875 0.0390625
2 0.9078125 0.7890625 0.0359375 0.034375