2 0.253125 0.1375 0.49375 0.2375
2 0.7546875 0.1296875 0.475 0.2265625
2 0.1140625 0.475 0.1703125 0.190625
2 0.3625 0.5 0.1375 0.2203125
2 0.275 0.315625 0.2875 0.14375
2 0.70625 0.3140625 0.225 0.153125
2 0.653125 0.496875 0.1828125 0.128125
2 0.8578125 0.4671875 0.103125 0.20625
2 0.853125 0.684375 0.15 0.0984375
2 0.6640625 0.815625 0.1859375 0.10625
2 0.6671875 0.6796875 0.1671875 0.090625
2 0.8734375 0.95 0.1796875 0.0875
2 0.8640625 0.80625 0.175 0.0796875
2 0.6625 0.940625 0.175 0.096875
2 0.3578125 0.6578125 0.0765625 0.0390625
2 0.4703125 0.659375 0.06875 0.0390625
2 0.46875 0.7234375 0.0625 0.04375
2 0.3515625 0.725 0.0703125 0.034375
2 0.475 0.9078125 0.0765625 0.0375
2 0.3515625 0.784375 0.0703125 0.04375
2 0.471875 0.78125 0.071875 0.040625
2 0.4734375 0.840625 0.071875 0.0453125
2 0.4796875 0.965625 0.075 0.0375
2 0.05625 0.725 0.06875 0.03125
2 0.3515625 0.8453125 0.06875 0.0375
2 0.184375 0.66875 0.0640625 0.0359375
2 0.0578125 0.775 0.0625 0.0359375
2 0.3484375 0.90625 0.0609375 0.040625
2 0.059375 0.6703125 0.0625 0.03125
2 0.35 0.965625 0.0625 0.0390625
2 0.1875 0.925 0.0609375 0.0375
2 0.1875 0.7203125 0.0671875 0.0296875
2 0.184375 0.821875 0.0640625 0.0375
2 0.184375 0.875 0.0625 0.03125
2 0.1828125 0.775 0.05625 0.0359375
2 0.059375 0.91875 0.0625 0.034375
2 0.059375 0.8203125 0.0625 0.03125
2 0.0609375 0.9671875 0.0625 0.0421875
2 0.05625 0.8703125 0.0625 0.0390625
2 0.1859375 0.971875 0.0609375 0.03125