1 0.384375 0.70625 0.2125 0.1453125
1 0.71875 0.7 0.1921875 0.165625
1 0.1296875 0.3828125 0.1671875 0.1375
1 0.153125 0.5984375 0.146875 0.165625
1 0.3390625 0.2296875 0.1765625 0.121875
1 0.884375 0.559375 0.1125 0.14375
1 0.6375 0.2171875 0.1625 0.0921875
1 0.496875 0.309375 0.1359375 0.1
1 0.8921875 0.359375 0.15625 0.1375
1 0.4515625 0.5578125 0.15625 0.1171875
1 0.6109375 0.5515625 0.1359375 0.11875
1 0.3625 0.378125 0.125 0.10625
1 0.703125 0.465625 0.0828125 0.1125
1 0.6375 0.3640625 0.10625 0.09375
1 0.334375 0.484375 0.10625 0.11875