0 0.8640625 0.6484375 0.103125 0.0828125
0 0.703125 0.6328125 0.0921875 0.0875
0 0.234375 0.6453125 0.090625 0.0859375
0 0.378125 0.6078125 0.09375 0.075
0 0.678125 0.4171875 0.075 0.0453125
0 0.4796875 0.5234375 0.0984375 0.046875
0 0.571875 0.6109375 0.09375 0.0953125
0 0.1078125 0.6296875 0.08125 0.08125
0 0.309375 0.4203125 0.0671875 0.0453125
0 0.2203125 0.478125 0.075 0.0578125
0 0.4265625 0.39375 0.0765625 0.04375
0 0.8125 0.54375 0.06875 0.06875
0 0.75 0.4796875 0.075 0.0609375
0 0.540625 0.3921875 0.0765625 0.0359375
0 0.30625 0.51875 0.08125 0.0640625
0 0.60625 0.4578125 0.08125 0.0515625
0 0.3875 0.4515625 0.075 0.0515625
0 0.153125 0.5515625 0.084375 0.0734375
0 0.6734375 0.534375 0.0765625 0.06875
0 0.490625 0.44375 0.0796875 0.04375