0 0.484 0.581 0.15 0.086
0 0.088 0.455 0.102 0.054
0 0.689 0.647 0.168 0.104
0 0.314 0.534 0.122 0.072
0 0.767 0.561 0.14 0.076
0 0.334 0.436 0.11 0.054
0 0.208 0.491 0.108 0.066
0 0.711 0.453 0.1 0.05
0 0.208 0.419 0.082 0.038
0 0.339 0.372 0.06 0.04
0 0.934 0.372 0.054 0.032
0 0.57 0.43 0.094 0.04
0 0.892 0.413 0.07 0.04
0 0.856 0.481 0.082 0.044
0 0.603 0.516 0.142 0.068
0 0.448 0.477 0.096 0.054
0 0.461 0.344 0.062 0.026
0 0.775 0.402 0.068 0.044
0 0.584 0.305 0.044 0.022
0 0.691 0.331 0.046 0.026
0 0.645 0.38 0.072 0.032
0 0.456 0.4 0.072 0.04
0 0.819 0.353 0.05 0.03
0 0.553 0.359 0.068 0.032