4 0.321875 0.64375 0.184375 0.1484375
4 0.628125 0.63125 0.19375 0.1546875
4 0.821875 0.56875 0.159375 0.1328125
4 0.4671875 0.5109375 0.15 0.1234375
4 0.3671875 0.3671875 0.109375 0.078125
4 0.15 0.5703125 0.178125 0.14375
4 0.2234375 0.3578125 0.1 0.0765625
4 0.9203125 0.471875 0.1359375 0.1171875
4 0.278125 0.4453125 0.1265625 0.103125
4 0.85625 0.3875 0.109375 0.075
4 0.4859375 0.421875 0.125 0.0890625
4 0.7078125 0.4625 0.13125 0.103125
4 0.6125 0.309375 0.0859375 0.0625
4 0.48125 0.309375 0.0953125 0.0546875
4 0.1234375 0.415625 0.1109375 0.0796875
4 0.5375 0.35625 0.1140625 0.0671875
4 0.08125 0.49375 0.1375 0.090625
4 0.734375 0.3375 0.0953125 0.0609375
4 0.69375 0.384375 0.1109375 0.0796875
4 0.3546875 0.3234375 0.08125 0.05