2 0.79375 0.834375 0.11875 0.1140625
2 0.3453125 0.0828125 0.1109375 0.06875
2 0.921875 0.6828125 0.084375 0.1171875
2 0.1140625 0.7375 0.1125 0.1265625
2 0.61875 0.9296875 0.121875 0.1015625
2 0.5046875 0.0609375 0.1125 0.078125
2 0.2109375 0.15 0.1125 0.1
2 0.25 0.878125 0.1078125 0.1
2 0.903125 0.3390625 0.0890625 0.10625
2 0.953125 0.50625 0.075 0.11875
2 0.428125 0.934375 0.11875 0.0828125
2 0.103125 0.2671875 0.096875 0.11875
2 0.659375 0.09375 0.11875 0.0875
2 0.8171875 0.19375 0.1171875 0.1
2 0.0484375 0.415625 0.075 0.1234375
2 0.0484375 0.5703125 0.075 0.1109375