3 0.7375 0.1875 0.4296875 0.2
3 0.2828125 0.2046875 0.45625 0.1953125
3 0.1328125 0.3703125 0.2109375 0.1375
3 0.865625 0.359375 0.225 0.1421875
3 0.359375 0.371875 0.228125 0.1375
3 0.628125 0.36875 0.275 0.125
3 0.5375 0.58125 0.1671875 0.103125
3 0.621875 0.5 0.134375 0.065625
3 0.8 0.64375 0.0890625 0.0734375
3 0.4625 0.665625 0.084375 0.0546875
3 0.7140625 0.7796875 0.115625 0.06875
3 0.4921875 0.496875 0.1125 0.0515625
3 0.28125 0.565625 0.075 0.046875
3 0.5796875 0.8359375 0.109375 0.0671875
3 0.684375 0.6046875 0.121875 0.0578125
3 0.2765625 0.8265625 0.084375 0.059375
3 0.3875 0.6375 0.075 0.053125
3 0.6734375 0.68125 0.090625 0.0515625
3 0.3140625 0.5171875 0.06875 0.0453125
3 0.2640625 0.65625 0.071875 0.0453125
3 0.1640625 0.58125 0.065625 0.040625
3 0.059375 0.659375 0.05625 0.046875
3 0.390625 0.5828125 0.071875 0.05
3 0.1859375 0.775 0.0640625 0.0421875
3 0.4734375 0.7875 0.0890625 0.05625
3 0.4078125 0.8390625 0.078125 0.0546875
3 0.3484375 0.7734375 0.0796875 0.04375
3 0.8015625 0.71875 0.08125 0.0515625
3 0.16875 0.68125 0.0546875 0.040625
3 0.0859375 0.71875 0.05625 0.0421875
3 0.5765625 0.753125 0.0859375 0.046875
3 0.0703125 0.603125 0.0546875 0.0390625
3 0.25625 0.715625 0.0609375 0.0390625
3 0.175 0.5390625 0.053125 0.0390625
3 0.0984375 0.5515625 0.0515625 0.0390625
3 0.4265625 0.7234375 0.0765625 0.0390625
3 0.14375 0.6375 0.05 0.0359375
3 0.5625 0.6953125 0.08125 0.0375
3 0.325 0.6875 0.0546875 0.0375
3 0.2421875 0.5375 0.053125 0.0375
3 0.215625 0.6125 0.0453125 0.0359375
3 0.3046875 0.60625 0.05 0.0328125
3 0.228125 0.5109375 0.0421875 0.0296875