0 0.390625 0.121875 0.1625 0.05625
0 0.7703125 0.759375 0.196875 0.14375
0 0.2546875 0.778125 0.1984375 0.1421875
0 0.509375 0.8765625 0.225 0.08125
0 0.61875 0.125 0.165625 0.053125
0 0.2109375 0.2328125 0.1484375 0.096875
0 0.78125 0.2265625 0.13125 0.0796875
0 0.43125 0.25625 0.1484375 0.071875
0 0.571875 0.6453125 0.1890625 0.09375
0 0.1234375 0.5953125 0.1125 0.175
0 0.621875 0.2828125 0.1375 0.0640625
0 0.9046875 0.378125 0.1015625 0.1515625
0 0.7546875 0.384375 0.1265625 0.125
0 0.5796875 0.3921875 0.175 0.1
0 0.5265625 0.528125 0.2 0.0828125
0 0.375 0.621875 0.1375 0.1265625
0 0.896875 0.55625 0.084375 0.1734375
0 0.403125 0.4328125 0.1125 0.1453125
0 0.14375 0.3828125 0.1109375 0.125
0 0.7390625 0.528125 0.1109375 0.11875
0 0.2703125 0.353125 0.1140625 0.1046875
0 0.2453125 0.490625 0.075 0.1234375