0 0.7859375 0.23125 0.25625 0.2046875
0 0.153125 0.6984375 0.2390625 0.278125
0 0.478125 0.0484375 0.271875 0.096875
0 0.14375 0.284375 0.2453125 0.3609375
0 0.78125 0.74375 0.240625 0.24375
0 0.9046875 0.4984375 0.1484375 0.1875
0 0.353125 0.6453125 0.16875 0.153125
0 0.6078125 0.2859375 0.2078125 0.19375
0 0.3609375 0.3078125 0.1703125 0.071875
0 0.3640625 0.43125 0.19375 0.1
0 0.5984375 0.4359375 0.14375 0.209375
0 0.35 0.534375 0.16875 0.084375
0 0.6046875 0.5828125 0.0875 0.1140625
0 0.615625 0.6890625 0.0984375 0.0765625
0 0.4765625 0.9234375 0.2640625 0.1484375