1 0.28125 0.603125 0.215625 0.1140625
1 0.6109375 0.6296875 0.2578125 0.128125
1 0.7625 0.5640625 0.21875 0.0921875
1 0.496875 0.5453125 0.165625 0.0921875
1 0.6015625 0.5 0.140625 0.0765625
1 0.38125 0.4921875 0.1203125 0.059375
1 0.165625 0.51875 0.15625 0.075
1 0.834375 0.509375 0.146875 0.0796875
1 0.7046875 0.4796875 0.125 0.05625
1 0.515625 0.4640625 0.10625 0.0515625
1 0.359375 0.45625 0.1015625 0.0421875
1 0.1640625 0.4921875 0.1109375 0.0453125
1 0.846875 0.4734375 0.13125 0.0453125
1 0.665625 0.446875 0.09375 0.0453125
1 0.55 0.4453125 0.06875 0.034375