0 0.809375 0.4375 0.19375 0.1375
0 0.9265625 0.46875 0.115625 0.078125
0 0.746875 0.6625 0.2 0.1703125
0 0.68125 0.3765625 0.1515625 0.121875
0 0.5609375 0.340625 0.2109375 0.14375
0 0.321875 0.2765625 0.2390625 0.1921875
0 0.1015625 0.490625 0.159375 0.221875
0 0.44375 0.5546875 0.21875 0.209375
0 0.625 0.615625 0.15 0.1421875
0 0.340625 0.5234375 0.2265625 0.21875
0 0.24375 0.4890625 0.24375 0.2171875
0 0.4109375 0.2875 0.1734375 0.13125
0 0.8484375 0.7 0.121875 0.09375
0 0.525 0.590625 0.1625 0.16875
0 0.4421875 0.2984375 0.109375 0.0890625