1 0.4828125 0.696875 0.2625 0.184375
1 0.853125 0.5890625 0.2046875 0.175
1 0.1234375 0.55 0.1828125 0.1453125
1 0.284375 0.46875 0.1515625 0.1375
1 0.5546875 0.509375 0.184375 0.1421875
1 0.08125 0.4 0.1359375 0.13125
1 0.503125 0.3921875 0.1625 0.090625
1 0.21875 0.2890625 0.134375 0.08125
1 0.3015625 0.346875 0.1328125 0.084375
1 0.9125 0.409375 0.15 0.1234375
1 0.615625 0.24375 0.1203125 0.06875
1 0.4140625 0.2375 0.13125 0.0625
1 0.49375 0.2890625 0.140625 0.0640625
1 0.825 0.303125 0.1421875 0.0875
1 0.6828125 0.3328125 0.1421875 0.0921875
1 0.7609375 0.4328125 0.125 0.1125