1 0.4765625 0.15 0.43125 0.275
1 0.8296875 0.315625 0.1859375 0.2453125
1 0.1484375 0.3734375 0.2375 0.2625
1 0.425 0.5421875 0.1375 0.15625
1 0.925 0.534375 0.08125 0.1125
1 0.5140625 0.43125 0.121875 0.1203125
1 0.596875 0.53125 0.1390625 0.1421875
1 0.89375 0.68125 0.075 0.1015625
1 0.784375 0.7953125 0.09375 0.11875
1 0.0859375 0.64375 0.103125 0.13125
1 0.18125 0.7828125 0.0984375 0.109375
1 0.2671875 0.8765625 0.075 0.071875
1 0.6328125 0.7625 0.0703125 0.0703125
1 0.39375 0.6765625 0.0921875 0.078125
1 0.771875 0.5859375 0.0484375 0.0859375
1 0.496875 0.7890625 0.075 0.0625
1 0.7109375 0.4453125 0.0640625 0.084375
1 0.25 0.6046875 0.059375 0.084375
1 0.7296875 0.6953125 0.065625 0.0609375
1 0.2921875 0.70625 0.059375 0.065625
1 0.38125 0.9265625 0.1015625 0.0734375
1 0.634375 0.8953125 0.125 0.0953125
1 0.5578125 0.69375 0.1171875 0.078125
1 0.4984375 0.9296875 0.0921875 0.0796875
1 0.6859375 0.6203125 0.053125 0.059375
1 0.3828125 0.778125 0.078125 0.0640625
1 0.365625 0.38125 0.084375 0.0609375
1 0.28125 0.478125 0.075 0.0703125
1 0.4859375 0.3296875 0.08125 0.05625
1 0.6265625 0.3484375 0.075 0.0625