1 0.840625 0.76875 0.1015625 0.11875
1 0.234375 0.215625 0.11875 0.0875
1 0.0984375 0.3625 0.1109375 0.090625
1 0.9 0.5765625 0.115625 0.1296875
1 0.659375 0.453125 0.125 0.109375
1 0.6125 0.6515625 0.1078125 0.1078125
1 0.4890625 0.575 0.11875 0.1078125
1 0.334375 0.275 0.11875 0.09375
1 0.7875 0.515625 0.128125 0.1171875
1 0.7265625 0.725 0.0953125 0.090625
1 0.378125 0.528125 0.10625 0.0921875
1 0.446875 0.328125 0.1234375 0.1
1 0.278125 0.4671875 0.1109375 0.084375
1 0.546875 0.3859375 0.1171875 0.103125
1 0.184375 0.4265625 0.0875 0.0828125