1 0.6375 0.134375 0.13125 0.1046875
1 0.2890625 0.1484375 0.140625 0.1
1 0.15 0.253125 0.1359375 0.09375
1 0.778125 0.215625 0.1375 0.1015625
1 0.653125 0.8796875 0.1625 0.1265625
1 0.8703125 0.3265625 0.1453125 0.1078125
1 0.0984375 0.396875 0.128125 0.09375
1 0.8984375 0.46875 0.153125 0.1140625
1 0.8359375 0.7828125 0.175 0.1109375
1 0.45625 0.084375 0.146875 0.0921875
1 0.253125 0.859375 0.146875 0.13125
1 0.89375 0.6140625 0.15 0.1078125
1 0.428125 0.909375 0.1625 0.115625
1 0.0921875 0.5625 0.140625 0.0953125
1 0.14375 0.721875 0.1328125 0.1171875