3 0.75625 0.775 0.1375 0.13125
3 0.515625 0.8859375 0.1671875 0.1125
3 0.1203125 0.3546875 0.1265625 0.1359375
3 0.25 0.7890625 0.15 0.1140625
3 0.4984375 0.334375 0.171875 0.11875
3 0.8375 0.2953125 0.11875 0.1359375
3 0.678125 0.140625 0.125 0.128125
3 0.3640625 0.4640625 0.1171875 0.1515625
3 0.278125 0.1875 0.1421875 0.1140625
3 0.475 0.1015625 0.1328125 0.1171875
3 0.109375 0.553125 0.1 0.1625
3 0.4234375 0.6359375 0.1546875 0.1109375
3 0.6515625 0.44375 0.1125 0.1578125
3 0.9 0.5171875 0.1 0.14375
3 0.5984375 0.640625 0.134375 0.1078125