1 0.4984375 0.6 0.1625 0.10625
1 0.278125 0.6421875 0.15 0.125
1 0.6703125 0.4296875 0.115625 0.08125
1 0.74375 0.553125 0.165625 0.09375
1 0.14375 0.590625 0.1 0.10625
1 0.665625 0.5 0.1453125 0.09375
1 0.325 0.534375 0.1125 0.096875
1 0.209375 0.503125 0.096875 0.0765625
1 0.8015625 0.459375 0.1171875 0.08125
1 0.8875 0.4953125 0.15 0.06875
1 0.36875 0.45 0.090625 0.06875
1 0.50625 0.5125 0.109375 0.09375
1 0.44375 0.415625 0.09375 0.0578125
1 0.5265625 0.4625 0.103125 0.0640625
1 0.3234375 0.4140625 0.08125 0.0515625
1 0.55625 0.421875 0.1171875 0.065625
1 0.39375 0.4890625 0.0765625 0.0671875
1 0.2578125 0.45625 0.0890625 0.059375