2 0.421875 0.0875 0.1625 0.10625
2 0.234375 0.771875 0.1265625 0.1296875
2 0.084375 0.54375 0.1 0.1578125
2 0.78125 0.7625 0.1203125 0.1203125
2 0.5203125 0.9 0.14375 0.0828125
2 0.159375 0.26875 0.11875 0.1359375
2 0.8171875 0.259375 0.121875 0.13125
2 0.65 0.59375 0.0875 0.0828125
2 0.3875 0.6421875 0.09375 0.0796875
2 0.3328125 0.371875 0.0875 0.1
2 0.65 0.353125 0.090625 0.1
2 0.659375 0.1046875 0.1078125 0.06875
2 0.309375 0.5203125 0.065625 0.0828125
2 0.696875 0.46875 0.0546875 0.08125
2 0.521875 0.68125 0.0765625 0.0609375
2 0.5359375 0.2671875 0.078125 0.053125
2 0.9109375 0.5359375 0.059375 0.109375
2 0.4265625 0.2828125 0.0734375 0.0546875