0 0.1203125 0.8984375 0.20625 0.0984375
0 0.3640625 0.621875 0.2125 0.0890625
0 0.3640625 0.896875 0.21875 0.096875
0 0.875 0.9015625 0.190625 0.0859375
0 0.128125 0.61875 0.2140625 0.090625
0 0.175 0.090625 0.140625 0.05625
0 0.671875 0.90625 0.19375 0.09375
0 0.675 0.64375 0.1859375 0.0703125
0 0.8875 0.6453125 0.190625 0.06875
0 0.3328125 0.0921875 0.1453125 0.0578125
0 0.690625 0.278125 0.159375 0.0515625
0 0.678125 0.440625 0.171875 0.0515625
0 0.86875 0.275 0.1609375 0.05625
0 0.8734375 0.440625 0.171875 0.0546875
0 0.178125 0.284375 0.1515625 0.0515625
0 0.859375 0.103125 0.1171875 0.0484375
0 0.715625 0.1015625 0.11875 0.0484375
0 0.334375 0.278125 0.146875 0.05
0 0.340625 0.4296875 0.1671875 0.065625
0 0.1625 0.428125 0.16875 0.0671875
0 0.7875 0.1015625 0.2625 0.05