2 0.6578125 0.68125 0.2421875 0.10625
2 0.8953125 0.6125 0.18125 0.08125
2 0.509375 0.6546875 0.203125 0.08125
2 0.76875 0.5828125 0.175 0.06875
2 0.4171875 0.61875 0.196875 0.0734375
2 0.675 0.5625 0.1546875 0.059375
2 0.5734375 0.54375 0.1546875 0.0546875
2 0.334375 0.59375 0.1734375 0.0546875
2 0.4921875 0.5296875 0.10625 0.046875
2 0.44375 0.51875 0.115625 0.046875
2 0.215625 0.559375 0.1234375 0.0515625
2 0.065625 0.509375 0.115625 0.040625
2 0.11875 0.534375 0.115625 0.0453125
2 0.3859375 0.5078125 0.10625 0.04375
2 0.1703125 0.5421875 0.1171875 0.0484375
2 0.2796875 0.5734375 0.1734375 0.0578125
2 0.2765625 0.4875 0.1 0.0359375
2 0.3421875 0.496875 0.0921875 0.0390625
2 0.08125 0.5265625 0.096875 0.0390625
2 0.3 0.490625 0.0625 0.03125