2 0.3359375 0.7078125 0.2078125 0.21875
2 0.6203125 0.709375 0.16875 0.234375
2 0.36875 0.4015625 0.165625 0.14375
2 0.840625 0.5875 0.23125 0.1859375
2 0.6171875 0.3875 0.1546875 0.14375
2 0.3265625 0.2625 0.115625 0.1
2 0.515625 0.2390625 0.1015625 0.1015625
2 0.84375 0.31875 0.1875 0.1140625
2 0.690625 0.2484375 0.1109375 0.1171875
2 0.503125 0.525 0.228125 0.1359375
2 0.1359375 0.575 0.228125 0.1828125
2 0.178125 0.321875 0.1609375 0.1015625
2 0.1 0.43125 0.175 0.125
2 0.8875 0.4484375 0.1890625 0.125