2 0.2875 0.665625 0.1765625 0.228125
2 0.4984375 0.6140625 0.13125 0.203125
2 0.7109375 0.63125 0.134375 0.221875
2 0.80625 0.4578125 0.1515625 0.165625
2 0.075 0.3359375 0.14375 0.1125
2 0.4890625 0.421875 0.1125 0.146875
2 0.1515625 0.4671875 0.14375 0.1734375
2 0.3984375 0.278125 0.1125 0.1125
2 0.7390625 0.3015625 0.1390625 0.121875
2 0.928125 0.35 0.134375 0.1125
2 0.5609375 0.2828125 0.1 0.1234375
2 0.2578125 0.2953125 0.0875 0.1078125
2 0.64375 0.4265625 0.1125 0.1359375
2 0.315625 0.421875 0.11875 0.146875