2 0.13125 0.6609375 0.15 0.2484375
2 0.759375 0.6640625 0.1171875 0.240625
2 0.8765625 0.6625 0.1296875 0.25
2 0.2203125 0.2703125 0.075 0.1265625
2 0.1359375 0.2703125 0.053125 0.13125
2 0.4 0.271875 0.05625 0.125
2 0.3078125 0.2765625 0.0609375 0.11875
2 0.9 0.296875 0.040625 0.0796875
2 0.846875 0.29375 0.040625 0.08125
2 0.784375 0.2921875 0.0359375 0.0828125
2 0.6734375 0.425 0.0328125 0.06875
2 0.7234375 0.2921875 0.0390625 0.08125
2 0.665625 0.2890625 0.0359375 0.0828125
2 0.1328125 0.4265625 0.04375 0.0671875
2 0.2 0.425 0.034375 0.06875
2 0.73125 0.428125 0.03125 0.0671875
2 0.278125 0.428125 0.0390625 0.0671875
2 0.465625 0.29375 0.0359375 0.0765625
2 0.6046875 0.290625 0.0375 0.078125
2 0.41875 0.428125 0.028125 0.0671875
2 0.325 0.56875 0.0296875 0.0578125
2 0.346875 0.4296875 0.0390625 0.0671875
2 0.553125 0.4296875 0.0359375 0.065625
2 0.790625 0.428125 0.040625 0.0671875
2 0.6171875 0.4265625 0.034375 0.0671875
2 0.6359375 0.5625 0.03125 0.0609375
2 0.5703125 0.565625 0.0328125 0.059375
2 0.51875 0.6609375 0.0359375 0.0578125
2 0.5875 0.6578125 0.025 0.05625
2 0.5390625 0.29375 0.0359375 0.075
2 0.571875 0.75625 0.034375 0.0578125
2 0.25 0.5671875 0.034375 0.05625
2 0.446875 0.565625 0.025 0.05625
2 0.4375 0.659375 0.025 0.0578125
2 0.48125 0.759375 0.0296875 0.0546875
2 0.6421875 0.759375 0.0375 0.05625
2 0.3140625 0.759375 0.0296875 0.059375
2 0.8515625 0.4296875 0.03125 0.0640625
2 0.3875 0.565625 0.028125 0.05625
2 0.6515625 0.659375 0.03125 0.053125
2 0.4828125 0.4296875 0.0390625 0.0671875
2 0.3875 0.7609375 0.0359375 0.0546875
2 0.5046875 0.565625 0.03125 0.05625
2 0.28125 0.6625 0.03125 0.053125
2 0.2140625 0.659375 0.0421875 0.0625
2 0.253125 0.759375 0.0265625 0.0625
2 0.35625 0.659375 0.0296875 0.0609375