1 0.378125 0.0796875 0.1890625 0.15625
1 0.809375 0.2515625 0.2015625 0.175
1 0.19375 0.2296875 0.1828125 0.1875
1 0.6046875 0.0828125 0.1859375 0.140625
1 0.25625 0.8265625 0.16875 0.184375
1 0.8796875 0.6890625 0.1515625 0.1953125
1 0.096875 0.65625 0.1375 0.16875
1 0.5125 0.371875 0.19375 0.1078125
1 0.91875 0.46875 0.153125 0.215625
1 0.515625 0.615625 0.16875 0.125
1 0.49375 0.9265625 0.184375 0.1359375
1 0.7203125 0.871875 0.15 0.1515625
1 0.0890625 0.428125 0.175 0.175
1 0.3984375 0.4984375 0.128125 0.1703125
1 0.615625 0.4859375 0.11875 0.15