4 0.8375 0.65 0.253125 0.20625
4 0.621875 0.53125 0.2546875 0.13125
4 0.3 0.5953125 0.21875 0.140625
4 0.11875 0.50625 0.184375 0.11875
4 0.865625 0.471875 0.209375 0.1140625
4 0.2140625 0.3859375 0.1015625 0.05625
4 0.5953125 0.3515625 0.1484375 0.065625
4 0.7875 0.378125 0.1625 0.078125
4 0.2140625 0.440625 0.1078125 0.05625
4 0.7265625 0.4234375 0.1078125 0.0578125
4 0.3734375 0.5046875 0.096875 0.078125
4 0.3515625 0.3921875 0.121875 0.05625
4 0.4125 0.43125 0.1 0.075
4 0.40625 0.353125 0.0953125 0.0515625
4 0.5703125 0.4453125 0.1015625 0.0828125
4 0.4984375 0.390625 0.0953125 0.046875
4 0.6296875 0.496875 0.1640625 0.059375
4 0.603125 0.4046875 0.0875 0.0390625