0 0.1 0.4375 0.0734375 0.1203125
0 0.096875 0.5671875 0.1 0.1171875
0 0.2609375 0.5515625 0.1078125 0.1265625
0 0.2125 0.44375 0.0796875 0.0828125
0 0.7875 0.44375 0.0703125 0.0890625
0 0.8609375 0.6546875 0.1328125 0.121875
0 0.396875 0.415625 0.0875 0.09375
0 0.2234375 0.6765625 0.121875 0.0984375
0 0.8609375 0.371875 0.06875 0.0875
0 0.7625 0.55625 0.10625 0.084375
0 0.9125 0.5515625 0.096875 0.09375
0 0.159375 0.3625 0.0765625 0.071875
0 0.715625 0.340625 0.075 0.0875
0 0.659375 0.6359375 0.128125 0.096875
0 0.24375 0.2921875 0.0890625 0.0703125
0 0.9171875 0.4609375 0.0859375 0.075
0 0.5703125 0.509375 0.14375 0.0734375
0 0.79375 0.3125 0.090625 0.08125
0 0.4640625 0.6359375 0.13125 0.0796875
0 0.35625 0.253125 0.08125 0.0609375
0 0.525 0.425 0.1078125 0.075
0 0.684375 0.7203125 0.1671875 0.1
0 0.69375 0.2640625 0.0953125 0.0640625
0 0.2828125 0.3484375 0.1 0.06875
0 0.43125 0.7390625 0.1734375 0.1
0 0.4375 0.2875 0.1125 0.05625
0 0.5921875 0.2828125 0.121875 0.0671875
0 0.4671875 0.2296875 0.09375 0.0578125
0 0.5828125 0.3671875 0.1171875 0.05625
0 0.575 0.2359375 0.0953125 0.046875