0 0.728125 0.109375 0.2515625 0.103125
0 0.3140625 0.45625 0.4734375 0.08125
0 0.78125 0.809375 0.353125 0.109375
0 0.30625 0.559375 0.4875 0.09375
0 0.79375 0.69375 0.3453125 0.115625
0 0.2875 0.16875 0.1921875 0.05625
0 0.2875 0.259375 0.209375 0.053125
0 0.2875 0.3515625 0.278125 0.059375
0 0.7703125 0.56875 0.340625 0.0734375
0 0.3046875 0.6828125 0.4265625 0.1203125
0 0.740625 0.2046875 0.2265625 0.05
0 0.7609375 0.29375 0.2703125 0.0453125
0 0.775 0.46875 0.1984375 0.0703125
0 0.3 0.8046875 0.4875 0.128125
0 0.75625 0.3796875 0.228125 0.0640625