2 0.475 0.3515625 0.353125 0.0796875
2 0.4984375 0.646875 0.31875 0.08125
2 0.4953125 0.4984375 0.3359375 0.05625
2 0.678125 0.196875 0.175 0.1375
2 0.815625 0.3453125 0.1171875 0.1796875
2 0.2671875 0.2296875 0.16875 0.1484375
2 0.6140625 0.8453125 0.125 0.071875
2 0.2421875 0.13125 0.0953125 0.075
2 0.3078125 0.809375 0.1203125 0.084375
2 0.19375 0.69375 0.090625 0.11875
2 0.359375 0.0765625 0.09375 0.0515625
2 0.459375 0.8578125 0.1234375 0.04375
2 0.146875 0.21875 0.075 0.08125
2 0.8 0.1625 0.065625 0.059375
2 0.865625 0.23125 0.05625 0.0703125
2 0.471875 0.1421875 0.19375 0.053125
2 0.728125 0.1078125 0.0625 0.04375
2 0.4953125 0.2390625 0.0953125 0.03125
2 0.6515625 0.0703125 0.06875 0.0421875
2 0.4625 0.8609375 0.125 0.04375
2 0.915625 0.3171875 0.04375 0.06875
2 0.0890625 0.328125 0.0625 0.09375
2 0.559375 0.0484375 0.0671875 0.028125
2 0.46875 0.05 0.065625 0.025
2 0.8375 0.66875 0.06875 0.1171875
2 0.1046875 0.703125 0.05625 0.09375
2 0.9375 0.5984375 0.0328125 0.0703125
2 0.94375 0.403125 0.0234375 0.0671875
2 0.234375 0.859375 0.0625 0.05625
2 0.328125 0.9125 0.06875 0.0421875
2 0.628125 0.9296875 0.065625 0.0390625
2 0.1609375 0.79375 0.0515625 0.0671875
2 0.7578125 0.4609375 0.0390625 0.0953125
2 0.740625 0.7828125 0.075 0.0640625
2 0.95 0.496875 0.021875 0.0703125
2 0.8734375 0.5171875 0.0390625 0.125
2 0.715625 0.8921875 0.0625 0.0515625
2 0.5 0.771875 0.0921875 0.03125
2 0.4296875 0.9390625 0.06875 0.0265625
2 0.7921875 0.8328125 0.0578125 0.0640625
2 0.8578125 0.76875 0.046875 0.0609375
2 0.065625 0.5828125 0.040625 0.09375
2 0.9015625 0.6921875 0.040625 0.065625
2 0.1359375 0.5453125 0.0484375 0.1234375
2 0.053125 0.4515625 0.0390625 0.096875
2 0.5265625 0.94375 0.0640625 0.028125
2 0.1484375 0.3859375 0.0484375 0.1203125
2 0.221875 0.4984375 0.0375 0.0921875