1 0.4609375 0.28125 0.225 0.24375
1 0.6796875 0.3140625 0.2359375 0.1671875
1 0.240625 0.4140625 0.1640625 0.1625
1 0.8625 0.409375 0.1984375 0.128125
1 0.078125 0.4953125 0.1140625 0.1875
1 0.4875 0.4625 0.14375 0.109375
1 0.690625 0.4515625 0.1390625 0.09375
1 0.1734375 0.678125 0.084375 0.1109375
1 0.3015625 0.5328125 0.13125 0.11875
1 0.8234375 0.5421875 0.0953125 0.0640625
1 0.659375 0.553125 0.1078125 0.0578125
1 0.2609375 0.6703125 0.0765625 0.0859375
2 0.259375 0.76875 0.0671875 0.0734375
1 0.384375 0.578125 0.0984375 0.0796875
2 0.7328125 0.6234375 0.071875 0.0453125
2 0.840625 0.6453125 0.0703125 0.04375
1 0.515625 0.56875 0.0953125 0.0546875
2 0.840625 0.7234375 0.0640625 0.0515625
2 0.721875 0.6875 0.0703125 0.0515625
1 0.371875 0.6890625 0.1015625 0.08125
1 0.590625 0.6328125 0.109375 0.065625
2 0.4859375 0.665625 0.071875 0.0484375
2 0.584375 0.7125 0.0796875 0.0484375
2 0.3921875 0.821875 0.053125 0.0453125
2 0.8046875 0.771875 0.0453125 0.0421875
2 0.3875 0.75625 0.046875 0.040625
2 0.4765625 0.7328125 0.0546875 0.0375
2 0.471875 0.8453125 0.0484375 0.0390625
2 0.5359375 0.7859375 0.0515625 0.0328125
2 0.7203125 0.79375 0.0390625 0.03125
2 0.63125 0.771875 0.040625 0.0296875
2 0.690625 0.7421875 0.0375 0.0265625
2 0.3171875 0.809375 0.034375 0.0328125
2 0.5875 0.834375 0.0390625 0.0296875