0 0.4890625 0.125 0.11875 0.0921875
0 0.6546875 0.15625 0.10625 0.0953125
0 0.303125 0.178125 0.109375 0.103125
0 0.175 0.29375 0.090625 0.10625
0 0.784375 0.259375 0.096875 0.10625
0 0.8640625 0.40625 0.0765625 0.0984375
0 0.4921875 0.375 0.1109375 0.0984375
0 0.60625 0.4875 0.0890625 0.1046875
0 0.1234375 0.45 0.09375 0.11875
0 0.859375 0.55625 0.1 0.0984375
0 0.371875 0.4546875 0.0953125 0.109375
0 0.134375 0.6078125 0.0953125 0.1140625
0 0.303125 0.821875 0.1046875 0.1
0 0.1875 0.7296875 0.090625 0.0921875
0 0.4 0.5890625 0.1109375 0.1
0 0.709375 0.8015625 0.109375 0.0921875
0 0.59375 0.8734375 0.10625 0.0890625
0 0.45 0.8828125 0.10625 0.0875
0 0.546875 0.615625 0.1015625 0.0921875
0 0.821875 0.6953125 0.09375 0.1078125