0 0.836 0.644 0.134 0.114
0 0.191 0.667 0.144 0.116
0 0.67 0.755 0.176 0.104
0 0.408 0.758 0.202 0.1
0 0.111 0.52 0.11 0.104
0 0.195 0.403 0.108 0.068
0 0.333 0.333 0.11 0.06
0 0.514 0.297 0.112 0.054
0 0.906 0.536 0.072 0.066
0 0.466 0.606 0.112 0.062
0 0.356 0.556 0.094 0.078
0 0.611 0.605 0.09 0.056
0 0.341 0.463 0.092 0.07
0 0.867 0.45 0.068 0.056
0 0.675 0.331 0.094 0.04
0 0.453 0.406 0.106 0.046
0 0.786 0.388 0.08 0.044
0 0.692 0.538 0.074 0.06
0 0.672 0.459 0.068 0.056
0 0.592 0.402 0.072 0.042
0 0.505 0.525 0.06 0.044
0 0.505 0.469 0.058 0.04
0 0.569 0.47 0.054 0.034
0 0.573 0.522 0.054 0.04