0 0.7234375 0.8875 0.1234375 0.09375
0 0.2609375 0.3796875 0.103125 0.1328125
0 0.259375 0.84375 0.1140625 0.1109375
0 0.5421875 0.93125 0.1125 0.09375
0 0.4046875 0.2234375 0.125 0.0953125
0 0.703125 0.7265625 0.1046875 0.1171875
0 0.521875 0.678125 0.14375 0.09375
0 0.56875 0.484375 0.1078125 0.0984375
0 0.328125 0.74375 0.09375 0.090625
0 0.3875 0.91875 0.1125 0.09375
0 0.409375 0.3359375 0.10625 0.08125
0 0.8078125 0.5671875 0.0828125 0.1359375
0 0.509375 0.790625 0.103125 0.08125
0 0.796875 0.1671875 0.09375 0.1
0 0.2203125 0.1625 0.0984375 0.090625
0 0.6703125 0.5625 0.0765625 0.1
0 0.575 0.353125 0.1015625 0.0984375
0 0.7234375 0.28125 0.09375 0.0953125
0 0.6671875 0.0765625 0.1234375 0.0703125
0 0.5046875 0.05625 0.0984375 0.078125
0 0.15 0.7375 0.0734375 0.1046875
0 0.8953125 0.2828125 0.0703125 0.1203125
0 0.3484375 0.084375 0.1 0.075
0 0.05625 0.4625 0.0859375 0.128125
0 0.1125 0.29375 0.09375 0.1234375
0 0.575 0.215625 0.0875 0.08125
0 0.7859375 0.40625 0.09375 0.1
0 0.4921875 0.565625 0.115625 0.059375
0 0.4171875 0.4609375 0.090625 0.075
0 0.85625 0.7890625 0.0859375 0.103125
0 0.084375 0.60625 0.075 0.1
0 0.215625 0.56875 0.05625 0.125
0 0.3609375 0.5875 0.0640625 0.1078125
0 0.953125 0.45 0.0625 0.1125
0 0.9375 0.6203125 0.0859375 0.140625