3 0.6640625 0.590625 0.246875 0.1125
3 0.4328125 0.640625 0.159375 0.10625
3 0.36875 0.3984375 0.1671875 0.071875
3 0.771875 0.375 0.1125 0.059375
3 0.6234375 0.39375 0.121875 0.0765625
3 0.3640625 0.4734375 0.1 0.0703125
3 0.66875 0.325 0.15 0.0671875
3 0.3609375 0.3296875 0.14375 0.05625
3 0.2265625 0.38125 0.1171875 0.06875
3 0.496875 0.35625 0.125 0.0453125
3 0.3125 0.559375 0.175 0.0953125
3 0.1890625 0.6625 0.1828125 0.0890625
3 0.1109375 0.5578125 0.1453125 0.090625
3 0.7671875 0.44375 0.1484375 0.0625
3 0.49375 0.5375 0.1484375 0.0671875
3 0.4953125 0.44375 0.178125 0.103125
3 0.640625 0.490625 0.1484375 0.0796875
3 0.875 0.6234375 0.15 0.10625
3 0.83125 0.5203125 0.1515625 0.0875
3 0.2109375 0.465625 0.1734375 0.0796875