2 0.2875 0.690625 0.18125 0.1359375
2 0.70625 0.70625 0.1921875 0.1390625
2 0.3265625 0.49375 0.075 0.0578125
2 0.6921875 0.4765625 0.0703125 0.0625
2 0.6640625 0.4125 0.0546875 0.0453125
2 0.15 0.40625 0.1078125 0.075
2 0.59375 0.3703125 0.0859375 0.0453125
2 0.4734375 0.35625 0.0640625 0.0296875
2 0.390625 0.3734375 0.065625 0.040625
2 0.5265625 0.29375 0.078125 0.0296875
2 0.328125 0.425 0.0671875 0.0578125
2 0.68125 0.3203125 0.1046875 0.053125
2 0.353125 0.3140625 0.115625 0.0546875
2 0.86875 0.4109375 0.08125 0.0609375
2 0.08125 0.5578125 0.1109375 0.1109375
2 0.590625 0.54375 0.08125 0.0609375
2 0.9109375 0.5515625 0.090625 0.0984375
2 0.4375 0.5546875 0.10625 0.0515625