1 0.4734375 0.1078125 0.3484375 0.184375
1 0.1890625 0.3375 0.28125 0.2609375
1 0.821875 0.3234375 0.30625 0.2828125
1 0.1421875 0.609375 0.19375 0.20625
1 0.853125 0.603125 0.178125 0.2125
1 0.503125 0.353125 0.15625 0.10625
1 0.6671875 0.4625 0.14375 0.14375
1 0.3453125 0.4703125 0.1546875 0.14375
1 0.50625 0.5125 0.1140625 0.06875
1 0.3578125 0.6140625 0.1140625 0.1046875
1 0.5125 0.609375 0.125 0.0703125
1 0.5125 0.7234375 0.128125 0.0703125
1 0.2609375 0.73125 0.0828125 0.053125
1 0.66875 0.6171875 0.121875 0.090625
1 0.7515625 0.7234375 0.084375 0.053125
1 0.3796875 0.734375 0.0828125 0.0484375
1 0.278125 0.8421875 0.0828125 0.046875
1 0.640625 0.725 0.084375 0.0546875
1 0.7 0.825 0.090625 0.059375
1 0.5515625 0.8375 0.0859375 0.0609375
1 0.30625 0.921875 0.065625 0.0421875
1 0.4046875 0.921875 0.065625 0.0390625
1 0.1984375 0.9234375 0.0640625 0.04375
1 0.525 0.9203125 0.06875 0.0390625
1 0.6296875 0.91875 0.059375 0.0390625
1 0.725 0.9234375 0.0625 0.0421875
1 0.8171875 0.9203125 0.0625 0.0375
1 0.43125 0.834375 0.0921875 0.053125