1 0.5171875 0.28125 0.4296875 0.275
1 0.70625 0.5 0.296875 0.190625
1 0.290625 0.5 0.2828125 0.25625
1 0.79375 0.190625 0.096875 0.11875
1 0.2046875 0.2015625 0.1140625 0.0875
1 0.321875 0.10625 0.10625 0.0703125
1 0.5 0.0796875 0.1265625 0.1
1 0.6625 0.1015625 0.0859375 0.08125
1 0.1171875 0.328125 0.0984375 0.084375
1 0.453125 0.771875 0.1421875 0.1625
1 0.8859375 0.33125 0.10625 0.1125
1 0.234375 0.3078125 0.0890625 0.078125
1 0.0859375 0.459375 0.1 0.1140625
1 0.6328125 0.7609375 0.1421875 0.1453125
1 0.9390625 0.4953125 0.08125 0.1078125
1 0.084375 0.609375 0.0703125 0.0734375
1 0.546875 0.659375 0.1234375 0.121875
1 0.896875 0.675 0.0765625 0.109375
1 0.2625 0.85 0.10625 0.084375
1 0.7515625 0.7 0.0734375 0.0828125
1 0.26875 0.7234375 0.0703125 0.090625
1 0.4140625 0.9109375 0.0953125 0.0734375
1 0.58125 0.9109375 0.096875 0.0765625
1 0.7234375 0.865625 0.0984375 0.0578125
1 0.8171875 0.8015625 0.0609375 0.0671875
1 0.7953125 0.34375 0.084375 0.0921875
1 0.85625 0.58125 0.078125 0.0953125
1 0.5 0.5640625 0.0859375 0.090625
1 0.3640625 0.6578125 0.0875 0.0984375
1 0.1484375 0.746875 0.0765625 0.0953125