2 0.171875 0.6078125 0.33125 0.15
2 0.815625 0.6203125 0.321875 0.1640625
2 0.2046875 0.5171875 0.2703125 0.1375
2 0.734375 0.534375 0.2421875 0.140625
2 0.66875 0.4859375 0.184375 0.103125
2 0.246875 0.4640625 0.1828125 0.1140625
2 0.2875 0.43125 0.134375 0.096875
2 0.3359375 0.3671875 0.13125 0.0609375
2 0.3234375 0.4078125 0.1234375 0.0796875
2 0.3484375 0.3859375 0.1140625 0.059375
2 0.6578125 0.4453125 0.1609375 0.0796875
2 0.63125 0.4140625 0.11875 0.06875
2 0.5921875 0.384375 0.128125 0.0625
2 0.5734375 0.3625 0.1171875 0.065625