2 0.484375 0.390625 0.2 0.096875
2 0.1921875 0.415625 0.25625 0.1078125
2 0.740625 0.4140625 0.1796875 0.1125
2 0.3953125 0.46875 0.165625 0.0984375
2 0.2078125 0.4671875 0.19375 0.103125
2 0.6921875 0.4609375 0.1484375 0.0859375
2 0.571875 0.4765625 0.1203125 0.0875
2 0.7390625 0.5375 0.1203125 0.071875
2 0.209375 0.546875 0.1484375 0.0703125
2 0.4765625 0.5203125 0.1421875 0.0828125
2 0.078125 0.6109375 0.1125 0.0765625
2 0.265625 0.590625 0.1046875 0.05
2 0.859375 0.5984375 0.0796875 0.0453125
2 0.434375 0.5984375 0.11875 0.0625
2 0.3671875 0.5546875 0.0859375 0.0578125
2 0.6546875 0.5671875 0.0765625 0.04375
2 0.259375 0.6484375 0.1140625 0.05625
2 0.9421875 0.64375 0.065625 0.05625
2 0.759375 0.5921875 0.078125 0.0453125
2 0.5609375 0.56875 0.06875 0.0421875
2 0.675 0.6109375 0.0796875 0.046875
2 0.43125 0.6578125 0.125 0.046875
2 0.0921875 0.678125 0.1203125 0.0609375
2 0.721875 0.6703125 0.0890625 0.04375
2 0.61875 0.6421875 0.0734375 0.0390625
2 0.8171875 0.6453125 0.046875 0.034375
2 0.5921875 0.6015625 0.0484375 0.0234375
2 0.8625 0.675 0.0421875 0.0296875
2 0.8359375 0.6234375 0.0578125 0.0265625
2 0.6296875 0.684375 0.05625 0.0328125
2 0.7625 0.628125 0.0453125 0.0359375
2 0.8171875 0.6890625 0.0375 0.0328125
2 0.8921875 0.653125 0.0390625 0.0234375
2 0.5453125 0.63125 0.05 0.034375