0 0.0984375 0.4234375 0.1203125 0.09375
0 0.6828125 0.0890625 0.090625 0.0625
0 0.565625 0.1515625 0.09375 0.0703125
0 0.2796875 0.3203125 0.1140625 0.0875
0 0.2109375 0.565625 0.11875 0.1
0 0.375 0.453125 0.1265625 0.096875
0 0.50625 0.3578125 0.10625 0.0828125
0 0.3125 0.678125 0.109375 0.0890625
0 0.4109375 0.79375 0.0921875 0.08125
0 0.7578125 0.20625 0.0828125 0.0609375
0 0.9140625 0.425 0.0671875 0.0609375
0 0.640625 0.28125 0.0890625 0.065625
0 0.590625 0.4828125 0.09375 0.0765625
0 0.834375 0.3125 0.075 0.05625
0 0.5453125 0.8609375 0.065625 0.059375
0 0.459375 0.5734375 0.0859375 0.0703125
0 0.69375 0.753125 0.0625 0.0578125
0 0.7203125 0.39375 0.0796875 0.05625
0 0.559375 0.678125 0.0765625 0.06875
0 0.6796875 0.584375 0.075 0.065625
0 0.8125 0.6625 0.0609375 0.053125
0 0.80625 0.5015625 0.06875 0.0625
0 0.9171875 0.5703125 0.05625 0.0515625
0 0.415625 0.23125 0.1078125 0.078125