0 0.1125 0.353125 0.153125 0.190625
0 0.8625 0.36875 0.23125 0.178125
0 0.646875 0.20625 0.265625 0.15625
0 0.35 0.1921875 0.25 0.1421875
0 0.5125 0.3640625 0.11875 0.15625
0 0.31875 0.38125 0.203125 0.1390625
0 0.68125 0.4015625 0.1828125 0.11875
0 0.8640625 0.596875 0.11875 0.1234375
0 0.44375 0.596875 0.09375 0.121875
0 0.15 0.5984375 0.0875 0.125
0 0.9328125 0.7828125 0.08125 0.1109375
0 0.29375 0.6046875 0.096875 0.115625
0 0.5796875 0.609375 0.1 0.1046875
0 0.734375 0.6015625 0.0921875 0.1234375
0 0.0703125 0.7921875 0.0796875 0.0890625
0 0.1734375 0.790625 0.09375 0.096875
0 0.8328125 0.7828125 0.08125 0.1109375
0 0.365625 0.78125 0.0703125 0.1125
0 0.4625 0.7828125 0.0765625 0.1078125
0 0.646875 0.7890625 0.075 0.1
0 0.55625 0.784375 0.06875 0.1046875
0 0.2734375 0.7921875 0.071875 0.09375
0 0.734375 0.7890625 0.0734375 0.1