0 0.091 0.505 0.118 0.108
0 0.198 0.619 0.124 0.108
0 0.228 0.358 0.11 0.1
0 0.55 0.078 0.09 0.064
0 0.334 0.261 0.1 0.074
0 0.347 0.733 0.096 0.094
0 0.353 0.469 0.112 0.1
0 0.48 0.336 0.098 0.08
0 0.441 0.163 0.092 0.074
0 0.473 0.819 0.082 0.076
0 0.691 0.353 0.084 0.064
0 0.588 0.456 0.074 0.06
0 0.469 0.595 0.078 0.072
0 0.584 0.691 0.076 0.072
0 0.675 0.152 0.074 0.054
0 0.8 0.455 0.068 0.066
0 0.784 0.261 0.062 0.052
0 0.63 0.85 0.06 0.056
0 0.889 0.359 0.062 0.05
0 0.698 0.564 0.072 0.062
0 0.584 0.233 0.084 0.062
0 0.855 0.609 0.054 0.048
0 0.95 0.497 0.05 0.05
0 0.748 0.731 0.056 0.05