0 0.1609375 0.175 0.1203125 0.10625
0 0.384375 0.1 0.134375 0.1
0 0.790625 0.175 0.10625 0.1125
0 0.8984375 0.60625 0.11875 0.128125
0 0.60625 0.090625 0.1109375 0.1015625
0 0.79375 0.81875 0.103125 0.1171875
0 0.353125 0.3171875 0.1125 0.1015625
0 0.8953125 0.378125 0.0921875 0.1109375
0 0.090625 0.3890625 0.1 0.1140625
0 0.5015625 0.4875 0.1171875 0.11875
0 0.553125 0.709375 0.1390625 0.09375
0 0.353125 0.675 0.103125 0.1125
0 0.5796875 0.3015625 0.11875 0.103125
0 0.0984375 0.5890625 0.1015625 0.1234375
0 0.5984375 0.921875 0.11875 0.1046875
0 0.2796875 0.48125 0.09375 0.1125
0 0.375 0.9203125 0.11875 0.10625
0 0.70625 0.41875 0.096875 0.125
0 0.196875 0.79375 0.096875 0.1109375
0 0.6859375 0.58125 0.09375 0.1203125