1 0.478125 0.109375 0.2390625 0.15625
1 0.2140625 0.2515625 0.203125 0.215625
1 0.7140625 0.1734375 0.15 0.14375
1 0.1171875 0.4921875 0.1578125 0.16875
1 0.8609375 0.34375 0.1375 0.1734375
1 0.6 0.3765625 0.1625 0.178125
1 0.3890625 0.3734375 0.165625 0.14375
1 0.503125 0.540625 0.15 0.165625
1 0.7828125 0.7484375 0.125 0.140625
1 0.1828125 0.7328125 0.153125 0.1734375
1 0.8859375 0.58125 0.1234375 0.15
1 0.615625 0.6296875 0.16875 0.1328125
1 0.3640625 0.640625 0.15625 0.14375
1 0.396875 0.875 0.175 0.134375
1 0.603125 0.8734375 0.1265625 0.1171875