2 0.075 0.603125 0.1109375 0.125
2 0.64375 0.5984375 0.1109375 0.134375
2 0.9203125 0.6046875 0.1078125 0.11875
2 0.3421875 0.596875 0.1015625 0.1375
2 0.13125 0.365625 0.0796875 0.090625
2 0.8796875 0.475 0.0921875 0.1
2 0.09375 0.4609375 0.0796875 0.1
2 0.35 0.2953125 0.065625 0.0875
2 0.3609375 0.375 0.0796875 0.0734375
2 0.359375 0.45625 0.084375 0.1
2 0.8078125 0.30625 0.065625 0.078125
2 0.8359375 0.38125 0.071875 0.084375
2 0.6203125 0.453125 0.09375 0.1015625
2 0.1609375 0.2921875 0.084375 0.078125
2 0.590625 0.3578125 0.075 0.090625
2 0.5796875 0.290625 0.0515625 0.0796875