0 0.8015625 0.59375 0.24375 0.1609375
0 0.4625 0.6828125 0.2375 0.11875
0 0.1421875 0.571875 0.24375 0.128125
0 0.525 0.4734375 0.2484375 0.1328125
0 0.4125 0.5203125 0.1984375 0.06875
0 0.9359375 0.446875 0.1109375 0.0953125
0 0.26875 0.409375 0.159375 0.0828125
0 0.8171875 0.3515625 0.1234375 0.06875
0 0.3109375 0.303125 0.1578125 0.059375
0 0.50625 0.2796875 0.153125 0.0484375
0 0.71875 0.415625 0.125 0.096875
0 0.6625 0.303125 0.10625 0.0359375
0 0.425 0.33125 0.1328125 0.05625
0 0.165625 0.346875 0.0921875 0.0390625
0 0.446875 0.378125 0.0890625 0.053125
0 0.596875 0.3484375 0.1546875 0.08125
0 0.090625 0.421875 0.146875 0.13125