1 0.1140625 0.59375 0.2234375 0.13125
1 0.715625 0.5953125 0.16875 0.1140625
1 0.534375 0.340625 0.1109375 0.0640625
1 0.31875 0.4265625 0.1421875 0.1015625
1 0.40625 0.5578125 0.1625 0.1125
1 0.240625 0.496875 0.13125 0.0875
1 0.553125 0.4984375 0.1203125 0.0875
1 0.665625 0.446875 0.1125 0.084375
1 0.396875 0.375 0.1171875 0.078125
1 0.509375 0.40625 0.090625 0.0578125
1 0.6890625 0.340625 0.125 0.075
1 0.6921875 0.3859375 0.11875 0.071875
1 0.85 0.5015625 0.13125 0.0984375
1 0.915625 0.45 0.15 0.0953125
1 0.85625 0.371875 0.1375 0.0890625