0 0.6203125 0.1234375 0.1234375 0.0796875
0 0.546875 0.2234375 0.1890625 0.08125
0 0.19375 0.1484375 0.0875 0.075
0 0.528125 0.3078125 0.175 0.078125
0 0.73125 0.221875 0.0984375 0.078125
0 0.70625 0.0578125 0.071875 0.053125
0 0.48125 0.1125 0.11875 0.0703125
0 0.7296875 0.3515625 0.125 0.146875
0 0.796875 0.1140625 0.06875 0.0546875
0 0.609375 0.7296875 0.184375 0.1140625
0 0.434375 0.0265625 0.1046875 0.04375
0 0.5625 0.021875 0.103125 0.040625
0 0.303125 0.0734375 0.06875 0.05625
0 0.884375 0.209375 0.065625 0.071875
0 0.3265625 0.1828125 0.1140625 0.0796875
0 0.340625 0.2625 0.1453125 0.125
0 0.409375 0.7625 0.175 0.09375
0 0.7671875 0.5578125 0.08125 0.1890625
0 0.3828125 0.625 0.153125 0.1390625
0 0.21875 0.8796875 0.08125 0.078125
0 0.325 0.825 0.1328125 0.0828125
0 0.340625 0.953125 0.0921875 0.0578125
0 0.8 0.8640625 0.0875 0.075
0 0.2265625 0.409375 0.084375 0.1765625
0 0.3578125 0.371875 0.1078125 0.1078125
0 0.5078125 0.5390625 0.1578125 0.0921875
0 0.1140625 0.259375 0.0515625 0.0796875
0 0.6375 0.8453125 0.1296875 0.0796875
0 0.521875 0.671875 0.115625 0.0640625
0 0.8734375 0.58125 0.065625 0.1578125
0 0.25625 0.6171875 0.0921875 0.184375
0 0.9015625 0.759375 0.071875 0.0796875
0 0.1515625 0.3578125 0.0828125 0.1390625
0 0.1203125 0.7875 0.04375 0.096875
0 0.2015625 0.7078125 0.1125 0.1
0 0.409375 0.428125 0.0921875 0.134375
0 0.4703125 0.9671875 0.0828125 0.0515625
0 0.4921875 0.8796875 0.1234375 0.0515625
0 0.6921875 0.9328125 0.0859375 0.0421875
0 0.85625 0.371875 0.0828125 0.1171875
0 0.775 0.7453125 0.1015625 0.1078125
0 0.9453125 0.328125 0.0578125 0.084375
0 0.646875 0.415625 0.0890625 0.11875
0 0.9640625 0.628125 0.0578125 0.0921875
0 0.2890625 0.5 0.071875 0.125
0 0.14375 0.559375 0.0609375 0.125
0 0.0375 0.3875 0.0328125 0.0828125
0 0.025 0.5359375 0.0375 0.096875
0 0.059375 0.68125 0.0484375 0.0828125
0 0.5859375 0.9671875 0.0703125 0.046875
0 0.6390625 0.646875 0.1078125 0.0609375
0 0.4796875 0.6 0.084375 0.0515625
0 0.5984375 0.45 0.05625 0.0921875
0 0.5171875 0.390625 0.0921875 0.03125
0 0.3890625 0.5609375 0.0640625 0.08125
0 0.48125 0.453125 0.09375 0.0453125
0 0.684375 0.5484375 0.0578125 0.109375
0 0.6109375 0.571875 0.0546875 0.08125
0 0.98125 0.4671875 0.0296875 0.10625