1 0.596875 0.665625 0.09375 0.075
1 0.2921875 0.6265625 0.084375 0.0875
1 0.4328125 0.653125 0.0875 0.0890625
1 0.21875 0.4234375 0.08125 0.0578125
1 0.690625 0.3765625 0.065625 0.0546875
1 0.5078125 0.34375 0.0625 0.0578125
1 0.709375 0.6359375 0.09375 0.0875
1 0.1796875 0.584375 0.078125 0.075
1 0.80625 0.578125 0.0796875 0.0765625
1 0.4 0.3625 0.06875 0.053125
1 0.309375 0.3875 0.08125 0.05
1 0.6015625 0.3546875 0.075 0.053125
1 0.1625 0.5015625 0.0859375 0.0703125
1 0.8171875 0.48125 0.08125 0.075
1 0.784375 0.41875 0.0640625 0.059375