1 0.8390625 0.7 0.3 0.2359375
1 0.7140625 0.4328125 0.309375 0.1609375
1 0.80625 0.5484375 0.33125 0.19375
1 0.5203125 0.665625 0.121875 0.1078125
1 0.609375 0.559375 0.140625 0.1265625
2 0.1734375 0.6875 0.1171875 0.0875
1 0.4015625 0.3609375 0.15 0.0734375
2 0.334375 0.6828125 0.0875 0.0953125
1 0.51875 0.478125 0.1453125 0.0765625
1 0.3984375 0.4203125 0.1265625 0.065625
2 0.359375 0.5953125 0.0765625 0.0703125
1 0.5125 0.3984375 0.153125 0.08125
2 0.0859375 0.65625 0.0953125 0.05625
1 0.4484375 0.5546875 0.0875 0.0796875
1 0.2515625 0.390625 0.1 0.040625
1 0.3703125 0.4453125 0.096875 0.053125
1 0.3265625 0.5203125 0.0921875 0.071875
1 0.246875 0.4390625 0.09375 0.0515625
2 0.1640625 0.4109375 0.071875 0.034375
2 0.2171875 0.5171875 0.0640625 0.0578125
1 0.3984375 0.4890625 0.0671875 0.059375
2 0.071875 0.5921875 0.059375 0.040625
2 0.1625 0.5734375 0.046875 0.0359375
2 0.046875 0.5203125 0.04375 0.03125
2 0.125 0.540625 0.0484375 0.0359375
2 0.121875 0.4984375 0.040625 0.034375
2 0.053125 0.4734375 0.0453125 0.03125
2 0.0953125 0.446875 0.046875 0.0328125
2 0.1703125 0.4484375 0.046875 0.0265625
2 0.275 0.4796875 0.053125 0.0453125
2 0.1953125 0.4765625 0.0453125 0.0328125
2 0.115625 0.4296875 0.034375 0.0203125
1 0.2625 0.4109375 0.0875 0.0421875
2 0.2484375 0.5875 0.0875 0.071875