2 0.66875 0.159375 0.365625 0.075
2 0.315625 0.15625 0.2203125 0.0765625
2 0.659375 0.409375 0.3046875 0.1015625
2 0.665625 0.2859375 0.3109375 0.090625
2 0.321875 0.290625 0.2140625 0.0875
2 0.325 0.4296875 0.2234375 0.075
2 0.646875 0.55 0.21875 0.09375
2 0.653125 0.675 0.2140625 0.0859375
2 0.3203125 0.68125 0.1640625 0.05625
2 0.640625 0.78125 0.1671875 0.053125
2 0.321875 0.86875 0.15 0.06875
2 0.328125 0.56875 0.1609375 0.0515625
2 0.646875 0.88125 0.1609375 0.0484375
2 0.3265625 0.7796875 0.1609375 0.05625