1 0.690625 0.6453125 0.3 0.18125
1 0.28125 0.615625 0.2875 0.1625
1 0.096875 0.45625 0.146875 0.13125
1 0.209375 0.340625 0.16875 0.071875
1 0.35625 0.496875 0.2078125 0.121875
1 0.4875 0.4 0.14375 0.1046875
1 0.64375 0.475 0.175 0.146875
1 0.8984375 0.5265625 0.1609375 0.1609375
1 0.3015625 0.3828125 0.1234375 0.0890625
1 0.8578125 0.4046875 0.128125 0.0984375
1 0.675 0.390625 0.1515625 0.103125
1 0.71875 0.33125 0.1328125 0.0734375
1 0.3859375 0.2828125 0.1140625 0.0453125
1 0.48125 0.3265625 0.1359375 0.0609375
1 0.5625 0.2859375 0.11875 0.046875