1 0.4875 0.1734375 0.28125 0.203125
1 0.15625 0.3453125 0.24375 0.21875
1 0.84375 0.3296875 0.2453125 0.25
1 0.9 0.6125 0.1375 0.1890625
1 0.1046875 0.61875 0.14375 0.178125
1 0.68125 0.4484375 0.1171875 0.1
1 0.3046875 0.45625 0.125 0.1
1 0.35625 0.5984375 0.09375 0.078125
1 0.646875 0.5953125 0.1 0.075
1 0.7640625 0.6671875 0.08125 0.0859375
1 0.2359375 0.6703125 0.0828125 0.084375
1 0.5 0.55625 0.10625 0.059375
1 0.5015625 0.415625 0.125 0.084375
1 0.38125 0.71875 0.0609375 0.0484375
1 0.2328125 0.80625 0.046875 0.0609375
1 0.646875 0.721875 0.059375 0.0484375
1 0.3015625 0.759375 0.0578125 0.0484375
1 0.565625 0.7078125 0.0578125 0.040625
1 0.475 0.703125 0.0609375 0.0359375
1 0.7890625 0.8125 0.0515625 0.0515625
1 0.7234375 0.7578125 0.05625 0.0484375
1 0.3703125 0.815625 0.0453125 0.0359375
1 0.5875 0.8015625 0.046875 0.0375
1 0.66875 0.8234375 0.04375 0.0390625
1 0.5109375 0.7859375 0.0453125 0.028125
1 0.44375 0.79375 0.040625 0.0328125
1 0.7234375 0.865625 0.0421875 0.040625
1 0.3078125 0.8671875 0.040625 0.0390625