4 0.4359375 0.728125 0.203125 0.184375
4 0.290625 0.29375 0.18125 0.1109375
4 0.6703125 0.715625 0.1515625 0.1328125
4 0.8828125 0.421875 0.1890625 0.159375
4 0.609375 0.259375 0.1546875 0.1
4 0.884375 0.590625 0.184375 0.14375
4 0.46875 0.25625 0.0875 0.06875
4 0.1171875 0.49375 0.21875 0.178125
4 0.3921875 0.4625 0.1125 0.0953125
4 0.1828125 0.6375 0.146875 0.10625
4 0.734375 0.3375 0.096875 0.078125
4 0.5453125 0.5171875 0.11875 0.09375
4 0.51875 0.4125 0.10625 0.0828125
4 0.175 0.38125 0.0890625 0.0734375