2 0.109375 0.69375 0.0765625 0.35625
2 0.80625 0.7046875 0.0828125 0.328125
2 0.90625 0.69375 0.0578125 0.35
2 0.4765625 0.196875 0.0609375 0.1875
2 0.225 0.19375 0.05 0.19375
2 0.1125 0.1875 0.0421875 0.203125
2 0.353125 0.2 0.0625 0.1828125
2 0.1125 0.421875 0.0390625 0.125
2 0.890625 0.4234375 0.0390625 0.1234375
2 0.778125 0.425 0.0390625 0.1203125
2 0.66875 0.4234375 0.0359375 0.1265625
2 0.3296875 0.4265625 0.0375 0.121875
2 0.6765625 0.2421875 0.0296875 0.09375
2 0.553125 0.4203125 0.040625 0.1265625
2 0.4375 0.4265625 0.0375 0.1234375
2 0.225 0.425 0.0375 0.121875
2 0.75 0.24375 0.0296875 0.0953125
2 0.6046875 0.2453125 0.03125 0.0921875
2 0.23125 0.5890625 0.0375 0.09375
2 0.3125 0.590625 0.03125 0.0921875
2 0.690625 0.59375 0.0328125 0.090625
2 0.83125 0.2453125 0.0375 0.0890625
2 0.3859375 0.5921875 0.0328125 0.0953125
2 0.5328125 0.5921875 0.028125 0.0921875
2 0.9171875 0.2484375 0.0296875 0.0890625
2 0.465625 0.5921875 0.0375 0.090625
2 0.6046875 0.590625 0.0390625 0.0953125
2 0.7078125 0.71875 0.028125 0.0671875
2 0.221875 0.7140625 0.0234375 0.06875
2 0.6640625 0.71875 0.0234375 0.0671875
2 0.28125 0.709375 0.0203125 0.075
2 0.2265625 0.8234375 0.025 0.06875
2 0.6125 0.715625 0.0296875 0.0703125
2 0.340625 0.7125 0.025 0.0703125
2 0.7265625 0.8234375 0.025 0.0671875
2 0.5078125 0.7171875 0.021875 0.0703125
2 0.6765625 0.825 0.0234375 0.0640625
2 0.396875 0.7140625 0.0203125 0.071875
2 0.6234375 0.821875 0.0265625 0.06875
2 0.2890625 0.8203125 0.021875 0.06875
2 0.4015625 0.8234375 0.0296875 0.0703125
2 0.346875 0.821875 0.021875 0.06875
2 0.45 0.715625 0.0265625 0.0671875
2 0.465625 0.8203125 0.0265625 0.075
2 0.559375 0.7203125 0.0265625 0.0640625
2 0.5734375 0.8234375 0.021875 0.065625
2 0.525 0.821875 0.0265625 0.0703125