4 0.6140625 0.18125 0.3234375 0.3203125
4 0.4625 0.8453125 0.290625 0.2921875
4 0.840625 0.540625 0.303125 0.321875
4 0.865625 0.290625 0.15625 0.15625
4 0.2546875 0.66875 0.1890625 0.1953125
4 0.734375 0.8296875 0.1671875 0.1703125
4 0.3453125 0.284375 0.1765625 0.1765625
4 0.19375 0.4140625 0.165625 0.16875
4 0.1015625 0.271875 0.0921875 0.096875
4 0.4203125 0.046875 0.0890625 0.0921875
4 0.621875 0.6609375 0.1125 0.11875
4 0.4765625 0.584375 0.1203125 0.125
4 0.1953125 0.1515625 0.0640625 0.0640625
4 0.6203125 0.45625 0.1375 0.11875
4 0.89375 0.74375 0.0578125 0.05625
4 0.4671875 0.4265625 0.09375 0.0984375
4 0.33125 0.478125 0.109375 0.109375
4 0.1921875 0.85625 0.053125 0.0546875
4 0.30625 0.084375 0.06875 0.06875
4 0.103125 0.5546875 0.0890625 0.0921875
4 0.0453125 0.4328125 0.0640625 0.065625
4 0.0609375 0.690625 0.05 0.0546875