1 0.465625 0.56875 0.2171875 0.21875
1 0.15 0.71875 0.2734375 0.2703125
1 0.15625 0.4140625 0.184375 0.165625
1 0.4078125 0.36875 0.159375 0.13125
1 0.61875 0.3328125 0.159375 0.125
1 0.16875 0.2765625 0.140625 0.1125
1 0.8671875 0.36875 0.175 0.140625
1 0.7 0.4625 0.1828125 0.1625
1 0.915625 0.228125 0.1375 0.09375
1 0.7640625 0.25625 0.1625 0.10625
1 0.5828125 0.2453125 0.125 0.084375
1 0.6796875 0.1890625 0.1265625 0.0953125
1 0.3390625 0.1859375 0.1375 0.0875
1 0.5046875 0.190625 0.1078125 0.08125
1 0.1703125 0.1890625 0.121875 0.0859375
1 0.3765625 0.259375 0.140625 0.109375