1 0.28125 0.640625 0.128125 0.109375
1 0.9 0.39375 0.103125 0.0703125
1 0.1125 0.5828125 0.13125 0.1046875
1 0.4 0.4828125 0.10625 0.0890625
1 0.428125 0.228125 0.0765625 0.071875
1 0.7203125 0.6703125 0.134375 0.109375
1 0.515625 0.3625 0.0890625 0.084375
1 0.821875 0.5078125 0.1390625 0.0859375
1 0.215625 0.4359375 0.109375 0.075
1 0.4875 0.6796875 0.11875 0.09375
1 0.575 0.5421875 0.1078125 0.09375
1 0.7734375 0.30625 0.09375 0.06875
1 0.66875 0.409375 0.1125 0.078125
1 0.6140625 0.278125 0.103125 0.0671875
1 0.33125 0.3265625 0.109375 0.090625