1 0.5828125 0.0953125 0.428125 0.18125
1 0.4265625 0.2796875 0.3 0.15625
1 0.3 0.58125 0.253125 0.278125
1 0.08125 0.434375 0.14375 0.2921875
1 0.215625 0.1734375 0.1828125 0.1578125
1 0.884375 0.4828125 0.209375 0.421875
1 0.6921875 0.875 0.3421875 0.21875
1 0.5703125 0.4484375 0.1625 0.0984375
1 0.6828125 0.646875 0.2203125 0.225
1 0.3328125 0.9078125 0.23125 0.1546875
1 0.559375 0.5953125 0.1796875 0.0875
1 0.678125 0.3171875 0.14375 0.1578125
1 0.428125 0.74375 0.1421875 0.1421875
1 0.1359375 0.71875 0.1703125 0.1953125