0 0.340625 0.690625 0.165625 0.109375
0 0.5640625 0.696875 0.1765625 0.1109375
0 0.190625 0.646875 0.134375 0.115625
0 0.771875 0.671875 0.1328125 0.1046875
0 0.271875 0.421875 0.0921875 0.059375
0 0.159375 0.4796875 0.096875 0.06875
0 0.4171875 0.3875 0.10625 0.053125
0 0.103125 0.5609375 0.09375 0.0875
0 0.803125 0.4609375 0.096875 0.065625
0 0.696875 0.4125 0.1 0.053125
0 0.65625 0.553125 0.121875 0.0859375
0 0.559375 0.3890625 0.1 0.0625
0 0.5 0.5796875 0.14375 0.1
0 0.671875 0.48125 0.090625 0.0734375
0 0.8671875 0.603125 0.1078125 0.1046875
0 0.53125 0.440625 0.1109375 0.05625
0 0.390625 0.4578125 0.1125 0.06875
0 0.884375 0.5265625 0.0765625 0.0765625
0 0.346875 0.528125 0.1046875 0.09375
0 0.5125 0.50625 0.103125 0.0734375