2 0.1765625 0.315625 0.165625 0.1296875
2 0.3484375 0.178125 0.1203125 0.153125
2 0.3 0.478125 0.1625 0.0765625
2 0.7 0.196875 0.1203125 0.15625
2 0.846875 0.571875 0.153125 0.0828125
2 0.121875 0.553125 0.1625 0.071875
2 0.690625 0.4796875 0.159375 0.1
2 0.815625 0.340625 0.15 0.121875
2 0.3671875 0.3609375 0.1359375 0.14375
2 0.746875 0.765625 0.14375 0.128125
2 0.26875 0.8140625 0.1171875 0.1640625
2 0.534375 0.15 0.0515625 0.1578125
2 0.665625 0.6140625 0.1515625 0.096875
2 0.5125 0.8765625 0.065625 0.1625
2 0.3203125 0.6140625 0.14375 0.1078125
2 0.421875 0.696875 0.075 0.159375
2 0.5640625 0.6953125 0.075 0.1609375
2 0.5671875 0.328125 0.103125 0.159375
2 0.646875 0.38125 0.1171875 0.1359375
2 0.465625 0.3125 0.0515625 0.15625