4 0.65 0.1609375 0.3234375 0.2578125
4 0.30625 0.1640625 0.325 0.253125
4 0.1390625 0.4015625 0.2421875 0.2234375
4 0.215625 0.5671875 0.2546875 0.19375
4 0.8515625 0.4 0.234375 0.2078125
4 0.496875 0.5515625 0.175 0.1921875
4 0.790625 0.5734375 0.23125 0.1734375
4 0.6109375 0.4203125 0.125 0.184375
4 0.3734375 0.4140625 0.1625 0.1578125
4 0.553125 0.74375 0.075 0.096875
4 0.8015625 0.74375 0.071875 0.096875
4 0.19375 0.7484375 0.06875 0.0859375
4 0.68125 0.746875 0.0703125 0.09375
4 0.428125 0.7484375 0.0625 0.0890625
4 0.3109375 0.74375 0.06875 0.0984375
4 0.3609375 0.8578125 0.040625 0.0609375
4 0.1859375 0.8546875 0.0421875 0.0640625
4 0.4453125 0.859375 0.040625 0.05625
4 0.5234375 0.8609375 0.0390625 0.05625
4 0.671875 0.8609375 0.0421875 0.053125
4 0.5984375 0.865625 0.0328125 0.040625
4 0.7390625 0.8640625 0.0296875 0.040625
4 0.8046875 0.8640625 0.0296875 0.040625
4 0.2703125 0.8640625 0.03125 0.0453125
4 0.23125 0.940625 0.0375 0.0546875
4 0.315625 0.94375 0.0328125 0.040625
4 0.7 0.9453125 0.0296875 0.04375
4 0.48125 0.95 0.021875 0.03125
4 0.6296875 0.95 0.025 0.0296875
4 0.5625 0.9484375 0.021875 0.0296875
4 0.4046875 0.95 0.0234375 0.03125
4 0.7734375 0.95 0.021875 0.0296875