2 0.5015625 0.7484375 0.09375 0.1546875
2 0.246875 0.68125 0.165625 0.140625
2 0.15 0.5984375 0.16875 0.1
2 0.653125 0.728125 0.1171875 0.14375
2 0.35 0.74375 0.1359375 0.1453125
2 0.1203125 0.49375 0.1734375 0.06875
2 0.1625 0.396875 0.1625 0.0625
2 0.2921875 0.26875 0.11875 0.084375
2 0.2125 0.3140625 0.146875 0.0875
2 0.7703125 0.690625 0.165625 0.1265625
2 0.875 0.446875 0.16875 0.065625
2 0.8640625 0.53125 0.1671875 0.078125
2 0.853125 0.371875 0.1609375 0.0640625
2 0.39375 0.23125 0.090625 0.0859375
2 0.8015625 0.3078125 0.1375 0.065625
2 0.840625 0.6234375 0.1734375 0.1
2 0.65 0.2390625 0.1109375 0.08125
2 0.734375 0.2671875 0.121875 0.0875
2 0.4875 0.2265625 0.05 0.0828125
2 0.565625 0.2265625 0.0703125 0.0859375