4 0.8125 0.2171875 0.13125 0.1375
4 0.434375 0.2828125 0.140625 0.1203125
4 0.4375 0.0671875 0.11875 0.1234375
4 0.625 0.096875 0.121875 0.125
4 0.2640625 0.428125 0.121875 0.1375
4 0.1125 0.2703125 0.1203125 0.1046875
4 0.4296875 0.9078125 0.1328125 0.1265625
4 0.65625 0.315625 0.13125 0.1375
4 0.9265625 0.425 0.125 0.13125
4 0.49375 0.5140625 0.140625 0.125
4 0.3390625 0.659375 0.1375 0.15
4 0.1109375 0.690625 0.115625 0.1328125
4 0.5953125 0.7 0.13125 0.1328125
4 0.065625 0.490625 0.1125 0.14375
4 0.7921875 0.790625 0.115625 0.15
4 0.2359375 0.83125 0.121875 0.125
4 0.2515625 0.1421875 0.1203125 0.134375
4 0.6140625 0.903125 0.1234375 0.1203125
4 0.7421875 0.503125 0.11875 0.128125
4 0.890625 0.634375 0.11875 0.1328125