0 0.489 0.1 0.1 0.068
0 0.773 0.795 0.068 0.072
0 0.1 0.469 0.07 0.09
0 0.694 0.58 0.086 0.092
0 0.741 0.189 0.068 0.066
0 0.502 0.806 0.066 0.062
0 0.639 0.116 0.068 0.058
0 0.438 0.194 0.062 0.054
0 0.252 0.355 0.074 0.062
0 0.639 0.492 0.072 0.082
0 0.559 0.191 0.078 0.062
0 0.406 0.892 0.112 0.062
0 0.666 0.239 0.076 0.076
0 0.356 0.431 0.078 0.066
0 0.506 0.313 0.09 0.076
0 0.744 0.348 0.062 0.074
0 0.813 0.263 0.058 0.058
0 0.397 0.672 0.056 0.076
0 0.614 0.292 0.064 0.054
0 0.548 0.906 0.068 0.06
0 0.317 0.255 0.058 0.054
0 0.556 0.456 0.06 0.046
0 0.392 0.327 0.036 0.074
0 0.63 0.391 0.084 0.068
0 0.4 0.52 0.05 0.074
0 0.792 0.586 0.042 0.068
0 0.78 0.467 0.068 0.072
0 0.388 0.767 0.074 0.038
0 0.891 0.48 0.094 0.088
0 0.83 0.708 0.068 0.068
0 0.677 0.861 0.074 0.076
0 0.633 0.784 0.068 0.064
0 0.213 0.205 0.05 0.062
0 0.114 0.616 0.054 0.068
0 0.133 0.328 0.06 0.076
0 0.325 0.134 0.078 0.076
0 0.167 0.73 0.06 0.074
0 0.239 0.456 0.044 0.06
0 0.241 0.605 0.06 0.074
0 0.873 0.358 0.072 0.074
0 0.317 0.563 0.054 0.084
0 0.711 0.702 0.088 0.044
0 0.602 0.706 0.048 0.056
0 0.269 0.834 0.088 0.07
0 0.888 0.614 0.076 0.086
0 0.58 0.598 0.054 0.068
0 0.5 0.684 0.062 0.074
0 0.463 0.434 0.074 0.074
0 0.286 0.714 0.06 0.076
0 0.489 0.559 0.09 0.102