0 0.56875 0.9015625 0.1375 0.0890625
0 0.409375 0.41875 0.1 0.103125
0 0.8625 0.6875 0.0984375 0.11875
0 0.9046875 0.5375 0.0828125 0.1328125
0 0.7546875 0.8125 0.1171875 0.1078125
0 0.5859375 0.0890625 0.1234375 0.08125
0 0.3109375 0.121875 0.115625 0.06875
0 0.4359375 0.08125 0.121875 0.0765625
0 0.2046875 0.209375 0.0859375 0.1
0 0.4921875 0.1796875 0.146875 0.0703125
0 0.575 0.56875 0.1171875 0.1078125
0 0.7203125 0.1515625 0.1078125 0.1
0 0.7078125 0.7265625 0.1 0.1078125
0 0.415625 0.5703125 0.10625 0.1109375
0 0.3890625 0.8921875 0.1265625 0.0796875
0 0.8171875 0.253125 0.0828125 0.1265625
0 0.575 0.4140625 0.1046875 0.08125
0 0.553125 0.7875 0.1203125 0.0828125
0 0.121875 0.346875 0.0875 0.11875
0 0.6484375 0.2484375 0.096875 0.1125
0 0.3296875 0.2546875 0.1171875 0.1
0 0.7703125 0.584375 0.0890625 0.125
0 0.8875 0.3859375 0.0859375 0.1125
0 0.1328125 0.6625 0.0859375 0.134375
0 0.228125 0.8 0.1125 0.1125
0 0.0921875 0.5109375 0.06875 0.1140625
0 0.2234375 0.615625 0.078125 0.1203125
0 0.7546875 0.4015625 0.08125 0.13125
0 0.209375 0.421875 0.0765625 0.1421875
0 0.35625 0.75625 0.125 0.1