0 0.7328125 0.115625 0.4484375 0.16875
0 0.2640625 0.1125 0.4390625 0.178125
0 0.26875 0.296875 0.45 0.1640625
0 0.76875 0.2890625 0.35625 0.1796875
0 0.3734375 0.6234375 0.13125 0.296875
0 0.109375 0.6 0.1421875 0.35
0 0.621875 0.4859375 0.171875 0.0859375
0 0.84375 0.490625 0.1921875 0.0953125
0 0.2375 0.59375 0.134375 0.35625
0 0.8453125 0.6078125 0.19375 0.084375
0 0.8453125 0.7125 0.1890625 0.0875
0 0.6265625 0.709375 0.1859375 0.084375
0 0.6171875 0.6 0.1625 0.0859375
0 0.54375 0.8875 0.0671875 0.125
0 0.9171875 0.8875 0.0609375 0.125
0 0.084375 0.8875 0.0625 0.128125
0 0.653125 0.8890625 0.0640625 0.125
0 0.446875 0.890625 0.0578125 0.121875
0 0.35625 0.8875 0.0625 0.125
0 0.1796875 0.8875 0.0625 0.1171875
0 0.75 0.8875 0.0625 0.125
0 0.265625 0.8890625 0.05625 0.1203125
0 0.8296875 0.8875 0.0640625 0.1234375