3 0.7796875 0.1640625 0.371875 0.325
3 0.2828125 0.190625 0.4109375 0.284375
3 0.4046875 0.453125 0.2375 0.2796875
3 0.1609375 0.453125 0.20625 0.28125
3 0.665625 0.4671875 0.175 0.2734375
3 0.5515625 0.665625 0.18125 0.165625
3 0.85 0.465625 0.18125 0.2640625
3 0.3046875 0.675 0.18125 0.159375
3 0.80625 0.675 0.190625 0.1359375
3 0.34375 0.834375 0.1140625 0.0953125
3 0.0765625 0.8421875 0.1125 0.08125
3 0.06875 0.7328125 0.1 0.0828125
3 0.2171875 0.8390625 0.1078125 0.0875
3 0.06875 0.9390625 0.115625 0.09375
3 0.2125 0.940625 0.1078125 0.0921875
3 0.34375 0.946875 0.115625 0.078125
3 0.5546875 0.8875 0.0734375 0.0625
3 0.459375 0.81875 0.078125 0.0484375
3 0.5609375 0.95625 0.0734375 0.05625
3 0.5546875 0.8171875 0.0734375 0.0484375
3 0.6484375 0.8859375 0.0703125 0.053125
3 0.4625 0.95625 0.071875 0.053125
3 0.7125 0.815625 0.0609375 0.05625
3 0.4625 0.8890625 0.0765625 0.0546875
3 0.6390625 0.815625 0.06875 0.053125
3 0.7296875 0.95625 0.0609375 0.053125
3 0.73125 0.884375 0.06875 0.0515625
3 0.6515625 0.95625 0.0625 0.0546875
3 0.859375 0.8328125 0.05 0.034375
3 0.9234375 0.834375 0.04375 0.0328125
3 0.803125 0.8390625 0.0453125 0.0296875
3 0.96875 0.8625 0.0421875 0.0296875
3 0.8078125 0.96875 0.0453125 0.0328125
3 0.9734375 0.9546875 0.0328125 0.034375
3 0.93125 0.971875 0.034375 0.03125
3 0.9734375 0.9078125 0.0375 0.0265625
3 0.8640625 0.884375 0.04375 0.0265625
3 0.80625 0.88125 0.0453125 0.028125
3 0.8078125 0.9203125 0.04375 0.03125
3 0.865625 0.928125 0.040625 0.0296875
3 0.928125 0.9265625 0.0421875 0.028125
3 0.865625 0.9734375 0.0359375 0.0265625
3 0.9203125 0.8828125 0.0421875 0.0234375