1 0.4890625 0.528125 0.2046875 0.1171875
1 0.8640625 0.59375 0.20625 0.0875
1 0.271875 0.5640625 0.1625 0.0828125
1 0.6796875 0.5484375 0.21875 0.0875
1 0.0984375 0.5828125 0.1609375 0.0953125
1 0.6859375 0.6 0.1421875 0.0671875
1 0.284375 0.6140625 0.15 0.059375
1 0.4828125 0.6015625 0.140625 0.05
1 0.0984375 0.6671875 0.1234375 0.0578125
1 0.1890625 0.66875 0.103125 0.0515625
2 0.2671875 0.7625 0.0765625 0.0359375
2 0.7140625 0.7828125 0.0578125 0.0359375
2 0.865625 0.7 0.0921875 0.04375
1 0.83125 0.653125 0.10625 0.0390625
2 0.2921875 0.7234375 0.0625 0.034375
2 0.1359375 0.7171875 0.096875 0.046875
2 0.18125 0.746875 0.05 0.025
2 0.5921875 0.75625 0.0546875 0.0328125
1 0.353125 0.6375 0.10625 0.040625
2 0.465625 0.753125 0.0734375 0.0296875
2 0.5421875 0.7125 0.09375 0.0390625
2 0.6734375 0.7421875 0.046875 0.0328125
1 0.303125 0.6828125 0.121875 0.053125
2 0.4375 0.6828125 0.0828125 0.0359375
2 0.715625 0.7140625 0.0890625 0.046875
2 0.8328125 0.778125 0.071875 0.040625
1 0.653125 0.6453125 0.115625 0.0390625
2 0.4046875 0.71875 0.0671875 0.0234375
2 0.8765625 0.7484375 0.09375 0.046875
1 0.559375 0.675 0.1265625 0.0453125
2 0.73125 0.6796875 0.084375 0.0390625
1 0.490625 0.640625 0.0953125 0.0390625
2 0.359375 0.7875 0.071875 0.03125
2 0.5203125 0.7921875 0.0578125 0.0296875