0 0.684375 0.5 0.1140625 0.1296875
0 0.86875 0.3921875 0.115625 0.14375
0 0.259375 0.396875 0.1078125 0.1265625
0 0.478125 0.878125 0.15 0.078125
0 0.2421875 0.7765625 0.121875 0.1125
0 0.715625 0.8015625 0.1171875 0.090625
0 0.5390625 0.5890625 0.115625 0.1140625
0 0.2875 0.5953125 0.125 0.159375
0 0.7359375 0.5859375 0.0828125 0.10625
0 0.4109375 0.584375 0.1171875 0.0953125
0 0.696875 0.36875 0.11875 0.0734375
0 0.8421875 0.6171875 0.0703125 0.1515625
0 0.3703125 0.440625 0.096875 0.1015625
0 0.4609375 0.7390625 0.0828125 0.075
0 0.2234375 0.2421875 0.1328125 0.134375
0 0.5546875 0.2546875 0.1578125 0.0921875
0 0.109375 0.4078125 0.0796875 0.1015625
0 0.625 0.71875 0.08125 0.065625
0 0.7625 0.2328125 0.096875 0.0890625
0 0.38125 0.26875 0.10625 0.0953125
0 0.584375 0.4515625 0.0765625 0.065625
0 0.603125 0.1203125 0.134375 0.08125
0 0.3875 0.1078125 0.1328125 0.0828125
0 0.4796875 0.4359375 0.0734375 0.1796875
0 0.09375 0.590625 0.071875 0.1203125