0 0.246875 0.6125 0.3828125 0.115625
0 0.25625 0.49375 0.346875 0.09375
0 0.5765625 0.29375 0.0890625 0.1359375
0 0.5546875 0.7484375 0.1046875 0.178125
0 0.4140625 0.690625 0.1796875 0.11875
0 0.76875 0.371875 0.159375 0.0921875
0 0.834375 0.5125 0.2171875 0.0609375
0 0.678125 0.325 0.090625 0.13125
0 0.478125 0.309375 0.0828125 0.1390625
0 0.815625 0.5875 0.1890625 0.1
0 0.3984375 0.325 0.1546875 0.18125
0 0.340625 0.3765625 0.2046875 0.1734375
0 0.678125 0.725 0.0984375 0.1703125
0 0.7625 0.65 0.125 0.1109375
0 0.809375 0.4390625 0.2046875 0.0625