0 0.484375 0.11875 0.14375 0.1109375
0 0.65625 0.140625 0.1234375 0.09375
0 0.2953125 0.1765625 0.1375 0.1203125
0 0.8046875 0.271875 0.1296875 0.1484375
0 0.159375 0.33125 0.1234375 0.15625
0 0.8828125 0.4671875 0.1078125 0.1625
0 0.1796875 0.7203125 0.1 0.11875
0 0.115625 0.5484375 0.109375 0.14375
0 0.33125 0.846875 0.140625 0.1171875
0 0.678125 0.41875 0.0765625 0.10625
0 0.5578125 0.3125 0.1078125 0.078125
0 0.3125 0.4296875 0.078125 0.0875
0 0.85625 0.659375 0.10625 0.11875
0 0.5375 0.8765625 0.1625 0.1109375
0 0.3984375 0.3328125 0.0890625 0.078125
0 0.3171875 0.58125 0.08125 0.1015625
0 0.7515625 0.7984375 0.115625 0.10625
0 0.678125 0.584375 0.08125 0.1015625
0 0.43125 0.68125 0.0875 0.0734375
0 0.578125 0.6765625 0.0875 0.075
0 0.4859375 0.4203125 0.0734375 0.0578125
0 0.471875 0.5671875 0.06875 0.05625
0 0.5578125 0.553125 0.0671875 0.065625
0 0.578125 0.45625 0.0578125 0.071875
0 0.4234375 0.490625 0.0578125 0.0734375