0 0.5125 0.3546875 0.125 0.08125
0 0.6859375 0.35 0.1078125 0.0625
0 0.48125 0.178125 0.08125 0.0625
0 0.6921875 0.4859375 0.125 0.059375
0 0.8328125 0.184375 0.0953125 0.05625
0 0.3125 0.1796875 0.0953125 0.0703125
0 0.31875 0.6296875 0.140625 0.06875
0 0.134375 0.3484375 0.1046875 0.06875
0 0.3171875 0.346875 0.15 0.071875
0 0.3125 0.49375 0.125 0.078125
0 0.65625 0.18125 0.1234375 0.0625
0 0.1203125 0.5015625 0.10625 0.065625
0 0.50625 0.63125 0.125 0.075
0 0.1359375 0.6359375 0.1359375 0.08125
0 0.8640625 0.3453125 0.1125 0.059375
0 0.50625 0.4859375 0.103125 0.0734375
0 0.515625 0.790625 0.11875 0.0765625
0 0.1328125 0.1921875 0.13125 0.0703125
0 0.696875 0.7921875 0.109375 0.0640625
0 0.315625 0.79375 0.1 0.065625
0 0.86875 0.478125 0.10625 0.0703125
0 0.6953125 0.61875 0.115625 0.0765625
0 0.875 0.7828125 0.140625 0.084375
0 0.115625 0.790625 0.11875 0.06875
0 0.86875 0.6234375 0.115625 0.0734375