2 0.134375 0.60625 0.109375 0.0859375
2 0.3703125 0.6171875 0.1234375 0.06875
2 0.8625 0.634375 0.1703125 0.146875
2 0.078125 0.54375 0.071875 0.0453125
2 0.63125 0.621875 0.1484375 0.1328125
2 0.240625 0.49375 0.0765625 0.0515625
2 0.3859375 0.553125 0.090625 0.075
2 0.19375 0.5640625 0.0671875 0.0484375
2 0.228125 0.5296875 0.071875 0.04375
2 0.78125 0.5421875 0.121875 0.1203125
2 0.5828125 0.5484375 0.10625 0.10625
2 0.51875 0.46875 0.0609375 0.075
2 0.4015625 0.496875 0.0765625 0.0375
2 0.4 0.525 0.0703125 0.0453125
2 0.540625 0.5078125 0.0625 0.08125
2 0.6875 0.4796875 0.0625 0.05625
2 0.709375 0.50625 0.0765625 0.0859375