4 0.6546875 0.1515625 0.165625 0.15
4 0.3890625 0.553125 0.184375 0.1984375
4 0.2671875 0.8328125 0.1828125 0.16875
4 0.7828125 0.7453125 0.1875 0.184375
4 0.5390625 0.890625 0.16875 0.1421875
4 0.8546875 0.3203125 0.15 0.15625
4 0.10625 0.6078125 0.153125 0.1765625
4 0.4375 0.096875 0.1546875 0.125
4 0.20625 0.2 0.1671875 0.15625
4 0.6296875 0.6140625 0.1828125 0.1703125
4 0.39375 0.3015625 0.16875 0.1390625
4 0.90625 0.521875 0.1578125 0.1859375
4 0.628125 0.3578125 0.1375 0.1359375
4 0.0921875 0.365625 0.1375 0.1625