1 0.45 0.1890625 0.26875 0.19375
1 0.753125 0.3 0.159375 0.115625
1 0.19375 0.2921875 0.2125 0.1140625
1 0.9296875 0.628125 0.1 0.0890625
1 0.875 0.7984375 0.0734375 0.0875
1 0.5578125 0.3765625 0.09375 0.0875
1 0.834375 0.4953125 0.1015625 0.0828125
1 0.70625 0.4171875 0.1015625 0.075
1 0.7375 0.828125 0.0859375 0.071875
1 0.059375 0.646875 0.08125 0.0859375
1 0.121875 0.49375 0.1 0.0625
1 0.7734375 0.6953125 0.08125 0.075
1 0.7875 0.578125 0.075 0.071875
1 0.6453125 0.525 0.0859375 0.065625
1 0.61875 0.771875 0.075 0.065625
1 0.65625 0.653125 0.0859375 0.065625
1 0.290625 0.6453125 0.0859375 0.06875
1 0.125 0.796875 0.0765625 0.0765625
1 0.2453125 0.403125 0.09375 0.06875
1 0.334375 0.775 0.0640625 0.06875
1 0.38125 0.3765625 0.103125 0.0796875
1 0.4734375 0.765625 0.0640625 0.0671875
1 0.2328125 0.8328125 0.0578125 0.0640625
1 0.534375 0.621875 0.08125 0.04375
1 0.190625 0.7046875 0.059375 0.0484375
1 0.509375 0.490625 0.0625 0.04375
1 0.2734375 0.5140625 0.0578125 0.046875
1 0.390625 0.484375 0.0703125 0.053125
1 0.40625 0.6203125 0.0609375 0.05
1 0.175 0.5640625 0.0515625 0.0515625