0 0.4453125 0.5796875 0.0921875 0.075
0 0.434375 0.4140625 0.084375 0.0765625
0 0.3 0.6046875 0.0828125 0.09375
0 0.35 0.5 0.078125 0.075
0 0.509375 0.48125 0.075 0.0625
0 0.396875 0.340625 0.078125 0.0671875
0 0.7109375 0.5109375 0.0859375 0.0734375
0 0.1828125 0.6046875 0.0796875 0.0984375
0 0.246875 0.4953125 0.06875 0.0625
0 0.6421875 0.4421875 0.0765625 0.0625
0 0.715625 0.4109375 0.078125 0.05625
0 0.209375 0.3921875 0.0734375 0.0734375
0 0.1375 0.4734375 0.0921875 0.0765625
0 0.5375 0.3953125 0.090625 0.0515625
0 0.3046875 0.4234375 0.078125 0.0625
0 0.071875 0.596875 0.0765625 0.1015625
0 0.884375 0.5 0.0828125 0.071875
0 0.3046875 0.3265625 0.071875 0.0546875
0 0.928125 0.6078125 0.071875 0.1
0 0.821875 0.43125 0.0640625 0.0625
0 0.746875 0.6 0.0703125 0.1109375
0 0.50625 0.3375 0.08125 0.0453125
0 0.778125 0.478125 0.059375 0.065625
0 0.6234375 0.3609375 0.0859375 0.05
0 0.6609375 0.3140625 0.078125 0.0453125
0 0.8328125 0.5875 0.0609375 0.0921875
0 0.7546875 0.36875 0.0765625 0.059375
0 0.5546875 0.2875 0.078125 0.0390625
0 0.421875 0.2921875 0.0734375 0.0359375
0 0.6 0.575 0.096875 0.0703125