0 0.63125 0.825 0.553125 0.19375
0 0.171875 0.1515625 0.3046875 0.096875
0 0.528125 0.1046875 0.1875 0.0671875
0 0.8890625 0.590625 0.2015625 0.18125
0 0.1875 0.5140625 0.3578125 0.2015625
0 0.5796875 0.375 0.24375 0.2203125
0 0.8640625 0.359375 0.15 0.2375
0 0.56875 0.2265625 0.2125 0.125
0 0.584375 0.6640625 0.21875 0.1109375
0 0.1765625 0.3703125 0.3203125 0.165625
0 0.1625 0.271875 0.2875 0.1453125
0 0.7703125 0.0984375 0.1 0.0765625
0 0.5875 0.53125 0.240625 0.121875
0 0.81875 0.2140625 0.09375 0.1140625
0 0.2046875 0.6796875 0.38125 0.171875