1 0.259375 0.196875 0.2125 0.1671875
1 0.559375 0.6703125 0.1828125 0.2
1 0.1015625 0.453125 0.15 0.2390625
1 0.5140625 0.071875 0.16875 0.1046875
1 0.503125 0.446875 0.1234375 0.2046875
1 0.4703125 0.909375 0.215625 0.140625
1 0.7375 0.4828125 0.1109375 0.2375
1 0.7328125 0.80625 0.1921875 0.2046875
1 0.5765625 0.271875 0.175 0.1390625
1 0.325 0.34375 0.1515625 0.1734375
1 0.8890625 0.359375 0.13125 0.2125
1 0.196875 0.74375 0.2 0.190625
1 0.90625 0.5953125 0.13125 0.1875
1 0.3015625 0.584375 0.16875 0.2140625
1 0.7453125 0.1578125 0.15 0.1328125