0 0.31875 0.14375 0.2078125 0.1453125
0 0.1984375 0.7515625 0.175 0.16875
0 0.0953125 0.4828125 0.1265625 0.265625
0 0.590625 0.0984375 0.2125 0.146875
0 0.6875 0.3546875 0.171875 0.21875
0 0.8046875 0.215625 0.125 0.1171875
0 0.278125 0.4859375 0.1625 0.1765625
0 0.4578125 0.271875 0.1625 0.15625
0 0.9125 0.434375 0.09375 0.20625
0 0.5203125 0.678125 0.225 0.2421875
0 0.8671875 0.678125 0.134375 0.171875
0 0.6859375 0.8671875 0.225 0.1515625
0 0.7484375 0.6 0.1 0.1875
0 0.4125 0.9046875 0.15 0.1109375
0 0.146875 0.278125 0.1046875 0.0984375
0 0.3828125 0.7125 0.159375 0.0984375
0 0.48125 0.45625 0.0953125 0.1328125