4 0.171875 0.2015625 0.1546875 0.15
4 0.5953125 0.11875 0.153125 0.1421875
4 0.3859375 0.11875 0.1296875 0.11875
4 0.809375 0.184375 0.121875 0.125
4 0.25 0.45625 0.1609375 0.1453125
4 0.09375 0.65 0.14375 0.1625
4 0.3703125 0.3234375 0.13125 0.13125
4 0.29375 0.6375 0.15625 0.165625
4 0.684375 0.853125 0.1515625 0.15625
4 0.2796875 0.83125 0.1625 0.1328125
4 0.840625 0.75 0.13125 0.140625
4 0.8765625 0.3421875 0.15625 0.134375
4 0.5 0.70625 0.15 0.15
4 0.484375 0.909375 0.1421875 0.1109375
4 0.5671875 0.3015625 0.1296875 0.125
4 0.940625 0.525 0.1 0.1125
4 0.69375 0.3625 0.125 0.08125
4 0.75 0.51875 0.1109375 0.10625
4 0.653125 0.64375 0.125 0.1078125
4 0.05625 0.415625 0.09375 0.1375