4 0.415625 0.6953125 0.2 0.15
4 0.146875 0.603125 0.2 0.1484375
4 0.6859375 0.690625 0.2 0.1421875
4 0.3765625 0.5296875 0.1609375 0.14375
4 0.60625 0.5234375 0.1609375 0.1203125
4 0.8609375 0.590625 0.1765625 0.1375
4 0.1796875 0.34375 0.121875 0.0875
4 0.0765625 0.44375 0.115625 0.09375
4 0.915625 0.4796875 0.1359375 0.115625
4 0.26875 0.43125 0.14375 0.10625
4 0.353125 0.2875 0.09375 0.065625
4 0.859375 0.365625 0.0890625 0.0765625
4 0.759375 0.3046875 0.109375 0.0734375
4 0.359375 0.353125 0.121875 0.0703125
4 0.7375 0.459375 0.0921875 0.1078125
4 0.6515625 0.271875 0.0953125 0.0640625
4 0.615625 0.3375 0.09375 0.06875
4 0.725 0.38125 0.0953125 0.078125
4 0.515625 0.26875 0.103125 0.06875
4 0.4984375 0.3265625 0.0859375 0.0734375