0 0.4203125 0.7375 0.1234375 0.1046875
0 0.70625 0.6890625 0.0953125 0.1046875
0 0.7328125 0.3890625 0.1 0.1078125
0 0.65625 0.271875 0.1125 0.1015625
0 0.490625 0.4109375 0.1078125 0.09375
0 0.225 0.784375 0.0984375 0.0984375
0 0.2890625 0.6453125 0.103125 0.1171875
0 0.5375 0.584375 0.121875 0.0859375
0 0.503125 0.221875 0.11875 0.0765625
0 0.7625 0.1875 0.0953125 0.1
0 0.55625 0.8984375 0.1265625 0.071875
0 0.71875 0.84375 0.1015625 0.09375
0 0.3625 0.290625 0.103125 0.1046875
0 0.8734375 0.3234375 0.0828125 0.128125
0 0.3890625 0.8859375 0.11875 0.0875
0 0.4203125 0.5375 0.0890625 0.1078125
0 0.125 0.628125 0.0828125 0.13125
0 0.575 0.759375 0.1203125 0.075
0 0.6171875 0.4765625 0.0921875 0.103125
0 0.84375 0.7421875 0.1 0.1015625
0 0.2703125 0.390625 0.09375 0.1
0 0.8953125 0.60625 0.0859375 0.0875
0 0.1375 0.3078125 0.084375 0.0921875
0 0.0984375 0.478125 0.06875 0.11875
0 0.7703125 0.5484375 0.0578125 0.11875
0 0.9171875 0.4703125 0.06875 0.103125
0 0.415625 0.103125 0.1140625 0.08125
0 0.5953125 0.103125 0.1109375 0.0703125
0 0.2515625 0.190625 0.109375 0.103125
0 0.2578125 0.5140625 0.0734375 0.109375