0 0.8734375 0.575 0.1625 0.1140625
0 0.0984375 0.56875 0.1234375 0.1
0 0.3203125 0.584375 0.140625 0.109375
0 0.596875 0.584375 0.13125 0.1078125
0 0.5921875 0.4765625 0.1125 0.075
0 0.8203125 0.4875 0.1109375 0.08125
0 0.18125 0.471875 0.1109375 0.078125
0 0.734375 0.3328125 0.075 0.0453125
0 0.58125 0.40625 0.0890625 0.0578125
0 0.3703125 0.475 0.103125 0.08125
0 0.790625 0.425 0.09375 0.0625
0 0.39375 0.4109375 0.0921875 0.0546875
0 0.7734375 0.3734375 0.0859375 0.05
0 0.2234375 0.409375 0.0890625 0.05625
0 0.571875 0.3265625 0.071875 0.040625
0 0.434375 0.3265625 0.0640625 0.0375
0 0.5734375 0.359375 0.075 0.05
0 0.3140625 0.328125 0.071875 0.04375
0 0.41875 0.365625 0.078125 0.0453125
0 0.275 0.3609375 0.075 0.05