0 0.853125 0.565625 0.0953125 0.0828125
0 0.6703125 0.546875 0.125 0.075
0 0.8578125 0.421875 0.0828125 0.0578125
0 0.7625 0.484375 0.0984375 0.0765625
0 0.89375 0.48125 0.09375 0.075
0 0.496875 0.5671875 0.14375 0.0875
0 0.5359375 0.465625 0.1046875 0.0609375
0 0.1640625 0.584375 0.0984375 0.0953125
0 0.328125 0.55 0.1234375 0.08125
0 0.09375 0.5125 0.071875 0.05625
0 0.4203125 0.4671875 0.0859375 0.065625
0 0.721875 0.6328125 0.14375 0.1015625
0 0.259375 0.4453125 0.075 0.05625
0 0.5609375 0.4171875 0.0859375 0.05
0 0.3203125 0.390625 0.0828125 0.0671875
0 0.1171875 0.434375 0.078125 0.0640625
0 0.734375 0.425 0.0796875 0.05625
0 0.44375 0.4109375 0.09375 0.0609375
0 0.3078125 0.653125 0.1390625 0.09375
0 0.26875 0.4953125 0.075 0.053125
0 0.203125 0.3828125 0.0875 0.0546875
0 0.41875 0.3640625 0.090625 0.046875
0 0.7921875 0.38125 0.075 0.046875
0 0.5140625 0.6859375 0.16875 0.0890625
0 0.6390625 0.384375 0.0875 0.0375
0 0.696875 0.3515625 0.075 0.0390625
0 0.546875 0.359375 0.09375 0.0390625
0 0.3171875 0.346875 0.0796875 0.034375
0 0.5765625 0.3265625 0.08125 0.0421875
0 0.4421875 0.325 0.0796875 0.0296875