0 0.73125 0.825 0.1171875 0.1171875
0 0.8796875 0.6515625 0.1171875 0.1125
0 0.80625 0.2046875 0.115625 0.115625
0 0.5078125 0.9 0.115625 0.11875
0 0.2375 0.1453125 0.11875 0.1171875
0 0.671875 0.36875 0.1171875 0.115625
0 0.384375 0.6515625 0.115625 0.1125
0 0.28125 0.4828125 0.115625 0.1140625
0 0.2734375 0.8296875 0.1171875 0.1171875
0 0.7 0.54375 0.1171875 0.115625
0 0.353125 0.3265625 0.1171875 0.115625
0 0.903125 0.425 0.115625 0.115625
0 0.61875 0.08125 0.115625 0.115625
0 0.425 0.078125 0.115625 0.11875
0 0.125 0.6703125 0.11875 0.115625
0 0.0796875 0.48125 0.1171875 0.115625
0 0.5390625 0.2640625 0.115625 0.1171875
0 0.5125 0.4703125 0.1125 0.115625
0 0.1296875 0.284375 0.11875 0.115625
0 0.55 0.6609375 0.115625 0.115625