0 0.1265625 0.63125 0.0875 0.0671875
0 0.190625 0.5453125 0.0765625 0.0515625
0 0.259375 0.65625 0.0875 0.0625
0 0.3703125 0.4296875 0.0640625 0.0421875
0 0.33125 0.4953125 0.0734375 0.0484375
0 0.85 0.5125 0.0734375 0.053125
0 0.225 0.4703125 0.0703125 0.0453125
0 0.66875 0.38125 0.0609375 0.0390625
0 0.4609375 0.403125 0.0625 0.0453125
0 0.5640625 0.396875 0.0625 0.0421875
0 0.3046875 0.5609375 0.078125 0.05625
0 0.278125 0.4125 0.0625 0.04375
0 0.6703125 0.4234375 0.0625 0.0421875
0 0.5484375 0.4484375 0.065625 0.0453125
0 0.4140625 0.371875 0.0609375 0.040625
0 0.5578125 0.359375 0.0625 0.0375
0 0.4625 0.4625 0.06875 0.05
0 0.8984375 0.4734375 0.0703125 0.05
0 0.7359375 0.4625 0.06875 0.0484375
0 0.7859375 0.428125 0.0625 0.0453125