3 0.559375 0.8671875 0.1953125 0.153125
3 0.565625 0.1671875 0.178125 0.1515625
3 0.7734375 0.309375 0.1625 0.18125
3 0.45 0.3515625 0.2109375 0.1515625
3 0.1671875 0.36875 0.15625 0.18125
3 0.284375 0.825 0.196875 0.1375
3 0.34375 0.2125 0.1859375 0.1359375
3 0.4875 0.5328125 0.15625 0.1734375
3 0.1359375 0.6 0.1453125 0.1984375
3 0.796875 0.7328125 0.1625 0.1515625
3 0.646875 0.425 0.1515625 0.1765625
3 0.415625 0.6703125 0.196875 0.1234375
3 0.30625 0.4875 0.1453125 0.19375
3 0.6375 0.6359375 0.15625 0.1375
3 0.853125 0.5046875 0.1265625 0.1765625