0 0.1265625 0.1671875 0.2203125 0.11875
0 0.49375 0.3765625 0.209375 0.103125
0 0.265625 0.371875 0.159375 0.1140625
0 0.7421875 0.3875 0.2125 0.08125
0 0.090625 0.5546875 0.1546875 0.0921875
0 0.8734375 0.18125 0.228125 0.090625
0 0.6328125 0.1765625 0.2328125 0.1
0 0.38125 0.1859375 0.25 0.0828125
0 0.165625 0.7125 0.1140625 0.08125
0 0.8625 0.71875 0.1078125 0.06875
0 0.9171875 0.553125 0.1578125 0.0890625
0 0.1734375 0.85 0.1109375 0.075
0 0.515625 0.725 0.10625 0.05625
0 0.340625 0.721875 0.1078125 0.0640625
0 0.6796875 0.7203125 0.125 0.06875
0 0.69375 0.85 0.115625 0.075
0 0.5203125 0.853125 0.1109375 0.0671875
0 0.353125 0.8546875 0.1125 0.0640625
0 0.415625 0.5578125 0.153125 0.084375
0 0.8578125 0.84375 0.1046875 0.078125
0 0.75 0.5546875 0.153125 0.084375
0 0.2546875 0.5640625 0.1421875 0.071875
0 0.5828125 0.559375 0.1625 0.0765625