3 0.4859375 0.6515625 0.1921875 0.0796875
3 0.775 0.584375 0.1546875 0.075
3 0.653125 0.35625 0.10625 0.0546875
3 0.4890625 0.334375 0.10625 0.05625
3 0.1734375 0.4265625 0.1140625 0.0671875
3 0.890625 0.4765625 0.1046875 0.075
3 0.2234375 0.5875 0.153125 0.0734375
3 0.628125 0.4609375 0.10625 0.0765625
3 0.31875 0.3671875 0.11875 0.05625
3 0.4875 0.409375 0.15625 0.059375
3 0.1 0.496875 0.0953125 0.0765625
3 0.8 0.4 0.10625 0.0609375
3 0.403125 0.534375 0.1515625 0.0625
3 0.5796875 0.534375 0.1375 0.0671875
3 0.3578125 0.4734375 0.1078125 0.06875