2 0.5046875 0.671875 0.246875 0.134375
2 0.484375 0.4921875 0.1625 0.084375
2 0.8546875 0.646875 0.1875 0.1390625
2 0.7109375 0.50625 0.140625 0.0890625
2 0.88125 0.559375 0.1375 0.1
2 0.296875 0.51875 0.1125 0.078125
2 0.1234375 0.5609375 0.140625 0.0890625
2 0.7140625 0.5921875 0.0890625 0.0625
2 0.3375 0.5875 0.10625 0.075
2 0.6453125 0.5578125 0.1 0.05
2 0.55 0.60625 0.121875 0.084375
2 0.1671875 0.6328125 0.2 0.1234375
2 0.3640625 0.5515625 0.1 0.0609375
2 0.6046875 0.5828125 0.0578125 0.053125
2 0.4953125 0.540625 0.1078125 0.0375
2 0.4734375 0.584375 0.0875 0.053125
2 0.490625 0.5640625 0.0765625 0.0390625