2 0.171875 0.378125 0.275 0.0875
2 0.628125 0.703125 0.2015625 0.1078125
2 0.521875 0.64375 0.2015625 0.103125
2 0.8734375 0.603125 0.175 0.0921875
2 0.4453125 0.5796875 0.175 0.0859375
2 0.6609375 0.4296875 0.209375 0.0921875
2 0.3625 0.5109375 0.24375 0.1140625
2 0.7953125 0.5484375 0.1546875 0.075
2 0.725 0.4921875 0.1625 0.0765625
2 0.484375 0.3 0.2625 0.0984375
2 0.29375 0.4640625 0.2234375 0.0984375
2 0.5765625 0.384375 0.1875 0.08125
2 0.2234375 0.4234375 0.2171875 0.078125
2 0.53125 0.3359375 0.25 0.0953125