0 0.733125 0.115 0.44875 0.17
0 0.26375 0.111875 0.44 0.17875
0 0.26875 0.2975 0.45 0.165
0 0.768125 0.28875 0.35625 0.18
0 0.37375 0.62375 0.1325 0.2975
0 0.11 0.6 0.1425 0.35
0 0.62125 0.485625 0.1725 0.08625
0 0.84375 0.490625 0.1925 0.09625
0 0.2375 0.594375 0.135 0.35625
0 0.845625 0.6075 0.19375 0.085
0 0.845 0.713125 0.19 0.08875
0 0.626875 0.70875 0.18625 0.085
0 0.616875 0.600625 0.16375 0.08625
0 0.54375 0.888125 0.0675 0.12625
0 0.916875 0.8875 0.06125 0.125
0 0.08375 0.886875 0.0625 0.12875
0 0.6525 0.889375 0.065 0.12625
0 0.446875 0.89 0.05875 0.1225
0 0.35625 0.886875 0.0625 0.12625
0 0.18 0.8875 0.0625 0.1175
0 0.749375 0.8875 0.06375 0.125
0 0.265 0.889375 0.0575 0.12125
0 0.83 0.888125 0.065 0.12375