4 0.253125 0.166875 0.15125 0.12875
4 0.73 0.16625 0.1475 0.1275
4 0.6875 0.840625 0.1425 0.13625
4 0.301875 0.86 0.16125 0.1025
4 0.318125 0.281875 0.11625 0.09875
4 0.66375 0.270625 0.1225 0.10375
4 0.341875 0.743125 0.11375 0.09875
4 0.879375 0.524375 0.09875 0.15375
4 0.605625 0.36625 0.08625 0.07
4 0.661875 0.720625 0.10875 0.09625
4 0.236875 0.540625 0.08375 0.10875
4 0.395625 0.37375 0.08375 0.0725
4 0.509375 0.6475 0.08875 0.0575
4 0.359375 0.54 0.05875 0.0825
4 0.103125 0.52375 0.09625 0.1375
4 0.64 0.545 0.065 0.0825
4 0.750625 0.534375 0.08125 0.10375