1 0.38375 0.618125 0.195 0.13125
1 0.689375 0.610625 0.17125 0.12125
1 0.186875 0.57875 0.12625 0.0875
1 0.840625 0.584375 0.13375 0.09125
1 0.365 0.549375 0.12 0.08375
1 0.54125 0.57375 0.155 0.1
1 0.4924375 0.5249 0.11474999999999995 0.08508750000000007
1 0.34228749999999997 0.5087875 0.11693749999999997 0.08361249999999998
1 0.6484375 0.5244125 0.11676250000000003 0.07586250000000007
1 0.48901249999999996 0.48560000000000003 0.11377499999999997 0.05898750000000007
1 0.17578749999999999 0.528325 0.09503749999999998 0.07171250000000001
1 0.84375 0.5361375 0.09705000000000012 0.06745000000000005
1 0.2597625 0.4880375 0.08710000000000001 0.05987499999999997
1 0.542975 0.46386249999999996 0.09875 0.0559375
1 0.39770000000000005 0.47216250000000004 0.08105000000000004 0.04433750000000004
1 0.6787125 0.47753749999999995 0.07837500000000006 0.046025000000000066
1 0.7803125 0.4941375 0.08102499999999992 0.05633750000000006
1 0.63715 0.4910625 0.10715000000000004 0.06588750000000004