4 0.409375 0.56375 0.19375 0.095
4 0.69125 0.560625 0.2125 0.10375
4 0.1402125 0.5869125 0.23665 0.07125
4 0.919375 0.59125 0.13875 0.0725
4 0.06875 0.65125 0.1375 0.07
4 0.435 0.654375 0.14 0.05375
4 0.225 0.65625 0.11 0.06
4 0.275 0.60875 0.155 0.07
4 0.545625 0.5975 0.11875 0.07
4 0.084375 0.61625 0.14875 0.0675
4 0.49511249999999996 0.624025 0.09912499999999995 0.04723749999999995
4 0.6235375000000001 0.6709 0.07501250000000007 0.04443749999999994
4 0.7363249999999999 0.6015625 0.145625 0.069525
4 0.3356875 0.6704125000000001 0.07738749999999996 0.03927500000000009
4 0.711425 0.6743125000000001 0.0748875000000001 0.03747500000000002
4 0.8711 0.6318375 0.09741250000000008 0.048587499999999936
4 0.56055 0.648925 0.08929999999999992 0.04302500000000002
4 0.53565 0.6796875 0.05856250000000003 0.036987499999999895
4 0.6508750000000001 0.6347625000000001 0.08819999999999993 0.04501250000000006
4 0.83985 0.6557625 0.0546875 0.029199999999999875
4 0.7514624999999999 0.648925 0.055600000000000024 0.02770000000000003
4 0.33045 0.6351625 0.09462500000000001 0.04397500000000001