0 0.82125 0.66 0.13 0.12
0 0.61125 0.743125 0.14 0.12875
0 0.35 0.705 0.16 0.115
0 0.17625 0.601875 0.125 0.11875
0 0.891875 0.50875 0.09625 0.0975
0 0.580625 0.55125 0.13375 0.1025
0 0.185 0.3475 0.1 0.0725
0 0.085 0.48 0.1 0.1
0 0.296875 0.261875 0.07375 0.05375
0 0.3775 0.51625 0.12 0.1
0 0.85375 0.386875 0.085 0.06875
0 0.42375 0.225625 0.0725 0.04625
0 0.721875 0.295 0.08875 0.06
0 0.505 0.403125 0.1 0.08625
0 0.579375 0.24 0.06875 0.0475
0 0.644375 0.356875 0.08125 0.07625
0 0.68875 0.46375 0.0775 0.0925
0 0.408125 0.323125 0.09375 0.05875
0 0.30125 0.421875 0.0825 0.08375
0 0.54375 0.305625 0.0925 0.05875