4 0.649375 0.160625 0.32375 0.25875
4 0.30625 0.164375 0.325 0.25375
4 0.13875 0.401875 0.2425 0.22375
4 0.21625 0.5675 0.255 0.195
4 0.85125 0.399375 0.235 0.20875
4 0.496875 0.55125 0.17625 0.1925
4 0.790625 0.573125 0.23125 0.17375
4 0.61125 0.42 0.125 0.185
4 0.373125 0.414375 0.16375 0.15875
4 0.55375 0.74375 0.075 0.0975
4 0.80125 0.74375 0.0725 0.0975
4 0.193125 0.748125 0.06875 0.08625
4 0.681875 0.746875 0.07125 0.09375
4 0.42875 0.74875 0.0625 0.09
4 0.31125 0.744375 0.07 0.09875
4 0.36060000000000003 0.8574250000000001 0.04132499999999993 0.06197499999999991
4 0.186525 0.854975 0.042725000000000006 0.06421249999999987
4 0.4458 0.8598625 0.04208749999999995 0.056850000000000026
4 0.52295 0.86035 0.03918750000000003 0.05728749999999991
4 0.671875 0.86035 0.04327499999999986 0.05449999999999989
4 0.59815 0.8662125 0.03430000000000007 0.041687499999999884
4 0.7397499999999999 0.8642624999999999 0.03102499999999992 0.04083750000000009
4 0.805175 0.863775 0.030625 0.04217500000000001
4 0.2695375 0.8647499999999999 0.032650000000000005 0.04543749999999989
4 0.23145 0.9404250000000001 0.038599999999999995 0.05612500000000011
4 0.3161625 0.9443375 0.03307500000000001 0.040625
4 0.7001999999999999 0.9453125 0.030500000000000114 0.04384999999999991
4 0.480475 0.949225 0.023187499999999944 0.03258749999999992
4 0.6289125 0.949225 0.025625 0.030787500000000138
4 0.5625 0.948725 0.023287499999999996 0.030625
4 0.4043 0.9506874999999999 0.023599999999999996 0.0319874999999999
4 0.7734375 0.9501999999999999 0.022537499999999967 0.030099999999999908