1 0.85625 0.486875 0.225 0.15125
1 0.660625 0.588125 0.22375 0.16375
1 0.654375 0.3775 0.18625 0.1025
1 0.485 0.6225 0.08 0.08
1 0.65375 0.4825 0.1275 0.095
1 0.47375 0.361875 0.115 0.06875
1 0.326875 0.35875 0.08625 0.055
1 0.36987499999999995 0.6015625 0.06292500000000004 0.06021249999999995
1 0.2148875 0.40578749999999997 0.07473750000000003 0.045875000000000055
1 0.319825 0.41493749999999996 0.07105000000000004 0.0489125
1 0.5815625 0.4165 0.09237499999999997 0.056850000000000026
1 0.5220625 0.45637500000000003 0.08153750000000003 0.05912499999999994
1 0.117975 0.44799999999999995 0.06671250000000001 0.04761250000000004
1 0.274175 0.574225 0.06311250000000002 0.05291250000000005
1 0.415375 0.43998750000000003 0.08355000000000004 0.05825000000000003
1 0.21381250000000002 0.4514125 0.067425 0.04519999999999996
1 0.4514875 0.4025875 0.07278750000000002 0.04132500000000008
1 0.1866 0.557225 0.062575 0.05261250000000004
1 0.48298749999999996 0.5346625 0.07871250000000003 0.05498750000000001
1 0.1007125 0.5224625 0.0944875 0.05602500000000006
1 0.038625 0.48792499999999994 0.07217499999999999 0.04607500000000002
1 0.3642875 0.5336375 0.07849999999999994 0.058037499999999936
1 0.2893125 0.461425 0.05310000000000002 0.03933750000000003
1 0.18637499999999999 0.49174999999999996 0.053987499999999994 0.04120000000000004
1 0.44189999999999996 0.4868125 0.05521249999999995 0.04287499999999994
1 0.27066250000000003 0.5129 0.05435000000000002 0.0379625
1 0.35945 0.4793 0.05192499999999996 0.04135000000000005