0 0.83625 0.64375 0.135 0.115
0 0.19125 0.666875 0.145 0.11625
0 0.670625 0.754375 0.17625 0.10375
0 0.4075 0.7575 0.2025 0.1
0 0.110625 0.52 0.11125 0.105
0 0.195625 0.40375 0.10875 0.07
0 0.333125 0.3325 0.11125 0.06
0 0.51375 0.29625 0.1125 0.055
0 0.90625 0.535625 0.0725 0.06625
0 0.465625 0.60625 0.11375 0.0625
0 0.356875 0.555625 0.09375 0.07875
0 0.61125 0.604375 0.09 0.05625
0 0.34 0.461875 0.0925 0.07125
0 0.8675 0.45 0.07 0.0575
0 0.674375 0.331875 0.09375 0.04125
0 0.45375 0.40625 0.1075 0.0475
0 0.78625 0.3875 0.08 0.045
0 0.6925 0.538125 0.075 0.06125
0 0.6725 0.45875 0.07 0.0575
0 0.5925 0.40125 0.0725 0.0425
0 0.5039125 0.5249 0.059412499999999965 0.045262500000000046
0 0.5039125 0.4685 0.05792500000000004 0.03954999999999998
0 0.5683625 0.46997500000000003 0.0535875 0.034825000000000016
0 0.573725 0.5224625 0.05459999999999994 0.0390625