0 0.5694874999999999 0.9015125 0.13852500000000006 0.0905125000000001
0 0.41 0.419375 0.1 0.10375
0 0.863125 0.688125 0.09875 0.11875
0 0.9043000000000001 0.5377624999999999 0.08360000000000013 0.13301249999999995
0 0.755 0.813125 0.1175 0.10875
0 0.5862375 0.0887375 0.12497500000000002 0.08247499999999999
0 0.310625 0.1225 0.11625 0.07
0 0.436 0.08109999999999999 0.12200000000000003 0.07721250000000002
0 0.204375 0.209375 0.08625 0.10125
0 0.49143749999999997 0.179375 0.14787499999999995 0.07125
0 0.575 0.568125 0.1175 0.10875
0 0.720625 0.151875 0.10875 0.10125
0 0.7077625000000001 0.7265125 0.1005125000000001 0.10801250000000011
0 0.4153625 0.569775 0.1071875 0.11191249999999997
0 0.3882875 0.892675 0.12712500000000004 0.08048750000000013
0 0.8167749999999999 0.2524125 0.08433750000000004 0.1272625
0 0.5752 0.41479999999999995 0.10613749999999995 0.08178749999999994
0 0.553175 0.7877625 0.12121250000000003 0.08289999999999992
0 0.121225 0.347575 0.088875 0.11991249999999998
0 0.6490874999999999 0.2489 0.09732499999999994 0.11278750000000003
0 0.3292875 0.2546125 0.11760000000000001 0.10143749999999997
0 0.77035 0.5836625 0.08935000000000003 0.12649999999999997
0 0.8870999999999999 0.3853375 0.08632499999999993 0.11405000000000001
0 0.1332875 0.6631 0.08712499999999998 0.13587500000000005
0 0.22745 0.799225 0.11251249999999999 0.11359999999999985
0 0.09165 0.51035 0.0698 0.11477499999999992
0 0.22418749999999998 0.6161 0.07901249999999997 0.12076249999999994
0 0.7553749999999999 0.4021 0.08178750000000008 0.13232500000000003
0 0.2086875 0.42192500000000005 0.07741250000000001 0.14222499999999996
0 0.3566375 0.7563 0.1259375 0.10106249999999989