0 0.515625 0.7175 0.12375 0.0375
0 0.376875 0.653125 0.16875 0.05375
0 0.325 0.7075 0.1075 0.045
0 0.16375 0.668125 0.0875 0.04875
0 0.599375 0.66 0.12375 0.0575
0 0.21875 0.600625 0.1025 0.06125
0 0.6875 0.705 0.1 0.0425
0 0.4125 0.59625 0.19 0.065
0 0.61875 0.59875 0.1475 0.0625
0 0.08375 0.606875 0.0625 0.05125
0 0.810625 0.670625 0.07875 0.04375
0 0.261725 0.5327125 0.08978749999999998 0.0789125
0 0.14685 0.5380875 0.06982499999999998 0.05676249999999996
0 0.7529250000000001 0.6088875 0.07666249999999991 0.049962500000000035
0 0.5556625 0.5546875 0.11181250000000005 0.04821250000000006
0 0.15404999999999996 0.47705 0.055299999999999995 0.05060000000000002
0 0.38403750000000003 0.44994999999999996 0.12743750000000006 0.05108750000000001
0 0.8388625000000001 0.559575 0.07226249999999994 0.06063749999999999
0 0.9013625000000001 0.6347625 0.055600000000000024 0.04208749999999995
0 0.26245 0.45653750000000004 0.09088749999999997 0.06084999999999994
0 0.059112500000000005 0.474125 0.05371250000000001 0.03307500000000005
0 0.048487499999999996 0.5332 0.042024999999999986 0.040012499999999986
0 0.9462875 0.5918 0.05023750000000007 0.039124999999999945
0 0.6919 0.44823749999999996 0.1015625 0.05655000000000001
0 0.6567375 0.515625 0.06902500000000003 0.07879999999999995
0 0.449225 0.5 0.08465000000000003 0.06463750000000004
0 0.7338875 0.5297875 0.06793749999999989 0.07629999999999995
0 0.9067375 0.4787625 0.05371250000000003 0.04443749999999994
0 0.5502875 0.46728749999999997 0.11028750000000002 0.041387500000000015
0 0.8291 0.502925 0.06622500000000002 0.05420000000000002
0 0.32738750000000005 0.4982875 0.06076250000000002 0.048675000000000065
0 0.60205 0.4453125 0.08978749999999998 0.0546875
0 0.39575000000000005 0.400875 0.15051249999999997 0.03760000000000005
0 0.2273 0.419925 0.08227499999999999 0.04700000000000003
0 0.1055875 0.43261249999999996 0.05953749999999999 0.03010000000000005
0 0.8373999999999999 0.43432499999999996 0.05498750000000001 0.026200000000000046
0 0.5722625 0.40332500000000004 0.13366249999999993 0.03823750000000004
0 0.14880000000000002 0.400875 0.06745000000000001 0.027374999999999972
0 0.7583 0.44433750000000005 0.07263749999999987 0.04793750000000003
0 0.77295 0.392575 0.06842500000000001 0.03228750000000005
0 0.9550749999999999 0.538575 0.03844999999999999 0.046025000000000066
0 0.41259999999999997 0.534175 0.07683750000000003 0.031200000000000047
0 0.525875 0.534175 0.08801249999999997 0.031025000000000063
0 0.34106250000000005 0.5434625 0.04723749999999999 0.04986249999999998
0 0.23462499999999997 0.3774375 0.06805 0.025262500000000045
0 0.6113249999999999 0.37695 0.10431249999999999 0.038912499999999996
0 0.33153750000000004 0.38403750000000003 0.07965000000000004 0.03876249999999999
0 0.455075 0.37060000000000004 0.09387500000000003 0.031500000000000056
0 0.49560000000000004 0.42064999999999997 0.09601249999999993 0.029749999999999943
0 0.40161250000000004 0.484125 0.053987499999999924 0.03573750000000004
0 0.5263625 0.4921875 0.037900000000000066 0.040374999999999946
0 0.6816374999999999 0.36792499999999995 0.06280000000000001 0.02232500000000002
0 0.42528750000000004 0.567875 0.10088750000000005 0.033725000000000026
0 0.582525 0.5083 0.02681250000000006 0.037900000000000066
0 0.39380000000000004 0.34228749999999997 0.06084999999999994 0.022462500000000035
0 0.49658749999999996 0.34448749999999995 0.07287499999999994 0.018337499999999948
0 0.32689999999999997 0.3537625 0.07653750000000002 0.01791250000000005
0 0.5878875 0.35205 0.06231250000000003 0.01501249999999999