1 0.138125 0.438125 0.26125 0.18875
1 0.256875 0.606875 0.22875 0.12625
1 0.38875 0.428125 0.2075 0.11875
1 0.38875 0.2775 0.2275 0.1125
1 0.3375 0.7775 0.1525 0.0975
1 0.529375 0.35875 0.19125 0.105
1 0.42676250000000004 0.7163124999999999 0.13646249999999996 0.09847499999999997
1 0.6225625 0.434175 0.1267 0.07977500000000007
1 0.5447500000000001 0.49065 0.14326250000000001 0.07746250000000003
1 0.8149375000000001 0.306325 0.12669999999999987 0.07198750000000004
1 0.62745 0.31762500000000005 0.11777499999999996 0.06425
1 0.5182249999999999 0.6557625 0.10719999999999999 0.0725125
1 0.45630000000000004 0.5463875 0.14037499999999994 0.05792500000000004
1 0.7241 0.3868125 0.10268750000000011 0.06738749999999996
1 0.6212375 0.5743874999999999 0.10527500000000004 0.06857500000000001
1 0.8544875000000001 0.396 0.09283749999999998 0.050137500000000015
1 0.770325 0.3359375 0.09203750000000013 0.056025000000000026
1 0.6847624999999999 0.5341875 0.10173750000000005 0.05467500000000001
1 0.730475 0.4995125 0.09997500000000002 0.05428749999999994
1 0.5903375 0.604975 0.08960000000000008 0.06939999999999998
1 0.7577875000000001 0.46997500000000003 0.08680000000000007 0.05393749999999997
1 0.7910124999999999 0.44238750000000004 0.08710000000000008 0.04894999999999996
1 0.9362375000000001 0.3308375 0.06577499999999986 0.047300000000000036
1 0.9599625 0.311275 0.06902500000000003 0.04052500000000002
1 0.8195125 0.42045 0.0743875 0.03498750000000001
1 0.9042749999999999 0.35402500000000003 0.08109999999999985 0.05697500000000005
1 0.8704875 0.37477499999999997 0.09462500000000006 0.05021249999999995