3 0.78 0.16375 0.3725 0.325
3 0.283125 0.19125 0.41125 0.285
3 0.404375 0.45375 0.23875 0.28
3 0.16125 0.453125 0.2075 0.28125
3 0.66625 0.466875 0.175 0.27375
3 0.551875 0.665625 0.18125 0.16625
3 0.85 0.46625 0.1825 0.265
3 0.305 0.675 0.1825 0.16
3 0.805625 0.674375 0.19125 0.13625
3 0.3442375 0.8349625 0.114375 0.09569999999999994
3 0.0758625 0.8422875000000001 0.11395 0.08240000000000008
3 0.06952499999999999 0.7324250000000001 0.10143750000000001 0.08405000000000001
3 0.21789999999999998 0.8388625000000001 0.10876249999999998 0.08868750000000006
3 0.06915 0.9394499999999999 0.11615 0.09466250000000002
3 0.21326250000000002 0.9399375000000001 0.10821249999999999 0.09368750000000006
3 0.344 0.9467749999999999 0.11596249999999998 0.07848749999999996
3 0.555175 0.8881874999999999 0.07452500000000001 0.0629249999999999
3 0.4589875 0.8188500000000001 0.0789125 0.049499999999999884
3 0.56055 0.9560500000000001 0.07452500000000001 0.05728749999999991
3 0.5546875 0.8173874999999999 0.07452500000000001 0.049774999999999923
3 0.6484375 0.8852500000000001 0.07159999999999997 0.053587499999999864
3 0.46265 0.9565375 0.07342500000000002 0.05441249999999997
3 0.7123999999999999 0.8149375000000001 0.06210000000000008 0.05646250000000009
3 0.46240000000000003 0.8886750000000001 0.07751249999999998 0.0554249999999999
3 0.63965 0.8159125 0.06902500000000003 0.05331250000000012
3 0.729975 0.9560500000000001 0.06131249999999994 0.05318749999999994
3 0.7314499999999999 0.8842749999999999 0.06995000000000004 0.05212500000000006
3 0.6508750000000001 0.9555625000000001 0.06268750000000005 0.05530000000000001
3 0.8598625 0.8334999999999999 0.05108749999999986 0.03539999999999992
3 0.9238249999999999 0.8339875000000001 0.04452499999999986 0.03302500000000009
3 0.8037125 0.8383750000000001 0.04568749999999994 0.03102499999999992
3 0.9682625 0.8627875 0.04336250000000007 0.03021250000000009
3 0.8076125000000001 0.9692375 0.04558750000000003 0.03389999999999986
3 0.9736374999999999 0.9545874999999999 0.03378749999999996 0.035
3 0.9316374999999999 0.9711875000000001 0.035887500000000044 0.03155000000000001
3 0.97315 0.9081999999999999 0.038600000000000134 0.027262499999999933
3 0.8647499999999999 0.8847624999999999 0.04467500000000001 0.027075000000000102
3 0.8066374999999999 0.8818375 0.046812500000000055 0.0284375
3 0.8076125000000001 0.9199250000000001 0.04477499999999992 0.0316749999999999
3 0.8662125 0.9277375000000001 0.041387499999999876 0.029812499999999888
3 0.9282250000000001 0.9257875 0.04247500000000002 0.028925000000000124
3 0.8652375000000001 0.97315 0.03634999999999991 0.027849999999999965
3 0.9209 0.882325 0.04287499999999994 0.02438749999999999