4 0.935625 0.454375 0.11375 0.09875
4 0.7175 0.729375 0.1675 0.11125
4 0.320625 0.3075 0.12375 0.0725
4 0.2975 0.728125 0.1925 0.10875
4 0.085625 0.475625 0.10875 0.09125
4 0.686875 0.294375 0.11875 0.07125
4 0.650625 0.593125 0.10625 0.08875
4 0.40375 0.581875 0.1175 0.08625
4 0.754375 0.468125 0.08125 0.06875
4 0.364375 0.38625 0.09625 0.065
4 0.279375 0.4975 0.07625 0.0825
4 0.68375 0.3675 0.105 0.0625
4 0.458125 0.408125 0.07375 0.05375
4 0.50375 0.53125 0.0875 0.0475
4 0.618125 0.471875 0.06125 0.05875
4 0.575 0.40375 0.075 0.0425
4 0.394375 0.48625 0.05125 0.06