2 0.501875 0.12125 0.19125 0.1275
2 0.224375 0.243125 0.15375 0.14875
2 0.789375 0.7225 0.15375 0.1675
2 0.103125 0.501875 0.11125 0.17625
2 0.74375 0.2225 0.1525 0.1275
2 0.865 0.445 0.1175 0.1675
2 0.508125 0.8875 0.16125 0.1
2 0.223125 0.77875 0.13625 0.1275
2 0.46125 0.343125 0.105 0.09625
2 0.664375 0.574375 0.08375 0.11625
2 0.3325 0.45 0.0825 0.0975
2 0.355 0.635625 0.1025 0.10375
2 0.636875 0.419375 0.10875 0.08625
2 0.5225 0.686875 0.11 0.09375
2 0.444375 0.486875 0.08375 0.08125
2 0.541875 0.466875 0.07375 0.07875
2 0.495 0.565 0.0925 0.0625