1 0.476875 0.150625 0.43125 0.27625
1 0.829375 0.315625 0.18625 0.24625
1 0.14875 0.37375 0.2375 0.2625
1 0.425 0.541875 0.1375 0.15625
1 0.924375 0.535 0.08125 0.1125
1 0.51375 0.431875 0.1225 0.12125
1 0.59625 0.53125 0.14 0.1425
1 0.893125 0.68125 0.07625 0.1025
1 0.784375 0.795625 0.09375 0.11875
1 0.085625 0.643125 0.10375 0.13125
1 0.181875 0.7825 0.09875 0.11
1 0.267825 0.8769499999999999 0.0758625 0.0725125
1 0.6333 0.761725 0.07092500000000002 0.07056250000000006
1 0.39354999999999996 0.676275 0.09222499999999996 0.07824999999999996
1 0.7714875000000001 0.5859375 0.049774999999999923 0.08618750000000006
1 0.4975625 0.78955 0.07575000000000003 0.0629249999999999
1 0.711425 0.444825 0.0642750000000001 0.08526250000000005
1 0.25 0.6044874999999998 0.05987499999999997 0.08526249999999998
1 0.7294875000000001 0.6958 0.06683750000000004 0.06197499999999991
1 0.2915 0.7060500000000001 0.060849999999999974 0.06634999999999991
1 0.3811 0.926275 0.10247500000000002 0.07409999999999997
1 0.6347625 0.8955124999999999 0.12512500000000004 0.09618750000000005
1 0.557125 0.6933625000000001 0.11780000000000002 0.07891250000000014
1 0.4978 0.9292 0.09222499999999996 0.08050000000000011
1 0.6855500000000001 0.6201125 0.05340000000000003 0.06051249999999996
1 0.38354999999999995 0.7788124999999999 0.07837500000000006 0.06421249999999987
1 0.365475 0.3811 0.08568749999999994 0.06231250000000003
1 0.2808125 0.478725 0.07587499999999998 0.07132499999999993
1 0.4854375 0.329425 0.08135000000000005 0.05709999999999997
1 0.6259875 0.34828749999999997 0.0754625 0.06344999999999999