0 0.070625 0.738125 0.08375 0.18625
0 0.34625 0.734375 0.1 0.17625
0 0.201875 0.740625 0.10125 0.15375
0 0.466875 0.735625 0.06625 0.19625
0 0.929375 0.745 0.08375 0.18
0 0.696875 0.736875 0.09125 0.16375
0 0.57375 0.741875 0.0775 0.15375
0 0.821875 0.74 0.08125 0.1775
0 0.07125 0.321875 0.07 0.08625
0 0.9425 0.510625 0.0575 0.08625
0 0.0625 0.505 0.0525 0.08
0 0.13 0.508125 0.06 0.08875
0 0.216875 0.32 0.04875 0.0925
0 0.295625 0.31625 0.04625 0.105
0 0.33799999999999997 0.5080250000000001 0.057950000000000015 0.08026250000000004
0 0.19982500000000003 0.50635 0.05072499999999998 0.07977500000000007
0 0.7949250000000001 0.5087875 0.05060000000000002 0.07903750000000002
0 0.6372125 0.5087875 0.04949999999999996 0.09125
0 0.14807499999999998 0.3225125 0.04232499999999998 0.06878749999999996
0 0.9462875 0.32886249999999995 0.05013749999999988 0.08227500000000003
0 0.8667 0.513675 0.0394874999999999 0.07159999999999997
0 0.7128874999999999 0.511225 0.05099999999999994 0.07196250000000007
0 0.409925 0.5098375 0.05051249999999996 0.07810000000000002
0 0.8227500000000001 0.3337375 0.044012500000000045 0.06536249999999999
0 0.27075 0.5097625 0.05081249999999997 0.07159999999999997
0 0.8872125 0.33740000000000003 0.040674999999999954 0.06143749999999997
0 0.47997500000000004 0.5161125 0.06021249999999995 0.061650000000000066
0 0.10522500000000001 0.177975 0.03283750000000001 0.044337500000000016
0 0.0575875 0.1735875 0.03516249999999999 0.03869999999999999
0 0.9199250000000001 0.17883749999999998 0.027849999999999965 0.04208750000000002
0 0.5620125 0.3396 0.028062500000000056 0.052912500000000015
0 0.18932500000000002 0.1726125 0.0320375 0.044925
0 0.9584999999999999 0.1767625 0.030787500000000138 0.041325
0 0.14794999999999997 0.1748 0.02897499999999999 0.03683749999999998
0 0.3107875 0.17541250000000003 0.030625 0.0403125
0 0.42090000000000005 0.33716250000000003 0.026500000000000058 0.049037500000000026
0 0.23107500000000003 0.17712499999999998 0.03143749999999997 0.04168750000000001
0 0.61865 0.34643749999999995 0.03408749999999998 0.044775000000000065
0 0.6713875 0.3382 0.024137499999999933 0.06676249999999996
0 0.44653750000000003 0.17835 0.028062500000000056 0.041225000000000005
0 0.7206999999999999 0.33691249999999995 0.025949999999999987 0.05261250000000004
0 0.8042 0.17835 0.027224999999999965 0.0403125
0 0.8422875000000001 0.177 0.027737500000000068 0.04369999999999999
0 0.4682625 0.3396 0.02571250000000006 0.05269999999999996
0 0.7682375 0.33471249999999997 0.023862499999999898 0.06325000000000003
0 0.271 0.17809999999999998 0.025762500000000018 0.03607500000000002
0 0.400875 0.1767625 0.02855000000000004 0.03677500000000002
0 0.511225 0.33691249999999995 0.023462499999999976 0.04867500000000003
0 0.555175 0.17883749999999998 0.026462499999999948 0.04052500000000002
0 0.359125 0.1767625 0.020762500000000017 0.04067500000000001
0 0.604 0.17993749999999997 0.021287499999999966 0.04526249999999999
0 0.8818375 0.17370000000000002 0.020762499999999875 0.035675000000000005
0 0.5004875 0.18005 0.021037500000000053 0.043612499999999985
0 0.7641625000000001 0.17883749999999998 0.026412500000000137 0.034025000000000034
0 0.6875 0.1787125 0.023774999999999977 0.033725000000000026
0 0.6416 0.17835 0.030625 0.033262500000000014
0 0.7246125000000001 0.177 0.019087499999999976 0.036987499999999986
0 0.358425 0.33177500000000004 0.03666250000000005 0.07537499999999998
0 0.5575125 0.5128125 0.045649999999999975 0.07564999999999998