0 0.516875 0.104375 0.17875 0.12125
0 0.2625 0.204375 0.1575 0.15125
0 0.1525 0.4025 0.125 0.155
0 0.7475 0.18375 0.165 0.135
0 0.878125 0.37375 0.12375 0.15
0 0.51875 0.884375 0.14 0.09875
0 0.45875 0.271875 0.115 0.08125
0 0.16625 0.631875 0.1275 0.15375
0 0.610625 0.278125 0.09375 0.08125
0 0.75375 0.803125 0.16 0.14375
0 0.883125 0.6 0.12375 0.1525
0 0.598125 0.711875 0.11375 0.08625
0 0.27375 0.80375 0.1275 0.1125
0 0.3375 0.3975 0.115 0.1275
0 0.7225 0.375625 0.0875 0.11125
0 0.48375 0.4275 0.095 0.08
0 0.415625 0.700625 0.11375 0.08625
0 0.589375 0.426875 0.09375 0.08375
0 0.70875 0.635625 0.085 0.09125
0 0.765625 0.516875 0.05625 0.07625
0 0.455 0.540625 0.0625 0.07375
0 0.316875 0.558125 0.10375 0.13625
0 0.5425 0.584375 0.0775 0.05875
0 0.618125 0.53625 0.06125 0.0725