4 0.6647157190635451 0.29127906976744183 0.13043478260869565 0.11744186046511627
4 0.5167224080267558 0.1691860465116279 0.1454849498327759 0.09651162790697675
4 0.7382943143812709 0.4994186046511628 0.1488294314381271 0.13837209302325582
4 0.27759197324414714 0.6023255813953489 0.14046822742474915 0.14186046511627906
4 0.327566889632107 0.30384883720930234 0.12908026755852842 0.13696511627906977
4 0.23005016722408025 0.3846860465116279 0.12959030100334448 0.12774418604651164
4 0.8339464882943143 0.40776744186046515 0.14815217391304342 0.11773255813953488
4 0.13494147157190634 0.4572441860465116 0.12920568561872908 0.12755813953488376
4 0.5797240802675585 0.36227906976744184 0.14014214046822734 0.1250348837209302
4 0.38926421404682277 0.5201511627906976 0.14291806020066886 0.14005813953488377
4 0.4196989966555184 0.22798837209302325 0.12941471571906357 0.10932558139534881
4 0.46916387959866224 0.4396860465116279 0.14305183946488292 0.12350000000000004
4 0.6338294314381271 0.5818255813953488 0.1535284280936454 0.13995348837209298
4 0.5382190635451505 0.6838023255813954 0.15879598662207364 0.14913953488372092
4 0.43989966555183946 0.777453488372093 0.17483277591973242 0.16140697674418597