0 0.489375 0.100625 0.10125 0.06875
0 0.7736875000000001 0.7952125 0.06736250000000013 0.07292499999999989
0 0.100625 0.468125 0.07125 0.09125
0 0.694375 0.5799375 0.08625 0.09236249999999999
0 0.74 0.189375 0.0675 0.06625
0 0.5017375 0.8064625 0.06597499999999996 0.0629249999999999
0 0.6386125 0.1157625 0.06722499999999997 0.059037499999999986
0 0.438125 0.1945125 0.06375 0.05403750000000002
0 0.251875 0.355 0.07625 0.0625
0 0.63875 0.491875 0.0725 0.08125
0 0.5586875 0.19013750000000001 0.07847499999999996 0.06278750000000001
0 0.405625 0.8917375 0.11375 0.06347499999999996
0 0.66625 0.23875 0.075 0.075
0 0.355625 0.431875 0.07875 0.06625
0 0.5070125 0.3129875 0.09153750000000002 0.07597499999999996
0 0.744375 0.348125 0.06375 0.07625
0 0.811875 0.261875 0.05875 0.05875
0 0.3975 0.671875 0.0575 0.07625
0 0.61375 0.291875 0.065 0.05375
0 0.5479875 0.905625 0.06847499999999997 0.06125
0 0.316875 0.254375 0.05875 0.05375
0 0.5568124999999999 0.455625 0.061112499999999986 0.04625
0 0.391875 0.326875 0.03625 0.07625
0 0.6302125000000001 0.3904875 0.08542500000000004 0.06847499999999997
0 0.400625 0.520625 0.05125 0.07625
0 0.7917375 0.5857625 0.043474999999999965 0.06903750000000003
0 0.7789625 0.4675 0.0679249999999999 0.0725
0 0.38673749999999996 0.7667375 0.07597499999999996 0.03847499999999997
0 0.8913249999999999 0.4795125 0.09514999999999986 0.08903750000000002
0 0.8293125 0.7073125 0.06944999999999993 0.06773750000000006
0 0.67655 0.860625 0.07608749999999993 0.07710000000000009
0 0.632675 0.7836875000000001 0.06948749999999997 0.0642750000000001
0 0.2120375 0.20532499999999998 0.051175 0.06396250000000002
0 0.11456250000000001 0.6162125 0.05530000000000001 0.06745000000000005
0 0.13317500000000002 0.32738750000000005 0.0594125 0.07721249999999998
0 0.3244625 0.1337875 0.0788 0.0754375
0 0.166875 0.7290000000000001 0.06008749999999999 0.07465000000000004
0 0.23864999999999997 0.4555625 0.044862499999999986 0.06063749999999999
0 0.2408125 0.60505 0.060662500000000036 0.07619999999999998
0 0.874025 0.35814999999999997 0.07226249999999994 0.07397499999999994
0 0.317625 0.5625 0.05318750000000001 0.08496250000000004
0 0.7108 0.7011750000000001 0.08846249999999997 0.04418749999999989
0 0.60205 0.7055625000000001 0.0496875 0.05737500000000011
0 0.2683125 0.8346750000000001 0.08776249999999998 0.07163749999999994
0 0.887275 0.61405 0.07688749999999998 0.08741250000000007
0 0.5791 0.59815 0.05498750000000001 0.06745000000000005
0 0.5004875 0.6840875 0.06268749999999997 0.0753125
0 0.4628875 0.4338375 0.07519999999999996 0.07433750000000003
0 0.28633749999999997 0.7138625000000001 0.06071249999999999 0.07721249999999998
0 0.48877499999999996 0.5586 0.09186250000000001 0.10302499999999995