0 0.340625 0.69 0.16625 0.11
0 0.56375 0.696875 0.1775 0.11125
0 0.19125 0.646875 0.135 0.11625
0 0.771875 0.6725 0.13375 0.105
0 0.27125 0.42125 0.0925 0.06
0 0.16 0.48 0.0975 0.07
0 0.4175 0.388125 0.1075 0.05375
0 0.103125 0.560625 0.09375 0.08875
0 0.8025 0.460625 0.0975 0.06625
0 0.69625 0.413125 0.1 0.05375
0 0.65625 0.553125 0.1225 0.08625
0 0.56 0.38875 0.1 0.0625
0 0.499375 0.579375 0.14375 0.10125
0 0.671875 0.481875 0.09125 0.07375
0 0.866875 0.6025 0.10875 0.105
0 0.531875 0.440625 0.11125 0.05625
0 0.390625 0.4575 0.11375 0.07
0 0.88375 0.52625 0.0775 0.0775
0 0.34625 0.52875 0.105 0.095
0 0.513125 0.506875 0.10375 0.07375