2 0.505 0.6725 0.2475 0.135
2 0.485 0.4925 0.1625 0.085
2 0.855 0.64625 0.1875 0.14
2 0.710625 0.50625 0.14125 0.09
2 0.880625 0.56 0.13875 0.1
2 0.29625 0.519375 0.1125 0.07875
2 0.123125 0.56125 0.14125 0.09
2 0.71375 0.591875 0.09 0.06375
2 0.336875 0.5882625 0.10625 0.07596249999999997
2 0.645625 0.5575 0.10125 0.05
2 0.55025 0.6063875 0.12299999999999997 0.08471249999999998
2 0.16725 0.6332 0.20051249999999995 0.12359999999999999
2 0.363975 0.5509875000000001 0.10051249999999996 0.061862500000000015
2 0.604425 0.58285 0.058887500000000016 0.05371250000000003
2 0.49524999999999997 0.5403 0.10861249999999999 0.03840000000000003
2 0.474125 0.585125 0.08883750000000007 0.05441249999999997
2 0.4904625 0.563675 0.07680000000000006 0.03985