0 0.126875 0.1675 0.22125 0.12
0 0.49375 0.376875 0.21 0.10375
0 0.265 0.37125 0.16 0.115
0 0.741875 0.388125 0.21375 0.08125
0 0.09125 0.555 0.155 0.0925
0 0.873125 0.180625 0.22875 0.09125
0 0.633125 0.176875 0.23375 0.10125
0 0.381875 0.185625 0.25125 0.08375
0 0.16625 0.713125 0.115 0.08125
0 0.863125 0.71875 0.10875 0.07
0 0.916875 0.5525 0.15875 0.09
0 0.173125 0.85 0.11125 0.075
0 0.515 0.725 0.1075 0.0575
0 0.340625 0.72125 0.10875 0.065
0 0.68 0.72 0.125 0.07
0 0.693125 0.849375 0.11625 0.07625
0 0.520625 0.85375 0.11125 0.0675
0 0.35375 0.855 0.1125 0.065
0 0.415625 0.5575 0.15375 0.085
0 0.8575 0.843125 0.105 0.07875
0 0.750625 0.555 0.15375 0.085
0 0.255 0.56375 0.1425 0.0725
0 0.5825 0.56 0.1625 0.0775