0 0.635 0.32875 0.155 0.055
0 0.125625 0.835 0.16625 0.08
0 0.8 0.3325 0.155 0.0525
0 0.335625 0.83625 0.15625 0.075
0 0.130625 0.651875 0.17875 0.05125
0 0.84875 0.82625 0.195 0.09
0 0.140625 0.494375 0.16375 0.04875
0 0.63375 0.824375 0.2025 0.09125
0 0.6475 0.498125 0.14 0.06625
0 0.79875 0.495 0.14 0.0675
0 0.328125 0.65625 0.17875 0.0525
0 0.63875 0.1675 0.135 0.04
0 0.786875 0.1675 0.13375 0.04
0 0.2825 0.164375 0.115 0.04625
0 0.1625 0.166875 0.1125 0.04375
0 0.319375 0.495 0.15625 0.05
0 0.3075 0.330625 0.1425 0.04375
0 0.14375 0.328125 0.135 0.04375
0 0.653125 0.654375 0.16375 0.05125
0 0.821875 0.649375 0.15875 0.05125
0 0.7125 0.168125 0.2825 0.04375