2 0.794375 0.835 0.11875 0.115
2 0.345625 0.0825 0.11125 0.07
2 0.9225 0.6825 0.085 0.1175
2 0.11375 0.7375 0.1125 0.1275
2 0.61875 0.93 0.1225 0.1025
2 0.504375 0.060625 0.11375 0.07875
2 0.210625 0.150625 0.11375 0.10125
2 0.250625 0.87875 0.10875 0.1
2 0.9025 0.33875 0.09 0.1075
2 0.95375 0.506875 0.075 0.11875
2 0.428125 0.934375 0.11875 0.08375
2 0.1025 0.2675 0.0975 0.12
2 0.659375 0.093125 0.11875 0.08875
2 0.8175 0.19375 0.1175 0.1
2 0.048125 0.415625 0.07625 0.12375
2 0.048125 0.570625 0.07625 0.11125