2 0.1725 0.608125 0.3325 0.15125
2 0.81625 0.62 0.3225 0.165
2 0.204375 0.516875 0.27125 0.13875
2 0.735 0.534375 0.2425 0.14125
2 0.66875 0.485625 0.185 0.10375
2 0.246875 0.46375 0.18375 0.115
2 0.2879 0.43052500000000005 0.13492499999999996 0.09792500000000004
2 0.336425 0.3669375 0.13158749999999997 0.06176249999999996
2 0.323975 0.4085375 0.12353750000000002 0.08025000000000006
2 0.34845 0.38565 0.11416250000000001 0.060037499999999966
2 0.6582125000000001 0.44536250000000005 0.1610999999999999 0.0797
2 0.630925 0.4143 0.11962500000000005 0.06978750000000006
2 0.5918 0.38511249999999997 0.129225 0.06267499999999998
2 0.5740124999999999 0.36231250000000004 0.11766249999999999 0.06681250000000005