1 0.179375 0.26375 0.29875 0.1675
1 0.505 0.125 0.29 0.125
1 0.838125 0.264375 0.29875 0.16625
1 0.384375 0.365625 0.19375 0.14375
1 0.63375 0.369375 0.17 0.15375
1 0.759375 0.54 0.13625 0.1
1 0.52 0.4775 0.1375 0.0825
1 0.249375 0.546875 0.14625 0.09625
1 0.31152500000000005 0.6586875000000001 0.10705000000000002 0.07134999999999998
1 0.1355 0.7392624999999999 0.10467500000000002 0.07935000000000002
1 0.7123999999999999 0.66455 0.11242500000000007 0.06963750000000005
1 0.5214875 0.6220750000000002 0.114375 0.05718750000000007
1 0.8916 0.7309625 0.10486250000000012 0.07409999999999997
1 0.37792499999999996 0.7583 0.06878749999999996 0.04715000000000003
1 0.18969999999999998 0.8359375 0.06671250000000001 0.0579249999999999
1 0.7607375000000001 0.8022499999999999 0.06634999999999991 0.05371250000000003
1 0.28125 0.7846625 0.06842500000000001 0.0488624999999999
1 0.5776375 0.7519499999999999 0.06396249999999995 0.03918749999999989
1 0.6723625 0.7714875000000001 0.06622500000000002 0.03802500000000009
1 0.47997500000000004 0.7461 0.06658749999999998 0.03732499999999987
1 0.84815 0.84375 0.06525000000000006 0.0514500000000001
1 0.34595 0.8344750000000001 0.054599999999999975 0.037050000000000125
1 0.605475 0.8212875 0.0559375 0.03353749999999991
1 0.703125 0.8486374999999999 0.05490000000000009 0.03897500000000008
1 0.5141625 0.805175 0.05340000000000003 0.03283749999999998
1 0.2575625 0.8706 0.05441249999999997 0.04788749999999993
1 0.43603749999999997 0.8125 0.048312499999999974 0.027075000000000102
1 0.7783249999999999 0.8911125 0.05371250000000003 0.04083750000000009