0 0.468125 0.11875 0.16625 0.1125
0 0.280625 0.1775 0.15125 0.135
0 0.655 0.13 0.125 0.0975
0 0.8825 0.515 0.11 0.1475
0 0.1325 0.571875 0.1125 0.14875
0 0.12 0.404375 0.0775 0.09125
0 0.36625 0.399375 0.1075 0.11875
0 0.80625 0.719375 0.13 0.13625
0 0.235625 0.75875 0.13125 0.1325
0 0.793125 0.2175 0.08375 0.0875
0 0.15375 0.286875 0.0625 0.07375
0 0.345 0.565 0.0825 0.105
0 0.635625 0.848125 0.15875 0.12625
0 0.88125 0.338125 0.0625 0.06875
0 0.41625 0.858125 0.16 0.12125
0 0.65 0.368125 0.1175 0.10875
0 0.595 0.53 0.085 0.1025
0 0.4425 0.66375 0.0875 0.0825
0 0.7125 0.49875 0.0725 0.0925
0 0.4675 0.535 0.095 0.095
0 0.663125 0.626875 0.06125 0.06875
0 0.52875 0.43875 0.11 0.075
0 0.559375 0.688125 0.07375 0.05875
0 0.5075 0.313125 0.13 0.09375