2 0.1725 0.65125 0.3275 0.1575
2 0.28 0.556875 0.22 0.11875
2 0.731875 0.5573625 0.28375 0.12777500000000003
2 0.6668625 0.49772500000000003 0.17377499999999999 0.10407499999999999
2 0.305 0.46043750000000006 0.19 0.08661249999999995
2 0.276875 0.51 0.22625 0.0925
2 0.6245625 0.47102499999999997 0.13086250000000008 0.07105000000000004
2 0.5632125 0.4191625 0.10142499999999999 0.05666250000000005
2 0.373125 0.416875 0.10875 0.05625
2 0.3285375 0.4335625 0.15152500000000002 0.07553749999999994
2 0.60315 0.43875 0.13370000000000004 0.07501249999999998
2 0.81125 0.6612625 0.3550125 0.14498750000000002