0 0.60125 0.299375 0.2675 0.14375
0 0.510625 0.808125 0.29125 0.16625
0 0.255625 0.451875 0.20625 0.16375
0 0.09125 0.7325 0.1825 0.1625
0 0.075 0.513125 0.15 0.15125
0 0.935625 0.183125 0.12625 0.13375
0 0.8608374999999999 0.41332500000000005 0.13550000000000012 0.12878749999999997
0 0.49365000000000003 0.60205 0.23583749999999995 0.16564999999999996
0 0.6837000000000001 0.1021125 0.23995000000000005 0.12768749999999998
0 0.8321999999999999 0.6983374999999999 0.2245750000000001 0.17390000000000008
0 0.296875 0.2254625 0.17162499999999997 0.12213749999999997
0 0.04373749999999999 0.21899999999999997 0.0874625 0.15502499999999997
0 0.2413125 0.043887499999999996 0.28902500000000003 0.08776250000000001