4 0.1725 0.201875 0.155 0.15125
4 0.595625 0.11875 0.15375 0.1425
4 0.38625 0.119375 0.13 0.11875
4 0.80875 0.18375 0.1225 0.125
4 0.250625 0.456875 0.16125 0.14625
4 0.094375 0.649375 0.14375 0.16375
4 0.370625 0.323125 0.13125 0.13125
4 0.294375 0.638125 0.15625 0.16625
4 0.685 0.8525 0.1525 0.1575
4 0.279375 0.831875 0.16375 0.13375
4 0.84 0.750625 0.1325 0.14125
4 0.876875 0.3425 0.15625 0.135
4 0.5 0.70625 0.15 0.15
4 0.48375 0.909375 0.1425 0.11125
4 0.5675 0.301875 0.13 0.12625
4 0.94125 0.525 0.1 0.1125
4 0.69375 0.3625 0.125 0.0825
4 0.749375 0.518125 0.11125 0.10625
4 0.6525 0.644375 0.125 0.10875
4 0.056875 0.41625 0.09375 0.1375