2 0.6575 0.68125 0.2425 0.1075
2 0.895625 0.6125 0.18125 0.0825
2 0.509375 0.655 0.20375 0.0825
2 0.769375 0.5825 0.17625 0.07
2 0.4175 0.618125 0.1975 0.07375
2 0.675 0.5625 0.155 0.06
2 0.5727499999999999 0.54395 0.15588749999999998 0.05530000000000001
2 0.3345 0.59375 0.17450000000000002 0.05481250000000003
2 0.4917 0.5293 0.10704999999999998 0.04761250000000004
2 0.4432125 0.5190375 0.11578749999999999 0.04723749999999995
2 0.2160125 0.559575 0.12428750000000001 0.05301249999999996
2 0.06595 0.5100374999999999 0.11651249999999999 0.04113749999999996
2 0.1186625 0.533825 0.11666249999999997 0.046012500000000074
2 0.38573749999999996 0.5078125 0.10760000000000006 0.04501249999999999
2 0.16967500000000002 0.5419875 0.11816249999999999 0.048762499999999986
2 0.2804375 0.574175 0.17348750000000002 0.05790000000000006
2 0.27661250000000004 0.48706249999999995 0.10016250000000003 0.03601249999999993
2 0.3420375 0.49707500000000004 0.09222499999999996 0.039487500000000036
2 0.0814125 0.526125 0.09736249999999998 0.0396875
2 0.3003625 0.49075 0.06335 0.03135000000000005