0 0.420625 0.7375 0.12375 0.105
0 0.7055374999999999 0.6892874999999999 0.09608750000000015 0.10608750000000007
0 0.7325 0.389375 0.1 0.10875
0 0.655625 0.2725 0.11375 0.1025
0 0.490625 0.410625 0.10875 0.09375
0 0.225625 0.784375 0.09875 0.09875
0 0.289375 0.645 0.10375 0.1175
0 0.5374625000000001 0.5842875 0.12241250000000008 0.08608750000000001
0 0.50375 0.22149999999999997 0.12 0.07799999999999997
0 0.761875 0.186875 0.09625 0.10125
0 0.55625 0.89875 0.1275 0.0725
0 0.7190000000000001 0.844375 0.10300000000000012 0.09375
0 0.36298749999999996 0.289975 0.10346249999999997 0.10494999999999997
0 0.873125 0.32286250000000005 0.08375 0.12823750000000003
0 0.389375 0.885625 0.11875 0.08875
0 0.41960000000000003 0.5367375 0.0892125 0.10846249999999998
0 0.124375 0.628125 0.08375 0.13125
0 0.574375 0.76 0.12125 0.075
0 0.61775 0.476875 0.09299999999999997 0.10375
0 0.843125 0.7420874999999999 0.10125 0.1016749999999999
0 0.270625 0.390625 0.09375 0.10125
0 0.895625 0.606875 0.08625 0.08875
0 0.1377 0.307125 0.08496249999999998 0.09320000000000003
0 0.09875 0.4785125 0.069025 0.12
0 0.7709999999999999 0.548825 0.05877499999999998 0.11920000000000001
0 0.9177375000000001 0.470075 0.06977499999999992 0.10458749999999994
0 0.4164 0.10285 0.11496250000000004 0.08252499999999997
0 0.5957 0.10321249999999998 0.11144999999999997 0.07171250000000001
0 0.2523375 0.190425 0.10945 0.10412500000000001
0 0.2575625 0.5144625 0.07465000000000004 0.10938749999999998