1 0.42125 0.25625 0.32 0.1075
1 0.860625 0.58125 0.19375 0.22
1 0.61 0.743125 0.2875 0.13375
1 0.1175 0.565 0.1775 0.1675
1 0.30125 0.719375 0.2275 0.14875
1 0.345625 0.545 0.22875 0.1925
1 0.76625 0.35 0.2775 0.1525
1 0.355625 0.391875 0.21875 0.11875
1 0.7175 0.4875 0.1025 0.1525
1 0.176875 0.389375 0.12625 0.10375
1 0.571875 0.60125 0.16875 0.075
1 0.581875 0.493125 0.07875 0.09875
1 0.53235 0.4277375 0.12614999999999996 0.06842500000000001
1 0.5586 0.363525 0.12963750000000004 0.05602500000000006