0 0.520625 0.327725 0.09375 0.04793750000000003
0 0.6425 0.348125 0.075 0.05875
0 0.769675 0.3629375 0.07307500000000004 0.06386250000000004
0 0.5190375 0.3812 0.07465000000000004 0.050587500000000035
0 0.6211 0.40387500000000004 0.07498750000000001 0.06503749999999997
0 0.39557499999999995 0.35284999999999994 0.08040000000000007 0.05473749999999995
0 0.4241375 0.4059875 0.07168750000000003 0.06359999999999999
0 0.735275 0.41755000000000003 0.06097499999999997 0.057099999999999936
0 0.3017625 0.410125 0.07351250000000001 0.05523750000000007
0 0.6162125 0.2805125 0.07543749999999996 0.041625000000000016
0 0.33153750000000004 0.297825 0.05939999999999998 0.04986249999999998
0 0.250025 0.342675 0.06393749999999997 0.060550000000000034
0 0.5131875 0.2683125 0.07263750000000002 0.039699999999999985
0 0.5177875000000001 0.4547 0.08627499999999998 0.05948750000000004
0 0.418975 0.2785 0.06885000000000005 0.043875000000000025
0 0.7034874999999999 0.3153625 0.07143750000000011 0.046487499999999994
0 0.18401250000000002 0.40407499999999996 0.05972500000000002 0.05890000000000001
0 0.6763375 0.485825 0.0636500000000001 0.07871250000000003
0 0.8323125 0.4265625 0.061187500000000054 0.05430000000000007
0 0.774825 0.50475 0.05655000000000001 0.07667500000000003
0 0.8805124999999999 0.5002875 0.06819999999999993 0.07132499999999993
0 0.33525 0.47735 0.06561250000000002 0.08284999999999997
0 0.22973749999999998 0.486725 0.06130000000000003 0.07076250000000002
0 0.8069875000000001 0.5881624999999999 0.07064999999999998 0.09126249999999998
0 0.119475 0.4852375 0.06055 0.09140000000000001
0 0.7170125 0.5934125 0.0744874999999999 0.08548749999999998
0 0.28993749999999996 0.5878875 0.07051249999999996 0.08597499999999997
0 0.9157375000000001 0.591375 0.07151250000000005 0.08792500000000004
0 0.17739999999999997 0.586425 0.06356250000000001 0.10127499999999998
0 0.0726 0.5935374999999999 0.06280000000000001 0.07571250000000006