0 0.203125 0.713125 0.10875 0.09125
0 0.24375 0.3525 0.0775 0.045
0 0.904375 0.4717 0.11375 0.06841250000000003
0 0.321875 0.22625 0.08125 0.0475
0 0.431875 0.205625 0.09375 0.04375
0 0.228125 0.265625 0.05625 0.03875
0 0.340625 0.401875 0.08375 0.04375
0 0.193125 0.5064500000000001 0.06875 0.06538750000000007
0 0.1525 0.33125 0.07 0.065
0 0.328125 0.309375 0.06125 0.03625
0 0.285 0.478125 0.0575 0.07375
0 0.2125 0.4125 0.0475 0.0425
0 0.442125 0.270475 0.06426249999999996 0.03594999999999999
0 0.399375 0.46375 0.05875 0.0625
0 0.5390375000000001 0.19797499999999998 0.06558750000000003 0.03594999999999999
0 0.401875 0.341875 0.04125 0.04625
0 0.47445 0.3807 0.07888750000000001 0.06138750000000002
0 0.45378749999999995 0.67235 0.08257499999999993 0.06719999999999998
0 0.535625 0.26271249999999996 0.07375 0.04792499999999997
0 0.850625 0.681875 0.08125 0.05875
0 0.338125 0.565625 0.06625 0.06125
0 0.671875 0.4962875 0.07875 0.05757499999999993
0 0.451875 0.58125 0.07375 0.0675
0 0.475625 0.489375 0.10875 0.07125
0 0.5552875 0.4232 0.06808750000000004 0.03638750000000002
0 0.493125 0.804375 0.08375 0.07875
0 0.63 0.225 0.065 0.05
0 0.0852 0.5117125 0.0653875 0.0509375
0 0.5620125 0.513675 0.06408749999999998 0.05176249999999996
0 0.7719750000000001 0.7464125 0.07935000000000002 0.06294999999999988
0 0.8046875 0.29395 0.06097499999999997 0.041325
0 0.7373000000000001 0.35791249999999997 0.065 0.05481250000000003
0 0.6596625 0.305175 0.06210000000000001 0.03601249999999997
0 0.5830125 0.6001 0.05890000000000001 0.04723749999999995
0 0.584475 0.6982375000000001 0.09105000000000003 0.07258749999999992
0 0.10797499999999999 0.60205 0.07134999999999998 0.06853750000000006
0 0.0989 0.4294375 0.08012499999999999 0.06513750000000001
0 0.7288 0.5710875 0.09796249999999987 0.06575000000000003
0 0.64105 0.7954125000000001 0.09197499999999997 0.06817499999999996
0 0.22497499999999998 0.5942375 0.07524999999999998 0.06311250000000002
0 0.8737625 0.365625 0.0797 0.050625
0 0.7010500000000001 0.669275 0.1097999999999999 0.056175000000000065
0 0.9126000000000001 0.6034125 0.08758749999999992 0.06614999999999994
0 0.34136249999999996 0.6382375 0.09367499999999997 0.037037499999999994
0 0.574975 0.34509999999999996 0.09212500000000005 0.04431250000000006
0 0.36034999999999995 0.7735375000000001 0.14939999999999998 0.06847499999999997
0 0.7226625 0.2462125 0.07611250000000012 0.04895000000000003
0 0.7641125 0.43896250000000003 0.07117500000000007 0.05792500000000004
0 0.8247125 0.53955 0.04931250000000006 0.04941249999999996
0 0.6534875 0.4143125 0.08805000000000007 0.044862499999999986