0 0.6838249999999999 0.500075 0.11516250000000007 0.1301625
0 0.868125 0.391875 0.11625 0.14375
0 0.25895 0.396475 0.10875 0.12795
0 0.478125 0.878125 0.15125 0.07875
0 0.2425 0.776875 0.1225 0.11375
0 0.7158249999999999 0.801275 0.11780000000000002 0.09155
0 0.538575 0.58935 0.11578749999999999 0.11517500000000006
0 0.2870875 0.5955125 0.125875 0.16015000000000001
0 0.7351624999999999 0.5852375 0.08372500000000002 0.10644999999999996
0 0.4104 0.584475 0.11858750000000001 0.09618750000000005
0 0.6962875 0.3693875 0.11877499999999998 0.07465000000000004
0 0.8418000000000001 0.616775 0.07171249999999986 0.15213749999999998
0 0.37011249999999996 0.4402125 0.09826250000000002 0.10174999999999997
0 0.4609375 0.7392624999999999 0.08435000000000002 0.07611250000000012
0 0.2241 0.2427875 0.13362500000000002 0.1346125
0 0.55455 0.2541 0.15849999999999995 0.09229999999999997
0 0.109675 0.4081125 0.08123749999999998 0.10302499999999995
0 0.6248125 0.71875 0.08275000000000006 0.06622500000000002
0 0.7622125 0.23254999999999998 0.09771250000000009 0.09027499999999997
0 0.3811625 0.2690375 0.10637500000000003 0.09637499999999996
0 0.5846875 0.45215000000000005 0.07807500000000005 0.06694999999999993
0 0.603025 0.120725 0.13549999999999998 0.08166250000000001
0 0.38770000000000004 0.1076 0.13342500000000002 0.08404999999999997
0 0.48017499999999996 0.43585 0.07417500000000005 0.1803125
0 0.09387499999999999 0.5903875000000001 0.07287500000000001 0.12097500000000004