0 0.100625 0.438125 0.07375 0.12125
0 0.09625 0.5675 0.1 0.1175
0 0.2605 0.5507875 0.10912500000000001 0.12743750000000006
0 0.212 0.4436 0.08098750000000003 0.08435000000000002
0 0.7880875 0.44384999999999997 0.07104999999999989 0.09008750000000006
0 0.8601624999999999 0.6541374999999999 0.13403750000000003 0.12248750000000001
0 0.3974875 0.41545000000000004 0.0881375 0.09402500000000004
0 0.22399999999999998 0.6757875 0.1227375 0.09967500000000001
0 0.8613249999999999 0.37158749999999996 0.06952499999999986 0.08831249999999997
0 0.761725 0.55615 0.10651250000000005 0.08465000000000003
0 0.912875 0.5511874999999999 0.09741250000000008 0.09428749999999994
0 0.1599125 0.36278750000000004 0.07696249999999999 0.07238749999999997
0 0.7163124999999999 0.33990000000000004 0.07641250000000013 0.0889
0 0.6586875000000001 0.636225 0.12963750000000004 0.09741250000000008
0 0.24438749999999998 0.292475 0.08960000000000001 0.07134999999999998
0 0.9169875000000001 0.4611875 0.08618750000000006 0.07575000000000003
0 0.5699125 0.5085999999999999 0.14458749999999995 0.07402500000000004
0 0.7933 0.31225 0.09112500000000011 0.08232500000000002
0 0.46435000000000004 0.63525 0.13158749999999997 0.08105000000000004
0 0.3564125 0.25275 0.08257499999999997 0.06182499999999998
0 0.5244125 0.42505000000000004 0.10876249999999998 0.07556250000000006
0 0.6849 0.72055 0.16851249999999993 0.10003749999999996
0 0.6931499999999999 0.26465 0.09557500000000005 0.06408749999999998
0 0.2822 0.3479625 0.10125 0.06902500000000003
0 0.430575 0.738775 0.174375 0.10099999999999994
0 0.43796250000000003 0.2868625 0.11254999999999996 0.05758749999999999
0 0.592775 0.282225 0.12188749999999998 0.0678125
0 0.46728749999999997 0.230225 0.09400000000000006 0.0589875
0 0.582525 0.3667 0.11754999999999996 0.057287500000000054
0 0.5747125 0.23620000000000002 0.09637500000000003 0.046899999999999976