1 0.816875 0.37 0.22375 0.16
1 0.8425 0.615625 0.15 0.15625
1 0.933125 0.771875 0.11625 0.11125
1 0.574375 0.453125 0.16375 0.13625
1 0.40625 0.344375 0.19 0.13375
1 0.42064999999999997 0.41723750000000004 0.14123750000000002 0.11962500000000005
1 0.7384875 0.4882875 0.1353 0.1085875
1 0.8022499999999999 0.730475 0.1139500000000001 0.0955250000000001
1 0.7174124999999999 0.582725 0.11865000000000009 0.10463750000000005
1 0.2021125 0.4341125 0.1255375 0.08412499999999995
1 0.4103625 0.51375 0.09756249999999994 0.09236249999999999
1 0.6829000000000001 0.6931125 0.11387499999999996 0.09112500000000011
1 0.599975 0.6711875 0.09131249999999995 0.08335000000000008
1 0.30912500000000004 0.49585 0.08811250000000001 0.07549999999999997
1 0.22876249999999998 0.4785125 0.09308750000000003 0.06866249999999993
1 0.523925 0.6479874999999999 0.09222499999999996 0.08091250000000003
1 0.0726375 0.49560000000000004 0.0748875 0.0571875
1 0.29153749999999995 0.577225 0.06577499999999997 0.06280000000000001
1 0.24303750000000002 0.5590875 0.061187499999999985 0.05633750000000006
1 0.39982500000000004 0.6066875 0.06736249999999998 0.061099999999999995
1 0.3418 0.5904125 0.059200000000000016 0.05727500000000006
1 0.45630000000000004 0.6298875000000002 0.06512500000000003 0.05350000000000001
1 0.1192 0.5141625 0.058775000000000015 0.04821250000000006
1 0.15588749999999998 0.5293 0.05013749999999998 0.050137500000000015
1 0.024474999999999997 0.479 0.044275 0.05521249999999995
1 0.19579999999999997 0.538575 0.0733625 0.05521249999999995
1 0.5283625 0.55555 0.11532499999999998 0.09737499999999998