0 0.513125 0.354375 0.12625 0.08125
0 0.685625 0.349375 0.10875 0.06375
0 0.480625 0.1775 0.08125 0.0625
0 0.691875 0.48625 0.12625 0.06
0 0.833125 0.185 0.09625 0.0575
0 0.313125 0.179375 0.09625 0.07125
0 0.318125 0.629375 0.14125 0.06875
0 0.135 0.348125 0.105 0.06875
0 0.316875 0.347525 0.15125 0.07256249999999997
0 0.311875 0.494375 0.12625 0.07875
0 0.656875 0.181875 0.12375 0.06375
0 0.120625 0.501875 0.10625 0.06625
0 0.505625 0.6316625 0.12625 0.07582499999999996
0 0.135625 0.635625 0.13625 0.08125
0 0.86375 0.345 0.1125 0.06
0 0.5059 0.48613750000000006 0.10430000000000007 0.07478750000000005
0 0.515625 0.79 0.11875 0.0775
0 0.1322 0.19190000000000002 0.13232499999999997 0.070675
0 0.6967749999999999 0.792475 0.11066249999999997 0.06525000000000006
0 0.31567500000000004 0.7934625 0.10126250000000002 0.06658749999999998
0 0.8681625 0.47753749999999995 0.10651250000000005 0.0703125
0 0.6958 0.6181625 0.11657499999999998 0.07708750000000002
0 0.8754875 0.7831999999999999 0.140625 0.08557500000000004
0 0.11614999999999999 0.7900375 0.12023749999999998 0.06952499999999986
0 0.8680625000000001 0.6232625 0.11710000000000008 0.07378749999999996