1 0.473125 0.1075 0.34875 0.185
1 0.189375 0.336875 0.28125 0.26125
1 0.82125 0.323125 0.3075 0.28375
1 0.141875 0.60875 0.19375 0.2075
1 0.853125 0.603125 0.17875 0.21375
1 0.503125 0.3525 0.15625 0.1075
1 0.6675 0.461875 0.145 0.14375
1 0.345 0.470625 0.155 0.14375
1 0.50625 0.513125 0.115 0.06875
1 0.3575 0.61375 0.115 0.105
1 0.513125 0.609375 0.12625 0.07125
1 0.513125 0.723125 0.12875 0.07125
1 0.260625 0.730625 0.08375 0.05375
1 0.66875 0.616875 0.1225 0.09125
1 0.75145 0.7236374999999999 0.08586250000000006 0.053899999999999865
1 0.380375 0.7348625 0.083125 0.048675000000000065
1 0.2785625 0.842775 0.08282499999999998 0.04708750000000009
1 0.640625 0.7255875 0.08447499999999998 0.05481249999999989
1 0.6997875 0.8256874999999999 0.09099999999999994 0.059875000000000116
1 0.55195 0.8378874999999999 0.08681250000000006 0.0617625000000001
1 0.3068875 0.921875 0.06609999999999999 0.04297500000000014
1 0.40405 0.9213875 0.06707499999999995 0.04046249999999987
1 0.19787500000000002 0.92285 0.06524999999999999 0.0439500000000001
1 0.5244125 0.9199250000000001 0.06891249999999999 0.04046249999999987
1 0.630375 0.9194374999999999 0.06021249999999995 0.04052500000000009
1 0.7251000000000001 0.9233374999999999 0.06372500000000002 0.04287499999999994
1 0.8173874999999999 0.9199250000000001 0.06360000000000014 0.038600000000000134
1 0.43075 0.8349625 0.09271249999999995 0.05379999999999995