2 0.474375 0.35125 0.35375 0.08
2 0.498125 0.6475 0.31875 0.0825
2 0.495625 0.49875 0.33625 0.0575
2 0.678125 0.196875 0.17625 0.13875
2 0.815 0.345 0.1175 0.18
2 0.266875 0.229375 0.16875 0.14875
2 0.61375 0.845 0.125 0.0725
2 0.241875 0.131875 0.09625 0.07625
2 0.308125 0.81 0.12125 0.085
2 0.193125 0.69375 0.09125 0.12
2 0.36 0.07625 0.095 0.0525
2 0.459375 0.8575 0.12375 0.045
2 0.146875 0.21875 0.07625 0.0825
2 0.800625 0.1625 0.06625 0.06
2 0.865 0.231875 0.0575 0.07125
2 0.47125 0.141875 0.195 0.05375
2 0.728125 0.1075 0.06375 0.045
2 0.495625 0.23875 0.09625 0.0325
2 0.65125 0.07 0.07 0.0425
2 0.46240000000000003 0.86035 0.12525000000000006 0.0452000000000001
2 0.9150375 0.3164125 0.044099999999999966 0.069525
2 0.0883125 0.328125 0.06305 0.09448750000000004
2 0.5600625 0.0478875 0.06719999999999998 0.028275000000000005
2 0.46948749999999995 0.0494125 0.06586249999999992 0.025087499999999995
2 0.8369125 0.6684625 0.06939999999999998 0.11858749999999993
2 0.10467499999999999 0.7036125 0.056849999999999984 0.09466250000000002
2 0.9370125 0.5976625 0.033725000000000026 0.07183750000000004
2 0.9433625000000001 0.4038125 0.023824999999999933 0.06866249999999993
2 0.23388750000000003 0.859375 0.06359999999999999 0.05633749999999992
2 0.3286125 0.9130875 0.06939999999999998 0.04321249999999992
2 0.6274375 0.9292 0.06586249999999992 0.0397999999999999
2 0.16052499999999997 0.792975 0.052037499999999993 0.06719999999999998
2 0.7578125 0.46045 0.040162500000000136 0.09637500000000003
2 0.7402375000000001 0.7831999999999999 0.07586250000000007 0.06561250000000002
2 0.9497125 0.4961 0.022287499999999908 0.07159999999999997
2 0.8735375000000001 0.5166 0.04009999999999991 0.12548749999999997
2 0.7163124999999999 0.8925749999999999 0.0629249999999999 0.05203750000000014
2 0.49926250000000005 0.7714875000000001 0.09252499999999998 0.032037500000000135
2 0.4299375 0.9394499999999999 0.06982500000000001 0.027324999999999874
2 0.792475 0.8330124999999999 0.05919999999999988 0.0642750000000001
2 0.8579125000000001 0.7685500000000001 0.04831250000000011 0.06110000000000013
2 0.0661 0.5830125 0.04147499999999999 0.09417500000000004
2 0.9008750000000001 0.6919 0.040987499999999955 0.06683750000000004
2 0.136225 0.5454125 0.049687500000000016 0.12359999999999999
2 0.053587499999999996 0.4514125 0.0398 0.09704999999999998
2 0.52685 0.9438500000000001 0.06536249999999995 0.0284375
2 0.1483125 0.38573749999999996 0.04922499999999999 0.12146249999999995
2 0.2215625 0.49805 0.038112500000000014 0.09301249999999996