0 0.445 0.58 0.0925 0.075
0 0.4336375 0.4132875 0.08478750000000006 0.07657499999999999
0 0.300625 0.604375 0.08375 0.09375
0 0.349375 0.5 0.07875 0.075
0 0.5097625 0.48096249999999996 0.07519999999999996 0.06268749999999997
0 0.3962375 0.3406 0.078125 0.06849999999999998
0 0.7103125 0.510875 0.08601249999999994 0.07408749999999997
0 0.182225 0.6042625000000001 0.07977499999999998 0.09943750000000001
0 0.2473125 0.4953875 0.07027499999999996 0.06299999999999997
0 0.6418250000000001 0.44189999999999996 0.077275 0.06288749999999993
0 0.7160375000000001 0.41088749999999996 0.07918749999999988 0.05780000000000001
0 0.2101375 0.39228749999999996 0.0749125 0.07362499999999997
0 0.1372125 0.4731125 0.09223749999999999 0.07702500000000001
0 0.537225 0.3949875 0.09153750000000002 0.05241249999999994
0 0.30469999999999997 0.42357500000000003 0.079425 0.06268749999999997
0 0.0725875 0.5962125 0.0773625 0.10182500000000004
0 0.8843000000000001 0.5004875 0.08368750000000005 0.07192499999999996
0 0.30415 0.3259625 0.07260000000000001 0.055849999999999976
0 0.9277500000000001 0.6081875000000001 0.07303750000000007 0.10096250000000005
0 0.8220375 0.431375 0.0642625000000001 0.06295000000000002
0 0.7471625000000001 0.5992625 0.07091250000000002 0.11102500000000007
0 0.5065625 0.337925 0.08267499999999998 0.045437500000000026
0 0.7773749999999999 0.4780625 0.06047500000000014 0.06682500000000005
0 0.62335 0.361575 0.08727500000000006 0.05081249999999997
0 0.6611374999999999 0.3135125 0.07857499999999995 0.04676249999999996
0 0.83325 0.588125 0.061049999999999896 0.09228750000000005
0 0.7546250000000001 0.36840000000000006 0.07717500000000001 0.059712499999999974
0 0.553925 0.286825 0.07822500000000004 0.04012500000000003
0 0.4223625 0.2915 0.07465000000000004 0.03732500000000002
0 0.6001375 0.57525 0.09796250000000008 0.07112499999999997