3 0.7375 0.188125 0.43 0.20125
3 0.283125 0.204375 0.45625 0.19625
3 0.133125 0.370625 0.21125 0.13875
3 0.865625 0.36 0.22625 0.1425
3 0.359375 0.3725 0.22875 0.1375
3 0.6275 0.36875 0.275 0.125
3 0.5375 0.581875 0.1675 0.10375
3 0.6211 0.5 0.13501249999999998 0.06694999999999993
3 0.7993125000000001 0.6440375 0.08978749999999991 0.07422500000000007
3 0.46177500000000005 0.6660124999999999 0.08516249999999999 0.05530000000000001
3 0.7143375000000001 0.77955 0.1158375000000001 0.06912499999999994
3 0.49292499999999995 0.49682499999999996 0.11316249999999997 0.05301249999999996
3 0.2807625 0.5649375 0.07575000000000003 0.04761250000000004
3 0.57965 0.8355 0.11075000000000003 0.06810000000000002
3 0.6840125 0.604975 0.12296249999999993 0.05834999999999994
3 0.27685 0.8261750000000001 0.08447499999999998 0.06030000000000001
3 0.3881875 0.6381875000000001 0.0764125 0.05411250000000003
3 0.67285 0.6816374999999999 0.09076249999999994 0.05203750000000014
3 0.3147 0.5166 0.06982500000000001 0.046812500000000055
3 0.26353750000000004 0.65625 0.07204999999999999 0.04553750000000001
3 0.16357500000000003 0.58105 0.06609999999999999 0.041837500000000034
3 0.058775 0.6591750000000001 0.05779999999999999 0.04715000000000003
3 0.390625 0.5820375 0.07275000000000005 0.05051249999999996
3 0.18627500000000002 0.7753874999999999 0.065 0.04351249999999993
3 0.47409999999999997 0.787975 0.08928750000000008 0.05736250000000012
3 0.407975 0.8387875 0.07957499999999997 0.05527500000000003
3 0.34814999999999996 0.7734375 0.08019999999999997 0.044099999999999966
3 0.801275 0.7192375 0.08178750000000008 0.05224999999999994
3 0.16895 0.6806625 0.05602499999999999 0.04083750000000009
3 0.0856875 0.7182625 0.057287500000000005 0.043125
3 0.5763375 0.7529250000000001 0.08657499999999999 0.0477000000000001
3 0.06995 0.6025375 0.05602500000000001 0.0390625
3 0.2561 0.7163124999999999 0.06131250000000001 0.03927500000000009
3 0.17541250000000003 0.5390625 0.05460000000000001 0.03985
3 0.09845000000000001 0.55225 0.052525000000000016 0.0401625
3 0.426025 0.72315 0.07721249999999998 0.04046249999999987
3 0.1431875 0.6377 0.05004999999999999 0.03643749999999997
3 0.5620125 0.694825 0.08178750000000008 0.03844999999999999
3 0.3256875 0.6879875 0.054899999999999984 0.03768750000000012
3 0.2421875 0.5371125 0.05371250000000003 0.038112500000000014
3 0.2160625 0.6123 0.04653750000000002 0.03607500000000002
3 0.305175 0.6059625 0.05072500000000001 0.03353750000000005
3 0.22888750000000002 0.51025 0.043612499999999985 0.029749999999999943