1 0.483125 0.6975 0.26375 0.185
1 0.85375 0.589375 0.205 0.17625
1 0.123125 0.550625 0.18375 0.14625
1 0.28375 0.468125 0.1525 0.13875
1 0.555 0.51 0.185 0.1425
1 0.080625 0.400625 0.13625 0.13125
1 0.50375 0.391875 0.1625 0.09125
1 0.21875 0.289375 0.135 0.08125
1 0.301875 0.34625 0.13375 0.085
1 0.911875 0.409375 0.15125 0.12375
1 0.615625 0.243125 0.12125 0.06875
1 0.414375 0.2375 0.13125 0.0625
1 0.493125 0.28875 0.14125 0.065
1 0.825 0.3025 0.1425 0.0875
1 0.6825 0.3325 0.1425 0.0925
1 0.76125 0.4325 0.125 0.1125