1 0.84 0.768125 0.1025 0.11875
1 0.234375 0.215625 0.11875 0.08875
1 0.098125 0.361875 0.11125 0.09125
1 0.899375 0.57625 0.11625 0.13
1 0.659375 0.45375 0.12625 0.11
1 0.613125 0.651875 0.10875 0.10875
1 0.489375 0.575625 0.11875 0.10875
1 0.334375 0.274375 0.11875 0.09375
1 0.786875 0.515 0.12875 0.1175
1 0.726875 0.724375 0.09625 0.09125
1 0.3775 0.52875 0.1075 0.0925
1 0.446875 0.328125 0.12375 0.10125
1 0.278125 0.4675 0.11125 0.085
1 0.54625 0.385625 0.1175 0.10375
1 0.18375 0.426875 0.0875 0.08375