0 0.48875 0.125 0.12 0.0925
0 0.655 0.156875 0.1075 0.09625
0 0.3025 0.178125 0.11 0.10375
0 0.175625 0.293125 0.09125 0.10625
0 0.785 0.259375 0.0975 0.10625
0 0.86375 0.406875 0.0775 0.09875
0 0.491875 0.374375 0.11125 0.09875
0 0.60625 0.4875 0.09 0.105
0 0.123125 0.449375 0.09375 0.11875
0 0.86 0.556875 0.1 0.09875
0 0.371875 0.455 0.09625 0.11
0 0.134375 0.6075 0.09625 0.115
0 0.30375 0.821875 0.105 0.10125
0 0.188125 0.73 0.09125 0.0925
0 0.400625 0.589375 0.11125 0.10125
0 0.70875 0.80125 0.11 0.0925
0 0.594375 0.87375 0.10625 0.09
0 0.45 0.883125 0.1075 0.08875
0 0.5475 0.615 0.1025 0.0925
0 0.82125 0.695625 0.095 0.10875