1 0.1325 0.459375 0.185 0.16875
1 0.560625 0.456875 0.17625 0.14875
1 0.280625 0.463125 0.13375 0.12875
1 0.4025 0.461875 0.1275 0.11875
1 0.884375 0.47125 0.13375 0.1175
1 0.716875 0.458125 0.22125 0.12375
1 0.174375 0.65 0.11375 0.1
1 0.29125 0.649375 0.1175 0.09375
1 0.758125 0.665 0.09875 0.065
1 0.846875 0.668125 0.08875 0.06125
1 0.476875 0.658125 0.11875 0.07875
1 0.5795875 0.66455 0.09967500000000001 0.06323749999999997
1 0.663575 0.6669875000000001 0.08978749999999998 0.05481249999999996
1 0.390875 0.6596625 0.09484999999999999 0.07586250000000007