1 0.49125 0.65875 0.25 0.1625
1 0.249375 0.629375 0.18625 0.13875
1 0.760625 0.593125 0.20625 0.17875
1 0.525 0.398125 0.1625 0.08375
1 0.08625 0.58125 0.1725 0.125
1 0.34082500000000004 0.41235 0.12597499999999998 0.07861249999999999
1 0.7123999999999999 0.4143125 0.12402500000000004 0.08153750000000003
1 0.39354999999999996 0.52685 0.12658749999999996 0.10302499999999995
1 0.5888625000000001 0.5224625 0.14661250000000003 0.11102499999999992
1 0.9091750000000001 0.5263625 0.16772500000000007 0.12170000000000002
1 0.41088749999999996 0.4692375 0.11877499999999998 0.07433750000000003
1 0.204225 0.44971249999999996 0.10175 0.07696250000000006
1 0.09057499999999999 0.4943875 0.1568625 0.12
1 0.58545 0.46997500000000003 0.11242500000000007 0.061650000000000066
1 0.8471625 0.452875 0.16393750000000012 0.09704999999999998