0 0.12625 0.63125 0.0875 0.0675
0 0.19 0.545 0.0775 0.0525
0 0.259375 0.655625 0.08875 0.06375
0 0.37 0.4299875 0.065 0.04247500000000002
0 0.331875 0.49585 0.07375 0.049212500000000006
0 0.8493625 0.512025 0.07372500000000003 0.054050000000000015
0 0.224375 0.470625 0.07125 0.04625
0 0.669525 0.38155 0.061550000000000014 0.040600000000000025
0 0.46159999999999995 0.40285 0.06321250000000006 0.045699999999999935
0 0.5640999999999999 0.3961125 0.06321250000000006 0.042224999999999964
0 0.304375 0.561125 0.07875 0.057237499999999955
0 0.278125 0.41223750000000003 0.06375 0.04448750000000004
0 0.67 0.4242125 0.0625 0.04341250000000002
0 0.5491125 0.447725 0.06573750000000005 0.0454625
0 0.4143625 0.37172499999999997 0.06122500000000002 0.040949999999999986
0 0.5578125 0.358975 0.063125 0.0379625
0 0.463125 0.4625 0.06875 0.05
0 0.898275 0.4739 0.07155000000000002 0.05091250000000002
0 0.7363875 0.462175 0.07028750000000002 0.049337500000000034
0 0.785625 0.4281125 0.06375 0.04622500000000002