2 0.135 0.606875 0.11 0.08625
2 0.370625 0.6175 0.12375 0.07
2 0.863125 0.635 0.17125 0.1475
2 0.07875 0.543125 0.0725 0.04625
2 0.631875 0.621875 0.14875 0.13375
2 0.24 0.49375 0.0775 0.0525
2 0.385625 0.5525 0.09125 0.075
2 0.19375 0.564375 0.0675 0.04875
2 0.2275 0.529375 0.0725 0.04375
2 0.78125 0.541875 0.1225 0.12125
2 0.5825 0.54875 0.1075 0.1075
2 0.518125 0.468125 0.06125 0.07625
2 0.40125 0.49625 0.0775 0.0375
2 0.39945 0.525375 0.07141249999999999 0.04673749999999998
2 0.541075 0.5073875 0.06381249999999994 0.08183750000000004
2 0.6868875 0.48025 0.06287499999999994 0.05775000000000006
2 0.7089749999999999 0.5068125 0.07788749999999993 0.08596249999999998