1 0.786875 0.744375 0.14875 0.18125
1 0.28125 0.805625 0.17 0.17375
1 0.521875 0.244375 0.15625 0.11375
1 0.305625 0.359375 0.13875 0.16875
1 0.4125 0.1075 0.1325 0.1025
1 0.471875 0.458125 0.13375 0.17875
1 0.623125 0.111875 0.16875 0.11125
1 0.6475 0.5275 0.145 0.1825
1 0.213125 0.221875 0.12875 0.11375
1 0.796875 0.20125 0.11875 0.1125
1 0.1125 0.6175 0.12 0.1475
1 0.10625 0.41 0.1 0.145
1 0.88125 0.55375 0.1075 0.145
1 0.8975 0.361875 0.1025 0.14125
1 0.56625 0.839375 0.17 0.15125
1 0.465625 0.695625 0.16625 0.12875
1 0.3 0.56 0.1275 0.1225
1 0.69625 0.335625 0.1325 0.10125