1 0.498125 0.599375 0.16375 0.10625
1 0.27875 0.641875 0.15 0.12625
1 0.670625 0.43 0.11625 0.0825
1 0.744375 0.553125 0.16625 0.09375
1 0.14375 0.590625 0.1 0.10625
1 0.665625 0.500625 0.14625 0.09375
1 0.325625 0.535 0.11375 0.0975
1 0.20875 0.5025 0.0975 0.0775
1 0.80125 0.45875 0.1175 0.0825
1 0.888125 0.495 0.15125 0.07
1 0.3693875 0.4494625 0.09137500000000003 0.06902500000000003
1 0.5068375 0.5131875 0.10967500000000001 0.09484999999999999
1 0.4436 0.4160125 0.09387500000000003 0.05898749999999993
1 0.525875 0.4631375 0.10448750000000004 0.06476249999999993
1 0.32348750000000004 0.41332500000000005 0.08252499999999997 0.05224999999999994
1 0.5556625 0.421625 0.117975 0.06695000000000008
1 0.3942875 0.488525 0.07751249999999998 0.06719999999999998
1 0.2575625 0.4567875 0.08929999999999999 0.06076250000000002