0 0.070625 0.389375 0.12125 0.08875
0 0.698125 0.3875 0.12625 0.1
0 0.5025 0.451875 0.1325 0.08375
0 0.276875 0.131875 0.10625 0.05375
0 0.61375 0.0993125 0.08 0.053625000000000006
0 0.25193750000000004 0.218125 0.09887500000000003 0.05625
0 0.666875 0.593125 0.16125 0.16375
0 0.16 0.189375 0.1025 0.05875
0 0.796875 0.224375 0.09375 0.06125
0 0.2462875 0.2905375 0.10012499999999996 0.0684375
0 0.8415625 0.1748375 0.09298750000000013 0.05361249999999998
0 0.6919 0.17614999999999997 0.0809375 0.051175
0 0.32301250000000004 0.3765375 0.10916250000000001 0.09861249999999998
0 0.4026875 0.2148 0.08239999999999995 0.055949999999999986
0 0.386725 0.10285 0.06745000000000005 0.04024999999999999
0 0.37963749999999996 0.2880125 0.11382500000000008 0.08578750000000003
0 0.0772125 0.2753875 0.0886875 0.07329999999999998
0 0.4667 0.5928875 0.13458749999999994 0.13992499999999994
0 0.49665 0.3425875 0.11177499999999994 0.0938
0 0.6665000000000001 0.2191125 0.08587500000000006 0.06210000000000001
0 0.8570375 0.486175 0.15004999999999996 0.1146875
0 0.645025 0.288475 0.10176250000000003 0.08113750000000003
0 0.7246125000000001 0.1272 0.08599999999999994 0.04418749999999999
0 0.9174 0.37355 0.14327500000000015 0.10463750000000005
0 0.53125 0.18432500000000002 0.0954625 0.0584375
0 0.451025 0.1381375 0.08545000000000001 0.04583749999999998
0 0.7871125000000001 0.2985875 0.09569999999999994 0.07782499999999999
0 0.5120125 0.2568 0.08848749999999996 0.07526249999999997
0 0.334225 0.166875 0.083125 0.05542500000000002
0 0.926275 0.2674875 0.09319999999999994 0.08208750000000002
0 0.220325 0.5132625000000001 0.15072499999999997 0.12808750000000002
0 0.4963375 0.0907625 0.059325000000000044 0.04510000000000001
0 0.5652 0.1464875 0.07950000000000003 0.045775