0 0.48125 0.536875 0.105 0.07375
0 0.48625 0.758125 0.1325 0.10375
0 0.350625 0.650625 0.11875 0.08875
0 0.6175 0.631875 0.13 0.09375
0 0.755625 0.53375 0.10375 0.0725
0 0.105625 0.4425 0.07625 0.055
0 0.246875 0.571875 0.07875 0.05875
0 0.314375 0.403125 0.08125 0.05875
0 0.235 0.333125 0.0725 0.04875
0 0.845625 0.44875 0.06875 0.045
0 0.18 0.508125 0.085 0.05875
0 0.608125 0.440625 0.07625 0.04875
0 0.389375 0.465625 0.07625 0.04625
0 0.50125 0.379375 0.08 0.04875
0 0.340625 0.2575 0.05375 0.03
0 0.716875 0.37125 0.06375 0.0475
0 0.848125 0.319375 0.04625 0.03125
0 0.455625 0.21375 0.04375 0.0325
0 0.4125 0.310625 0.0575 0.03875
0 0.593125 0.173125 0.04625 0.02875
0 0.75375 0.265625 0.04 0.02875
0 0.671875 0.216875 0.03875 0.02875
0 0.55 0.27375 0.05 0.035
0 0.631875 0.31875 0.04375 0.0325