1 0.4775 0.109375 0.24 0.15625
1 0.214375 0.251875 0.20375 0.21625
1 0.714375 0.17375 0.15125 0.145
1 0.116875 0.491875 0.15875 0.16875
1 0.86125 0.343125 0.1375 0.17375
1 0.599375 0.376875 0.16375 0.17875
1 0.389375 0.37375 0.16625 0.145
1 0.5025 0.540625 0.15 0.16625
1 0.783125 0.748125 0.12625 0.14125
1 0.183125 0.733125 0.15375 0.17375
1 0.885625 0.58125 0.12375 0.15
1 0.615625 0.629375 0.16875 0.13375
1 0.364375 0.640625 0.15625 0.14375
1 0.39625 0.875 0.175 0.135
1 0.6025 0.87375 0.1275 0.1175