4 0.813125 0.2175 0.13125 0.1375
4 0.434375 0.283125 0.14125 0.12125
4 0.438125 0.066875 0.11875 0.12375
4 0.625 0.096875 0.1225 0.12625
4 0.26375 0.42875 0.1225 0.1375
4 0.113125 0.27 0.12125 0.105
4 0.429375 0.9075 0.13375 0.1275
4 0.656875 0.315625 0.13125 0.13875
4 0.92625 0.425 0.125 0.1325
4 0.493125 0.51375 0.14125 0.125
4 0.33875 0.66 0.1375 0.15
4 0.110625 0.6908 0.11625 0.13375
4 0.595 0.699375 0.1325 0.13375
4 0.06625 0.49 0.1125 0.145
4 0.791875 0.79125 0.11625 0.15
4 0.23625 0.831875 0.1225 0.12625
4 0.251875 0.1425 0.12125 0.135
4 0.6145499999999999 0.903125 0.12375 0.12125
4 0.7425 0.503125 0.12 0.12875
4 0.890625 0.634375 0.11875 0.13375