0 0.76625 0.576125 0.1 0.05974999999999994
0 0.339375 0.5563750000000001 0.07875 0.047750000000000056
0 0.805625 0.420625 0.08875 0.04626249999999999
0 0.552375 0.583375 0.08724999999999994 0.08674999999999997
0 0.824375 0.645625 0.11125 0.06875
0 0.36774999999999997 0.640625 0.09549999999999997 0.06375
0 0.282625 0.484625 0.07526249999999997 0.049249999999999974
0 0.139375 0.62375 0.08625 0.065
0 0.23925000000000002 0.66375 0.0960125 0.055
0 0.21387499999999998 0.34112499999999996 0.06774999999999999 0.032249999999999945
0 0.318 0.353 0.08600000000000002 0.038499999999999944
0 0.06849999999999999 0.558125 0.06949999999999999 0.07375
0 0.818875 0.49700000000000005 0.08525000000000006 0.046500000000000055
0 0.753625 0.34712499999999996 0.07974999999999995 0.03924999999999997
0 0.63875 0.361125 0.0725 0.03474999999999994
0 0.536625 0.4765 0.07075000000000004 0.05549999999999997
0 0.061625 0.464125 0.07075 0.05575000000000003
0 0.6971250000000001 0.403125 0.07175000000000012 0.03625
0 0.9125 0.57375 0.0725 0.0675
0 0.116875 0.389375 0.06875 0.04375
0 0.630875 0.451625 0.06426249999999996 0.050762500000000016
0 0.938125 0.501875 0.06875 0.05375
0 0.22287500000000002 0.558375 0.07825000000000003 0.06924999999999998
0 0.623125 0.53825 0.08375 0.06900000000000006
0 0.45175 0.5613750000000001 0.06851249999999993 0.07025000000000006
0 0.415 0.400625 0.0675 0.04875
0 0.849375 0.374375 0.06375 0.03625
0 0.384375 0.47575 0.04625 0.054000000000000055
0 0.7084999999999999 0.489625 0.07699999999999989 0.049249999999999974
0 0.5696249999999999 0.408125 0.06674999999999998 0.04125
0 0.911375 0.42487499999999995 0.06525000000000006 0.04474999999999994
0 0.3085 0.41462499999999997 0.07450000000000002 0.034249999999999975
0 0.468125 0.47700000000000004 0.04625 0.05650000000000006
0 0.21587499999999998 0.428125 0.05174999999999997 0.04625
0 0.16162500000000002 0.49262500000000004 0.04575000000000001 0.060250000000000054
0 0.6727500000000001 0.66 0.12051250000000004 0.0675