0 0.734375 0.123125 0.19375 0.13375
0 0.280625 0.10125 0.13875 0.1175
0 0.915 0.323125 0.105 0.20375
0 0.8325 0.80375 0.16 0.165
0 0.14375 0.765625 0.135 0.18375
0 0.523125 0.045625 0.20875 0.07625
0 0.113125 0.275625 0.11875 0.18625
0 0.4725 0.189375 0.185 0.09875
0 0.44375 0.3775 0.1625 0.165
0 0.464375 0.574375 0.17625 0.14875
0 0.675 0.28375 0.1325 0.125
0 0.605 0.93375 0.2075 0.095
0 0.95125 0.588125 0.08 0.19125
0 0.32875 0.690625 0.135 0.14125
0 0.681875 0.66 0.13625 0.1225
0 0.616875 0.481875 0.09375 0.19875
0 0.781875 0.483125 0.08125 0.18625
0 0.2175 0.500625 0.0925 0.16625
0 0.30625 0.295 0.1125 0.15
0 0.52125 0.769375 0.155 0.07875
0 0.345 0.903125 0.165 0.12625
0 0.045 0.514375 0.07 0.19875