2 0.484375 0.39 0.20125 0.0975
2 0.191875 0.415625 0.25625 0.10875
2 0.74 0.414375 0.18 0.11375
2 0.39551250000000004 0.469 0.16588750000000005 0.09875
2 0.207225 0.46728749999999997 0.19494999999999998 0.10321250000000007
2 0.6923874999999999 0.4611875 0.14856249999999996 0.08709999999999994
2 0.5712875 0.47582500000000005 0.12103750000000005 0.08831249999999997
2 0.7392624999999999 0.5371125 0.1204249999999999 0.07226250000000008
2 0.20911249999999998 0.546875 0.14928750000000002 0.07171250000000001
2 0.476075 0.5195375 0.14367500000000008 0.08405000000000001
2 0.0784875 0.61035 0.11395 0.07763749999999994
2 0.265375 0.5913125 0.10596249999999997 0.05072500000000005
2 0.859375 0.5976625 0.0809375 0.045962499999999976
2 0.4338375 0.5986375 0.11981250000000003 0.06372500000000002
2 0.3669375 0.55425 0.08618750000000006 0.0584375
2 0.6543000000000001 0.567875 0.07721249999999998 0.04433750000000004
2 0.2600125 0.6484375 0.11553750000000002 0.05633749999999999
2 0.9419 0.6430625000000001 0.06683750000000004 0.057062500000000044
2 0.7587875 0.592775 0.07965000000000004 0.04638750000000002
2 0.561525 0.5683625 0.06927499999999995 0.043700000000000044
2 0.6752875 0.6108375 0.08020000000000004 0.047424999999999926
2 0.4314 0.6581999999999999 0.12597499999999998 0.04840000000000003
2 0.092225 0.6782250000000001 0.12127499999999998 0.06097499999999997
2 0.7211875000000001 0.6704125000000001 0.09008749999999992 0.04477499999999992
2 0.61865 0.6425749999999999 0.07355000000000005 0.039850000000000066
2 0.8173874999999999 0.6455124999999999 0.04831250000000011 0.03567499999999996
2 0.5918 0.601075 0.04913750000000008 0.023725000000000024
2 0.8627875 0.6752875 0.04272500000000008 0.029875000000000113
2 0.836425 0.624025 0.05822499999999991 0.027524999999999977
2 0.6289125 0.6836 0.0575 0.03289999999999992
2 0.7622125 0.6279249999999998 0.04534999999999997 0.03683749999999996
2 0.8164125 0.6894499999999999 0.038812499999999944 0.03307500000000005
2 0.8925749999999999 0.6528375 0.04052500000000009 0.024225000000000135
2 0.5447625 0.631175 0.05043750000000003 0.03470000000000006