2 0.421875 0.086875 0.16375 0.10625
2 0.235 0.77125 0.1275 0.13
2 0.084375 0.544375 0.10125 0.15875
2 0.780625 0.761875 0.12125 0.12125
2 0.520625 0.899375 0.14375 0.08375
2 0.15875 0.269375 0.12 0.13625
2 0.8175 0.259375 0.1225 0.13125
2 0.650625 0.594375 0.08875 0.08375
2 0.3875 0.6425 0.095 0.08
2 0.3325 0.371875 0.0875 0.10125
2 0.650625 0.353125 0.09125 0.10125
2 0.659375 0.105 0.10875 0.07
2 0.3086 0.520025 0.06609999999999999 0.08416250000000006
2 0.6972624999999999 0.469 0.0551124999999999 0.08227500000000006
2 0.5214875 0.6816374999999999 0.07751249999999998 0.06097499999999997
2 0.5351625 0.26685 0.07922499999999999 0.05428750000000001
2 0.9111374999999999 0.536625 0.06063749999999999 0.10992499999999993
2 0.42725 0.2829625 0.07488749999999995 0.056124999999999974