2 0.4075 0.62875 0.1375 0.09
2 0.81 0.5575 0.13 0.1075
2 0.220625 0.595 0.11375 0.1
2 0.613125 0.6225 0.13875 0.1
2 0.73625 0.321875 0.0875 0.06125
2 0.31125 0.320625 0.08 0.05875
2 0.626875 0.299375 0.08125 0.05125
2 0.41 0.30125 0.0775 0.0525
2 0.216875 0.355 0.07875 0.065
2 0.915625 0.48125 0.07125 0.0925
2 0.120625 0.530625 0.09875 0.08375
2 0.829375 0.358125 0.07625 0.06625
2 0.52 0.294375 0.075 0.05125
2 0.879375 0.4075 0.06375 0.0825
2 0.10125 0.451875 0.0825 0.08125
2 0.146875 0.395625 0.07375 0.07625