0 0.853125 0.565725 0.09625 0.08396249999999995
0 0.6707625 0.546825 0.12653750000000002 0.07614999999999995
0 0.858125 0.421875 0.08375 0.05875
0 0.761875 0.485 0.09875 0.0775
0 0.894375 0.48125 0.09375 0.075
0 0.497575 0.5676875 0.14405 0.0875125
0 0.536625 0.4663125 0.10577500000000001 0.06222499999999997
0 0.16390000000000002 0.584925 0.09945 0.09602500000000007
0 0.3275 0.5495 0.12441249999999997 0.08216250000000003
0 0.0935 0.511725 0.0720875 0.05676249999999996
0 0.41957500000000003 0.4668625 0.08621250000000004 0.06568749999999994
0 0.721575 0.63315 0.14521250000000008 0.10247500000000002
0 0.2590375 0.4450625 0.07613750000000002 0.05761250000000004
0 0.561525 0.4165 0.08691249999999996 0.05060000000000002
0 0.32005 0.3899 0.08341250000000003 0.06732500000000002
0 0.1170125 0.43433750000000004 0.07955000000000001 0.06534999999999996
0 0.734375 0.42479999999999996 0.0802000000000001 0.0575
0 0.44384999999999997 0.41088749999999996 0.09445000000000008 0.06113749999999996
0 0.30791250000000003 0.653125 0.13948749999999996 0.09506249999999994
0 0.2683125 0.494625 0.0753125 0.05318749999999994
0 0.2031375 0.3828125 0.08806249999999999 0.056175000000000065
0 0.4192 0.3647625 0.09087500000000005 0.04776250000000005
0 0.791575 0.3805875 0.07625 0.047349999999999996
0 0.5146125 0.685625 0.17003749999999995 0.08963750000000005
0 0.6386625000000001 0.38403750000000003 0.08755000000000003 0.03838750000000005
0 0.6967749999999999 0.3513125 0.07611250000000012 0.03963750000000005
0 0.54615 0.3588875 0.09401250000000004 0.03954999999999998
0 0.317875 0.34716250000000004 0.08049999999999997 0.034825000000000016
0 0.5764374999999999 0.326625 0.08162499999999995 0.043537500000000014
0 0.44262500000000005 0.32520000000000004 0.07989999999999994 0.030787499999999995