0 0.73125 0.825 0.1175 0.1175
0 0.88 0.651875 0.1175 0.11375
0 0.805625 0.204375 0.11625 0.11625
0 0.508125 0.900625 0.11625 0.11875
0 0.236875 0.145 0.11875 0.1175
0 0.67125 0.369375 0.1175 0.11625
0 0.384375 0.651875 0.11625 0.11375
0 0.280625 0.4825 0.11625 0.115
0 0.27375 0.83 0.1175 0.1175
0 0.7 0.544375 0.1175 0.11625
0 0.35375 0.326875 0.1175 0.11625
0 0.903125 0.425625 0.11625 0.11625
0 0.619375 0.080625 0.11625 0.11625
0 0.425625 0.078125 0.11625 0.11875
0 0.124375 0.670625 0.11875 0.11625
0 0.08 0.481875 0.1175 0.11625
0 0.539375 0.26375 0.11625 0.1175
0 0.511875 0.470625 0.11375 0.11625
0 0.129375 0.284375 0.11875 0.11625
0 0.550625 0.660625 0.11625 0.11625