0 0.40630000000000005 0.356975 0.08510000000000005 0.05396249999999995
0 0.593125 0.7 0.12875 0.085
0 0.3325 0.678125 0.125 0.08375
0 0.500725 0.4053875 0.09396249999999995 0.0632875
0 0.785625 0.621975 0.12125 0.08146249999999995
0 0.406875 0.58135 0.11375 0.06771249999999995
0 0.6791375 0.5053875 0.10578750000000006 0.0682875
0 0.17375 0.435 0.095 0.06
0 0.691875 0.371875 0.08875 0.05875
0 0.5675 0.5728125 0.11251249999999999 0.065625
0 0.35875 0.438125 0.095 0.06125
0 0.303225 0.50505 0.10646250000000002 0.06760000000000005
0 0.538225 0.344475 0.08646249999999994 0.056462499999999985
0 0.84745 0.5166375 0.10875 0.0682875
0 0.156975 0.6101 0.11646249999999998 0.07271249999999994
0 0.504375 0.4816375 0.10125 0.07328749999999999
0 0.1225 0.520625 0.105 0.06125
0 0.79625 0.43375 0.0975 0.0625
0 0.6213000000000001 0.4372625 0.09510000000000005 0.062037499999999995
0 0.25966249999999996 0.38295 0.08932499999999997 0.058387500000000044