0 0.686875 0.695625 0.10625 0.09875
0 0.504375 0.771875 0.10625 0.08875
0 0.49375 0.64125 0.1025 0.095
0 0.293125 0.858125 0.11875 0.12125
0 0.64625 0.8875 0.115 0.1375
0 0.32625 0.69875 0.0925 0.115
0 0.494375 0.901875 0.09625 0.11375
0 0.36875 0.55375 0.115 0.1225
0 0.166875 0.194375 0.13125 0.11125
0 0.076875 0.345625 0.11375 0.11625
0 0.79125 0.796875 0.1125 0.12375
0 0.505 0.493125 0.095 0.09875
0 0.223125 0.556875 0.09875 0.09875
0 0.070625 0.530625 0.08375 0.10875
0 0.638125 0.541875 0.09875 0.10125
0 0.568125 0.224375 0.10125 0.10375
0 0.213125 0.416875 0.10625 0.10375
0 0.421875 0.213125 0.11125 0.09125
0 0.763125 0.51625 0.11375 0.095
0 0.885 0.63875 0.1225 0.105
0 0.285625 0.30625 0.10375 0.09
0 0.525625 0.333125 0.11625 0.09625
0 0.679375 0.398125 0.09625 0.10375
0 0.465625 0.086875 0.08625 0.08875
0 0.936875 0.48875 0.09625 0.1175
0 0.311875 0.11125 0.09375 0.0925
0 0.830625 0.375625 0.09625 0.10625
0 0.1325 0.70875 0.11 0.115
0 0.6409874999999999 0.103275 0.10811250000000001 0.09727499999999999
0 0.7820999999999999 0.16045 0.12004999999999995 0.10037500000000002
0 0.9054000000000001 0.279575 0.10914999999999991 0.10191250000000003
0 0.7213124999999999 0.2966 0.10056250000000005 0.10695
0 0.383125 0.406875 0.08625 0.09125