0 0.48375 0.581875 0.15 0.08625
0 0.0875 0.455 0.1025 0.055
0 0.689375 0.646875 0.16875 0.10375
0 0.31375 0.535 0.1225 0.0725
0 0.7675 0.56125 0.14 0.075
0 0.334375 0.435625 0.11125 0.05375
0 0.208125 0.490625 0.10875 0.06625
0 0.71125 0.453125 0.1 0.05125
0 0.208125 0.41875 0.08125 0.0375
0 0.339375 0.371875 0.06125 0.04125
0 0.93375 0.371875 0.055 0.03375
0 0.570625 0.429375 0.09375 0.04125
0 0.891875 0.411875 0.07125 0.04125
0 0.856875 0.480625 0.08125 0.04375
0 0.6025 0.515 0.1425 0.07
0 0.448125 0.47625 0.09625 0.055
0 0.460625 0.343125 0.06375 0.02625
0 0.775625 0.401875 0.06875 0.04375
0 0.585 0.305 0.045 0.0225
0 0.69 0.330625 0.0475 0.02625
0 0.645 0.379375 0.0725 0.03125
0 0.45625 0.4 0.0725 0.04
0 0.818125 0.3525 0.05125 0.03
0 0.5525 0.35875 0.07 0.0325