0 0.09125 0.504375 0.12 0.10875
0 0.198125 0.619375 0.12375 0.10875
0 0.228125 0.3575 0.11125 0.1
0 0.549375 0.07875 0.09125 0.065
0 0.335 0.260625 0.1 0.07625
0 0.34625 0.733125 0.0975 0.09375
0 0.3525 0.469375 0.1125 0.10125
0 0.479375 0.33625 0.09875 0.08
0 0.44125 0.163125 0.0925 0.07375
0 0.473125 0.818125 0.08125 0.07625
0 0.69125 0.3525 0.085 0.065
0 0.586875 0.456875 0.07375 0.06125
0 0.468125 0.595 0.07875 0.0725
0 0.585 0.69125 0.0775 0.0725
0 0.675 0.15125 0.075 0.055
0 0.800625 0.454375 0.06875 0.06625
0 0.784375 0.26125 0.06375 0.0525
0 0.63 0.85 0.06 0.0575
0 0.889375 0.359375 0.06375 0.05125
0 0.69875 0.564375 0.0725 0.06375
0 0.585 0.233125 0.085 0.06375
0 0.854375 0.609375 0.05375 0.04875
0 0.950625 0.4975 0.05125 0.05
0 0.748125 0.730625 0.05625 0.05125