0 0.864375 0.648125 0.10375 0.08375
0 0.70375 0.6325 0.0925 0.0875
0 0.234375 0.645625 0.09125 0.08625
0 0.37875 0.6075 0.095 0.075
0 0.67875 0.416875 0.075 0.04625
0 0.479375 0.52375 0.09875 0.0475
0 0.5725 0.610625 0.095 0.09625
0 0.1075 0.63 0.0825 0.0825
0 0.30875 0.420625 0.0675 0.04625
0 0.220625 0.478125 0.07625 0.05875
0 0.42625 0.393125 0.0775 0.04375
0 0.8125 0.54375 0.07 0.07
0 0.75 0.479375 0.075 0.06125
0 0.54125 0.391875 0.0775 0.03625
0 0.306875 0.51875 0.08125 0.065
0 0.606875 0.4575 0.08125 0.0525
0 0.386875 0.45125 0.07625 0.0525
0 0.15375 0.551875 0.085 0.07375
0 0.67375 0.53375 0.0775 0.07
0 0.49125 0.443125 0.08 0.04375