2 0.176875 0.31625 0.16625 0.13
2 0.348125 0.178125 0.12125 0.15375
2 0.3 0.4775 0.1625 0.0775
2 0.700625 0.1975 0.12125 0.1575
2 0.846875 0.571875 0.15375 0.08375
2 0.121875 0.55375 0.16375 0.0725
2 0.69125 0.48 0.16 0.1
2 0.815 0.34125 0.15 0.1225
2 0.366875 0.36125 0.13625 0.145
2 0.7475 0.765625 0.145 0.12875
2 0.26875 0.81375 0.1175 0.165
2 0.535 0.149375 0.0525 0.15875
2 0.665 0.61375 0.1525 0.0975
2 0.513125 0.87625 0.06625 0.1625
2 0.320625 0.614375 0.14375 0.10875
2 0.4225 0.6975 0.075 0.16
2 0.56375 0.695625 0.075 0.16125
2 0.566875 0.3275 0.10375 0.16
2 0.64625 0.380625 0.1175 0.13625
2 0.465 0.311875 0.0525 0.15625