0 0.3672625 0.70125 0.1520375 0.0675
0 0.4083 0.5562375 0.10909999999999996 0.039975000000000024
0 0.743125 0.50955 0.07875 0.03909999999999997
0 0.066875 0.590625 0.07625 0.04625
0 0.586875 0.7006 0.17625 0.061187500000000054
0 0.20125 0.6753874999999999 0.13 0.06828750000000014
0 0.5376875 0.5560125 0.09537499999999995 0.04953749999999999
0 0.689375 0.62125 0.12875 0.06
0 0.7787375 0.6814374999999999 0.11997500000000003 0.05787499999999994
0 0.9087375 0.6195499999999999 0.10247500000000002 0.07159999999999997
0 0.3022625 0.5056 0.10203749999999999 0.04368750000000006
0 0.120625 0.511875 0.09875 0.04125
0 0.7883 0.5791375 0.09659999999999996 0.060787499999999994
0 0.620625 0.48625 0.07875 0.03
0 0.1881 0.5483125 0.07118749999999999 0.04412499999999994
0 0.2476875 0.6041624999999999 0.08537500000000002 0.05081249999999997
0 0.7291374999999999 0.4670625 0.09578750000000014 0.031624999999999945
0 0.43768749999999995 0.63625 0.11787499999999994 0.0525
0 0.8191375 0.4891375 0.08078750000000014 0.038287499999999995
0 0.889375 0.5172875 0.06625 0.04706249999999997
0 0.927675 0.5583125 0.06784999999999997 0.05912499999999994
0 0.34935000000000005 0.466425 0.07618750000000002 0.030349999999999967
0 0.4528875 0.5056 0.0957875 0.03368750000000006
0 0.581875 0.4603875 0.07375 0.030787499999999995
0 0.080625 0.548125 0.07625 0.04125
0 0.458125 0.458125 0.07875 0.02625
0 0.711625 0.5423125 0.08797500000000014 0.04096249999999998
0 0.59355 0.519 0.09076250000000002 0.041387500000000015
0 0.3797625 0.526575 0.08862499999999997 0.030224999999999936
0 0.22905 0.4838875 0.08923749999999998 0.04012500000000003
0 0.10846249999999999 0.628575 0.12716249999999998 0.060024999999999974
0 0.47582500000000005 0.484375 0.09722499999999996 0.031312499999999945
0 0.6463625000000001 0.57955 0.08051250000000003 0.044325000000000045
0 0.28035 0.563275 0.060787499999999994 0.04661249999999995
0 0.46378749999999996 0.6025375 0.15572500000000006 0.041837500000000034