1 0.4875 0.173125 0.2825 0.20375
1 0.156875 0.345 0.24375 0.22
1 0.843125 0.33 0.24625 0.25
1 0.900625 0.6125 0.13875 0.19
1 0.104375 0.618125 0.14375 0.17875
1 0.68125 0.44875 0.1175 0.1
1 0.304375 0.45625 0.12625 0.1
1 0.35625 0.598125 0.095 0.07875
1 0.64625 0.595625 0.1 0.07625
1 0.76375 0.666875 0.0825 0.08625
1 0.235625 0.67 0.08375 0.085
1 0.500625 0.55625 0.10625 0.06
1 0.50125 0.415 0.125 0.085
1 0.38183750000000005 0.7192375 0.061650000000000066 0.04958750000000009
1 0.2334 0.8066374999999999 0.048125 0.06110000000000013
1 0.6469750000000001 0.7221625 0.059412499999999965 0.048675000000000065
1 0.301275 0.7592749999999999 0.05865000000000002 0.04922500000000014
1 0.5649375 0.7080124999999999 0.05877499999999998 0.04147500000000008
1 0.47533749999999997 0.703125 0.061099999999999995 0.03650000000000006
1 0.7890625 0.8129875 0.05212500000000006 0.052524999999999974
1 0.7241249999999999 0.7578125 0.056762500000000105 0.04931250000000006
1 0.37060000000000004 0.8154250000000001 0.046812500000000055 0.036437500000000116
1 0.5878875 0.8007875 0.047512499999999985 0.03838750000000005
1 0.667975 0.823725 0.04467500000000001 0.040374999999999946
1 0.5107375 0.7861374999999999 0.04553749999999994 0.02903750000000002
1 0.44408749999999997 0.7934625 0.04202500000000001 0.03307500000000005
1 0.7241249999999999 0.8652375000000001 0.04321249999999992 0.04083750000000009
1 0.3078625 0.8671875 0.041837499999999965 0.03927500000000009