4 0.6725 0.686875 0.205 0.23625
4 0.343125 0.621875 0.20625 0.18625
4 0.521875 0.48625 0.18125 0.1375
4 0.2 0.506875 0.18 0.16375
4 0.8325 0.511875 0.205 0.15375
4 0.82125 0.39875 0.1525 0.1175
4 0.591875 0.226875 0.10125 0.06875
4 0.581875 0.38625 0.15625 0.12
4 0.096875 0.445175 0.15375 0.11
4 0.914375 0.325 0.13125 0.1075
4 0.100625 0.356875 0.14125 0.09375
4 0.304375 0.30625 0.11875 0.09
4 0.515625 0.303125 0.13125 0.09375
4 0.170625 0.298125 0.13125 0.08625
4 0.718125 0.324375 0.13625 0.09875
4 0.434375 0.264375 0.10625 0.07625
4 0.325 0.3875 0.15 0.0975
4 0.69125 0.263125 0.1075 0.07125
4 0.84 0.27125 0.12 0.08
4 0.25125 0.25 0.1025 0.0625