0 0.485 0.118125 0.145 0.11125
0 0.656875 0.14125 0.12375 0.095
0 0.295 0.176875 0.1375 0.12125
0 0.805 0.271875 0.13 0.14875
0 0.159375 0.33125 0.12375 0.1575
0 0.883125 0.4675 0.10875 0.1625
0 0.18 0.72 0.1 0.12
0 0.115 0.548125 0.11 0.14375
0 0.331875 0.8475 0.14125 0.1175
0 0.67875 0.418125 0.0775 0.10625
0 0.558125 0.313125 0.10875 0.07875
0 0.313125 0.429375 0.07875 0.08875
0 0.855625 0.659375 0.10625 0.11875
0 0.538125 0.876875 0.16375 0.11125
0 0.39875 0.333125 0.09 0.07875
0 0.3175 0.58125 0.0825 0.1025
0 0.751875 0.79875 0.11625 0.1075
0 0.6775 0.585 0.0825 0.1025
0 0.430625 0.680625 0.08875 0.07375
0 0.578125 0.676875 0.08875 0.07625
0 0.486325 0.420225 0.07413750000000008 0.05842500000000001
0 0.472375 0.5667 0.06911249999999995 0.05717500000000001
0 0.5584 0.55255 0.06730000000000004 0.06587500000000006
0 0.577525 0.455475 0.059274999999999946 0.07193749999999995
0 0.4237875 0.49005000000000004 0.05807500000000004 0.07351250000000008