2 0.253125 0.136875 0.49375 0.23875
2 0.755 0.13 0.475 0.2275
2 0.114375 0.475625 0.17125 0.19125
2 0.3625 0.5005125 0.1375 0.22102500000000005
2 0.274375 0.315 0.28875 0.145
2 0.706875 0.314375 0.22625 0.15375
2 0.653125 0.496875 0.18375 0.12875
2 0.858125 0.466875 0.10375 0.20625
2 0.8525 0.684375 0.15 0.09875
2 0.664375 0.815 0.18625 0.1075
2 0.6675 0.679375 0.1675 0.09125
2 0.87375 0.95 0.18 0.0875
2 0.864375 0.80625 0.17625 0.08
2 0.661875 0.94 0.17625 0.0975
2 0.3575 0.6575 0.0775 0.04
2 0.470625 0.66 0.06875 0.04
2 0.468125 0.723125 0.06375 0.04375
2 0.351875 0.725 0.07125 0.035
2 0.475 0.908125 0.0775 0.03875
2 0.351875 0.78375 0.07125 0.045
2 0.4725 0.781875 0.0725 0.04125
2 0.47375 0.840625 0.0725 0.04625
2 0.48 0.96625 0.075 0.0375
2 0.055625 0.725 0.06875 0.0325
2 0.35125 0.845625 0.07 0.03875
2 0.185 0.669375 0.065 0.03625
2 0.058125 0.775625 0.06375 0.03625
2 0.348125 0.906875 0.06125 0.04125
2 0.059375 0.67 0.06375 0.0325
2 0.349375 0.965 0.06375 0.04
2 0.186875 0.925625 0.06125 0.03875
2 0.1875 0.72 0.0675 0.03
2 0.18375 0.8225 0.065 0.0375
2 0.184375 0.874375 0.06375 0.03125
2 0.1825 0.774375 0.0575 0.03625
2 0.05875 0.91875 0.0625 0.035
2 0.05875 0.82 0.0625 0.0325
2 0.06125 0.9675 0.0625 0.0425
2 0.05625 0.87 0.0625 0.04
2 0.185625 0.971875 0.06125 0.03125