0 0.87375 0.575 0.1625 0.115
0 0.098125 0.56875 0.12375 0.1
0 0.320625 0.58375 0.14125 0.11
0 0.59625 0.584375 0.1325 0.10875
0 0.5925 0.476875 0.1125 0.07625
0 0.820625 0.486875 0.11125 0.08125
0 0.181875 0.471875 0.11125 0.07875
0 0.73375 0.333125 0.075 0.04625
0 0.58125 0.406875 0.09 0.05875
0 0.370625 0.475625 0.10375 0.08125
0 0.79125 0.424375 0.095 0.06375
0 0.39375 0.41125 0.0925 0.055
0 0.773125 0.37375 0.08625 0.05
0 0.22375 0.40875 0.09 0.0575
0 0.5725 0.326875 0.0725 0.04125
0 0.435 0.326875 0.065 0.03875
0 0.573125 0.35875 0.07625 0.05
0 0.31375 0.3275 0.0725 0.045
0 0.418125 0.365625 0.07875 0.04625
0 0.275625 0.360625 0.07625 0.05125