4 0.316875 0.1625 0.32125 0.195
4 0.675625 0.14625 0.32625 0.1825
4 0.123125 0.5325 0.21125 0.135
4 0.878125 0.52 0.20125 0.1725
4 0.7075 0.369375 0.185 0.12125
4 0.35 0.53375 0.1375 0.13
4 0.269375 0.373125 0.12875 0.11875
4 0.6225 0.531875 0.125 0.11625
4 0.499375 0.4375 0.13625 0.095
4 0.766875 0.67 0.07875 0.0675
4 0.2 0.675 0.075 0.07
4 0.108125 0.796875 0.05625 0.06875
4 0.099375 0.93125 0.06125 0.0675
4 0.655 0.67125 0.07 0.0675
4 0.545 0.6675 0.0725 0.075
4 0.319375 0.674375 0.06625 0.07125
4 0.43115000000000003 0.67285 0.05697500000000005 0.0629249999999999
4 0.390875 0.8032250000000001 0.05242499999999992 0.06561250000000002
4 0.59815 0.8042 0.05340000000000003 0.05771250000000009
4 0.7797875000000001 0.805175 0.05155000000000001 0.06360000000000014
4 0.49682499999999996 0.8086 0.04950000000000003 0.06131249999999994
4 0.20947500000000002 0.8095749999999999 0.04247500000000002 0.04931250000000006
4 0.6831 0.8100624999999999 0.04477499999999992 0.04913749999999993
4 0.29980000000000007 0.8110375000000001 0.04361250000000002 0.0496875
4 0.24096250000000002 0.9326125000000001 0.04638750000000002 0.048675000000000065
4 0.875 0.8105500000000001 0.042237499999999956 0.0488624999999999
4 0.8022499999999999 0.9296875 0.0439500000000001 0.050812500000000115
4 0.6855500000000001 0.9340875 0.03521250000000009 0.041924999999999955
4 0.357175 0.9340875 0.03573750000000004 0.04077499999999987
4 0.917475 0.9296875 0.036162500000000077 0.040625
4 0.47095 0.9370125 0.03277500000000003 0.040987499999999955
4 0.574225 0.9370125 0.03113749999999996 0.044012500000000045