1 0.5175 0.281875 0.43 0.27625
1 0.70625 0.499375 0.2975 0.19125
1 0.290625 0.499375 0.28375 0.25625
1 0.79375 0.19125 0.0975 0.12
1 0.205 0.20125 0.115 0.0875
1 0.321875 0.105625 0.10625 0.07125
1 0.5 0.08 0.1275 0.1
1 0.661875 0.101875 0.08625 0.08125
1 0.116875 0.32875 0.09875 0.085
1 0.45375 0.7725 0.1425 0.1625
1 0.88625 0.330625 0.1075 0.11375
1 0.2351125 0.3076125 0.08990000000000002 0.07964999999999996
1 0.0853875 0.4587375 0.10126249999999999 0.1149875
1 0.6328125 0.761225 0.14245000000000005 0.14611250000000012
1 0.9394499999999999 0.49585 0.08178750000000008 0.10840000000000004
1 0.0849625 0.6098625 0.07105 0.07476249999999993
1 0.5473625 0.6591750000000001 0.12359999999999999 0.12213750000000005
1 0.8964875000000001 0.6752875 0.07683750000000003 0.11011249999999997
1 0.2629375 0.8505875 0.10723750000000003 0.08465000000000003
1 0.750975 0.7006874999999999 0.07476249999999993 0.0841624999999999
1 0.2683125 0.7226625 0.07079999999999999 0.09088750000000005
1 0.4140625 0.91065 0.09667500000000004 0.07476249999999993
1 0.58105 0.9116249999999999 0.09790000000000006 0.07666249999999991
1 0.7226625 0.8662125 0.0994874999999999 0.05877499999999998
1 0.8173874999999999 0.8017624999999999 0.06164999999999992 0.06732499999999987
1 0.7955125 0.343175 0.08520000000000011 0.09260000000000002
1 0.8556625 0.5805625 0.0795750000000001 0.09579999999999998
1 0.49979999999999997 0.5646875 0.08594999999999998 0.09152500000000004
1 0.3647625 0.6575375 0.08811250000000001 0.09907499999999998
1 0.148925 0.747475 0.0773875 0.095625