5 0.35985666666666666 0.5380575 0.5550800000000001 0.15206749999999994
5 0.8291999999999999 0.2898325 0.34160000000000007 0.2714775
2 0.6422366666666667 0.30241250000000003 0.08599000000000008 0.05407000000000005
1 0.75029 0.223375 0.08793 0.09126999999999998
1 0.7256466666666667 0.1572175 0.06382999999999993 0.050067499999999994
1 0.42783333333333334 0.023 0.05566666666666667 0.046
1 0.6685 0.048625 0.067 0.055
2 0.28668 0.7284025000000001 0.08662999999999996 0.03932500000000005
1 0.05733333333333333 0.060015 0.054623333333333336 0.033859999999999994
1 0.2911666666666667 0.017625 0.12733333333333333 0.03525
1 0.96082 0.4627725 0.04910666666666657 0.03620500000000004
4 0.24669666666666668 0.60389 0.08311666666666663 0.02517750000000001
0 0.41388 0.347645 0.14783666666666662 0.056230000000000016
1 0.34498333333333336 0.484815 0.05116999999999996 0.034172500000000015
2 0.43468999999999997 0.23160750000000002 0.09349666666666674 0.06301000000000002
4 0.56669 0.06559999999999999 0.0687866666666667 0.1311975
0 0.98249 0.23973249999999996 0.035020000000000134 0.06043249999999998
4 0.15047999999999997 0.59436 0.1262533333333333 0.07985500000000002
2 0.30213666666666666 0.6337125 0.11237333333333337 0.030029999999999973
0 0.6549866666666667 0.16617500000000002 0.043196666666666717 0.05398000000000002
0 0.20007666666666668 0.7561525 0.06868333333333332 0.025345000000000027
1 0.984 0.0663175 0.032 0.0527
4 0.020166666666666666 0.18418 0.04033333333333333 0.10238749999999999
1 0.33002 0.40658 0.058089999999999996 0.044120000000000006
1 0.61029 0.021025 0.071 0.04205
1 0.83483 0.5313724999999999 0.1153133333333332 0.030829999999999927
0 0.7205533333333333 0.0782025 0.04633666666666674 0.0816225
0 0.75036 0.022535 0.028146666666666532 0.026052500000000003
0 0.80277 0.02027 0.0395 0.040537500000000004
5 0.8204966666666665 0.029775 0.16523333333333326 0.059547499999999996
0 0.7969933333333333 0.12002249999999999 0.06742333333333347 0.048857499999999984
5 0.4812066666666666 0.071875 0.14841000000000001 0.11574250000000001
0 0.46305666666666667 0.048915 0.045793333333333366 0.048147499999999996
2 0.5075366666666666 0.049995000000000005 0.03812000000000004 0.031755000000000005
0 0.5097333333333334 0.07011750000000001 0.026859999999999974 0.029965000000000002
0 0.0659 0.1902475 0.046633333333333325 0.029757499999999992
4 0.09272333333333334 0.3228175 0.17097666666666664 0.14633249999999998
0 0.9354366666666667 0.2706425 0.038383333333333214 0.028137500000000044
4 0.83169 0.3569125 0.2405566666666667 0.11516999999999995
0 0.8237066666666666 0.406225 0.026983333333333272 0.01426750000000004
0 0.9133933333333333 0.40360250000000003 0.030023333333333235 0.01814499999999998
0 0.9828233333333333 0.383455 0.02751333333333332 0.02744500000000005
0 0.70058 0.4154575 0.02774333333333319 0.01449000000000001
0 0.7041133333333334 0.41954250000000004 0.041953333333333225 0.007282500000000028
1 0.7342866666666668 0.46472 0.05563666666666662 0.02695500000000004
0 0.6404966666666667 0.39204500000000003 0.05274666666666675 0.02069500000000005
1 0.9714833333333333 0.5229175 0.05703333333333346 0.06545499999999999
5 0.8055933333333334 0.5468350000000001 0.2981499999999999 0.07986249999999996
0 0.8963666666666666 0.5429375 0.024179999999999986 0.01315000000000009
5 0.9494466666666667 0.599195 0.10110666666666657 0.056625
2 0.9704266666666668 0.7557775 0.059146666666666535 0.032467499999999976
5 0.8513166666666666 0.724705 0.23123333333333326 0.11225499999999988
2 0.8849266666666668 0.7062999999999999 0.02971999999999995 0.017680000000000064
2 0.84256 0.7392424999999999 0.0349399999999999 0.017299999999999954
0 0.8748866666666666 0.73033 0.022490000000000086 0.013932499999999891
0 0.5207866666666666 0.6704525 0.02251999999999998 0.007184999999999946
0 0.52032 0.6652275 0.019466666666666698 0.005694999999999936
0 0.4917166666666667 0.6731275000000001 0.039246666666666596 0.012867500000000063
0 0.3661833333333333 0.6448400000000001 0.04409666666666665 0.02592750000000001
0 0.19986666666666666 0.77742 0.05432333333333334 0.02088499999999999
0 0.09508666666666667 0.7073875000000001 0.011763333333333322 0.0098275000000001
0 0.17617333333333332 0.69821 0.019623333333333316 0.007902499999999918
0 0.22208333333333333 0.6634075 0.031623333333333295 0.011167500000000018
5 0.14245333333333335 0.7162075 0.20818333333333333 0.10143499999999994
4 0.044199999999999996 0.7400399999999999 0.08839999999999999 0.1490999999999999
0 0.22845666666666667 0.55461 0.0844533333333333 0.043512500000000044
5 0.03804333333333333 0.5770675 0.07608333333333334 0.0584525000000001
0 0.05716333333333334 0.5544025 0.02724666666666667 0.01209999999999991
0 0.005943333333333333 0.5519850000000001 0.011886666666666665 0.0135150000000001
0 0.019533333333333333 0.565365 0.03416 0.03366000000000008
0 0.047330000000000004 0.5722375 0.02534333333333333 0.02497499999999991
0 0.013833333333333333 0.596625 0.027666666666666666 0.01725
2 0.21924666666666667 0.5031575 0.12451666666666665 0.08038750000000004
0 0.2878966666666667 0.4837725 0.03676999999999998 0.017752500000000053
0 0.4301433333333334 0.485585 0.12219999999999998 0.034924999999999956
0 0.39418666666666663 0.522285 0.07977666666666665 0.04888499999999999
4 0.52944 0.5398975 0.12417999999999998 0.06925
0 0.5386766666666667 0.589975 0.03974333333333334 0.01731750000000011
0 0.54156 0.5965525 0.017890000000000024 0.005559999999999945
2 0.47551 0.5879924999999999 0.09265333333333335 0.03214249999999993
2 0.40441666666666665 0.574515 0.03437999999999996 0.0178599999999999
0 0.4129233333333333 0.60237 0.03251666666666673 0.018065000000000053
0 0.37799 0.60309 0.022899999999999938 0.01557249999999999
0 0.37225 0.6062799999999999 0.023660000000000007 0.012337500000000091
0 0.3009233333333333 0.52339 0.049650000000000014 0.030117500000000005
5 0.07125666666666668 0.44156 0.14251333333333335 0.03828999999999996
0 0.07223666666666667 0.4359225 0.04063333333333335 0.01469749999999999
0 0.06479333333333333 0.44917 0.024160000000000004 0.009802500000000009
0 0.11594333333333333 0.44579250000000004 0.03586666666666667 0.022914999999999963
0 0.10299000000000001 0.45530750000000003 0.02956333333333335 0.01532249999999999
4 0.23517333333333332 0.38671 0.09154666666666662 0.0525625
0 0.5380266666666667 0.3138675 0.03403666666666671 0.02582000000000005
4 0.55964 0.41033 0.15078999999999995 0.11653750000000002
0 0.2775266666666667 0.33959500000000004 0.02744666666666664 0.018067499999999997
1 0.20179999999999998 0.3082175 0.06056666666666668 0.033537500000000026
1 0.15764 0.2874775 0.029216666666666658 0.02819749999999999
0 0.2323966666666667 0.2722075 0.017593333333333325 0.03679250000000002
0 0.24242333333333332 0.2781475 0.008099999999999986 0.01861749999999995
0 0.22022333333333333 0.214285 0.013833333333333333 0.040932500000000004
0 0.13833333333333334 0.165935 0.02806333333333335 0.1124975
1 0.19193666666666664 0.147415 0.038163333333333334 0.0383125
2 0.22524666666666668 0.127065 0.052343333333333325 0.026017499999999985
2 0.24769000000000002 0.18191749999999998 0.03434666666666666 0.035777499999999976
5 0.1941466666666667 0.23197250000000003 0.13706000000000002 0.2579425
0 0.31506666666666666 0.2396325 0.13826666666666668 0.10934249999999997
0 0.51678 0.23282499999999998 0.029370000000000042 0.020107500000000014
0 0.50686 0.2194825 0.04506333333333335 0.034722500000000024
0 0.5270666666666667 0.1609825 0.07567333333333333 0.0640675