0 0.037 0.689 0.074 0.04275
0 0.7096666666666667 0.0325 0.10266666666666667 0.063
0 0.4945 0.166875 0.10633333333333334 0.066
0 0.25433333333333336 0.914125 0.075 0.04025
1 0.6121666666666666 0.4035 0.10733333333333334 0.08025
0 0.314 0.544375 0.2613333333333333 0.2565
0 0.3805 0.755875 0.048 0.044
3 0.0295 0.8635 0.059 0.0935
0 0.2595 0.328 0.10166666666666667 0.082
5 0.10916666666666666 0.14625 0.21833333333333332 0.2925
0 0.11166666666666666 0.070625 0.08866666666666667 0.0695
0 0.057 0.21075 0.072 0.06675