1 0.25733333333333336 0.042375 0.11033333333333334 0.08425
4 0.15924333333333335 0.30483 0.20848666666666668 0.12445500000000001
1 0.1695 0.148 0.078 0.03375
1 0.18316666666666667 0.1 0.087 0.0315
1 0.078 0.053125 0.06733333333333333 0.03925
0 0.2975 0.508375 0.09766666666666667 0.0335
4 0.6778333333333333 0.05175 0.057666666666666665 0.04775
4 0.38372666666666666 0.338785 0.18182 0.17098000000000002
4 0.3615 0.622 0.088 0.075
1 0.469 0.177625 0.21566666666666667 0.12275
1 0.9211666666666667 0.537125 0.06966666666666667 0.0435
0 0.8498966666666666 0.476155 0.059479999999999866 0.035627500000000055
1 0.9018999999999999 0.116245 0.10682666666666651 0.08679000000000002
0 0.8701666666666666 0.844125 0.06233333333333333 0.034
0 0.6736666666666666 0.67725 0.06066666666666667 0.032
1 0.634 0.410875 0.07166666666666667 0.057
0 0.8831666666666667 0.313375 0.04933333333333333 0.0375
1 0.5536666666666666 0.3355 0.06633333333333333 0.0495
1 0.57892 0.5937475 0.069 0.03925500000000011
4 0.7205 0.283 0.214 0.133
2 0.6326366666666667 0.5415774999999999 0.08943333333333339 0.06452500000000004
0 0.6596666666666666 0.933375 0.048 0.03
5 0.8965 0.036125 0.207 0.07225
0 0.5884633333333333 0.0248125 0.12912333333333328 0.049625
5 0.08292333333333332 0.14151750000000005 0.16584333333333331 0.26624000000000003
0 0.0605 0.145 0.121 0.074
0 0.018333333333333333 0.414375 0.03666666666666667 0.01975
5 0.8581533333333333 0.309515 0.14659333333333324 0.28109500000000004
0 0.9116833333333334 0.317815 0.008816666666666606 0.01405499999999995
1 0.83783 0.41866000000000003 0.0830633333333332 0.06011500000000001
0 0.8124600000000001 0.40478250000000005 0.0495633333333332 0.0528125
2 0.9326966666666667 0.40846499999999997 0.06817333333333347 0.04034500000000003
0 0.8953466666666666 0.47023750000000003 0.04660000000000006 0.023850000000000024
0 0.9760333333333333 0.5408 0.030566666666666607 0.0246875
5 0.9498533333333333 0.69144 0.10029333333333337 0.12142750000000001
0 0.73434 0.585835 0.0373100000000001 0.02019749999999999
0 0.6189600000000001 0.6559075 0.024379999999999957 0.019382499999999938
0 0.5221466666666666 0.6349775 0.04000666666666666 0.02419250000000011
0 0.45187 0.6398250000000001 0.037579999999999926 0.03408999999999992
0 0.49352666666666667 0.646885 0.03675333333333341 0.022032500000000028
5 0.5247933333333333 0.6259375 0.4827033333333332 0.17029750000000013
2 0.33053000000000005 0.7448425 0.05509666666666669 0.038772500000000036
0 0.6182566666666667 0.808085 0.02870666666666663 0.018470000000000028
2 0.6803633333333333 0.8295525 0.11160666666666672 0.0814525000000001
4 0.49828666666666666 0.856045 0.20404333333333338 0.07589249999999993
4 0.12093999999999999 0.8980874999999999 0.13286333333333333 0.11052749999999992
5 0.03983333333333333 0.916625 0.07966666666666666 0.14975
0 0.02061666666666667 0.7179475 0.04123333333333334 0.02516750000000002
0 0.8166833333333334 0.8436224999999999 0.027023333333333236 0.018612499999999955
2 0.9002 0.9371875 0.028743333333333187 0.02943249999999989
2 0.9859633333333333 0.95251 0.02807333333333342 0.03723000000000002
1 0.5295233333333333 0.4078275 0.07031666666666661 0.04436749999999995