1 0.7985 0.23175 0.0669966666666666 0.04925
4 0.2522233333333333 0.2050775 0.10314333333333335 0.07101249999999999
4 0.3876133333333333 0.17545750000000002 0.08914666666666668 0.04343000000000001
1 0.10075666666666666 0.2471675 0.06217666666666666 0.03564500000000001
1 0.41933333333333334 0.24875 0.058666666666666666 0.04525
0 0.56467 0.1861225 0.025129999999999958 0.02125
2 0.024666666666666667 0.300875 0.04933333333333333 0.03475
2 0.91716 0.01425 0.07097999999999986 0.0285
4 0.22072666666666665 0.8810225 0.11216666666666666 0.11599000000000001
2 0.8758733333333333 0.7860825 0.05992000000000007 0.041302500000000006
4 0.91239 0.2543175 0.17521999999999996 0.14449250000000002
0 0.9697800000000001 0.3854325 0.0604366666666668 0.04544749999999999
0 0.7814866666666667 0.37912 0.11441333333333326 0.027852499999999964
0 0.8445166666666667 0.43678500000000003 0.03286666666666679 0.018162500000000022
5 0.7679400000000001 0.4089025 0.2373533333333334 0.10020500000000004
5 0.5938566666666667 0.32552 0.11744666666666671 0.07409249999999998
0 0.60353 0.31482 0.029066666666666605 0.02594500000000005
0 0.5835733333333334 0.3040075 0.022993333333333338 0.01646500000000003
0 0.5588000000000001 0.32286000000000004 0.031089999999999993 0.024157500000000026
4 0.6148266666666666 0.4401225 0.11399333333333334 0.07981499999999994
4 0.6321066666666666 0.237735 0.07998000000000002 0.05027999999999997
0 0.5634733333333334 0.260805 0.026510000000000068 0.021592499999999973
1 0.52358 0.2108175 0.04292999999999999 0.026817499999999994
0 0.5542266666666666 0.16569 0.11075666666666666 0.039069999999999994
2 0.5522366666666667 0.1420925 0.08157666666666667 0.031252499999999996
0 0.48793333333333333 0.1652375 0.07223666666666669 0.022412500000000023
1 0.1862633333333333 0.3043925 0.053669999999999995 0.04177499999999998
1 0.37414333333333333 0.2417025 0.037960000000000035 0.02532249999999999
4 0.34202666666666665 0.30939 0.16187000000000004 0.11260500000000002
4 0.3743066666666667 0.3765375 0.06865666666666664 0.055549999999999954
4 0.49073 0.3751775 0.1419766666666666 0.23155250000000002
0 0.4081166666666666 0.42589499999999997 0.03856333333333335 0.01748000000000002
0 0.4247066666666666 0.465945 0.06607000000000002 0.02792999999999995
0 0.3983333333333333 0.505215 0.02353666666666671 0.010237499999999955
2 0.2991566666666667 0.39416500000000004 0.07231000000000003 0.03270749999999998
0 0.27704 0.5202899999999999 0.04423666666666668 0.016460000000000037
4 0.26419000000000004 0.4408825 0.23087666666666662 0.16086749999999994
2 0.043199999999999995 0.5551200000000001 0.08639999999999999 0.11797000000000003
5 0.019450000000000002 0.6740725 0.038900000000000004 0.03435500000000002
4 0.18974000000000002 0.6440825 0.16260666666666665 0.12463000000000012
1 0.33279 0.6497025 0.036509999999999994 0.02666249999999991
4 0.12632333333333334 0.9068350000000001 0.08657333333333335 0.06879500000000008
4 0.11181666666666666 0.9442075 0.13247333333333333 0.041049999999999955
4 0.05393666666666667 0.9007825 0.06495000000000001 0.041615000000000006
4 0.021303333333333334 0.947005 0.04260333333333333 0.05267000000000007
0 0.18636000000000003 0.75003 0.032916666666666664 0.030397500000000036
0 0.2123566666666667 0.774595 0.032179999999999986 0.02855250000000001
1 0.8632733333333333 0.6233125 0.04600999999999991 0.02718249999999989
2 0.7609933333333333 0.644495 0.039066666666666604 0.03640249999999992
0 0.7824200000000001 0.58562 0.026990000000000083 0.024007499999999935
4 0.8891766666666667 0.6734475 0.22164666666666652 0.14069000000000007
4 0.9713099999999999 0.7432475 0.0573766666666667 0.05715000000000009
0 0.7956133333333334 0.79312 0.02979999999999988 0.020427500000000008
1 0.9223833333333333 0.8544550000000001 0.1140033333333334 0.07791000000000008
4 0.97805 0.8529025 0.043896666666666535 0.059065000000000055
5 0.7894833333333333 0.886815 0.17507999999999993 0.12283999999999992
2 0.7790833333333333 0.9075975 0.07357000000000001 0.05149000000000001
0 0.6074633333333334 0.6417 0.02945666666666663 0.0175775000000001
0 0.63802 0.70066 0.026153333333333344 0.019352499999999963
0 0.61524 0.7306925 0.02629333333333337 0.02160750000000007
4 0.6203000000000001 0.74561 0.07880666666666669 0.05247250000000008
5 0.56541 0.7271775 0.49265333333333333 0.31362249999999997
0 0.5378066666666667 0.682245 0.022923333333333327 0.015092499999999972
0 0.46098666666666666 0.6815775 0.029746666666666595 0.031154999999999974
4 0.4303533333333333 0.7593225 0.11229666666666663 0.12957249999999998
0 0.49751999999999996 0.800815 0.1333766666666667 0.1094749999999999
0 0.5656766666666666 0.7944825 0.02571999999999995 0.023132499999999938
0 0.593 0.7988375 0.02906333333333335 0.014212500000000091
0 0.5767633333333333 0.81559 0.023333333333333334 0.012942500000000108