5 0.5866 0.38358499999999995 0.14475333333333326 0.12097749999999996
5 0.17358333333333334 0.434955 0.28583333333333333 0.23590999999999998
5 0.6787233333333333 0.7209249999999999 0.1371933333333333 0.06788249999999994
5 0.43449333333333334 0.6898375 0.22423 0.08259999999999991
5 0.18582 0.6475925 0.09277333333333332 0.05121000000000003
4 0.9123633333333334 0.49047 0.15439000000000003 0.08807249999999998
4 0.6526133333333333 0.27279000000000003 0.10058000000000007 0.09090750000000003
1 0.363 0.449 0.042333333333333334 0.02925
1 0.4683333333333333 0.26925 0.038 0.03
2 0.77559 0.4298825 0.031826666666666524 0.01875
1 0.49633333333333335 0.3415 0.03866666666666667 0.02975
1 0.72868 0.4399475 0.02998666666666668 0.023627500000000055
1 0.027 0.202125 0.054 0.045
0 0.41681333333333337 0.3218575 0.06448000000000002 0.02466250000000002
1 0.734 0.363875 0.029223333333333358 0.024664999999999965
1 0.43714333333333333 0.49590249999999997 0.08623333333333327 0.042370000000000005
4 0.17275333333333334 0.22035249999999995 0.11127666666666665 0.07135999999999998
1 0.039 0.583255 0.078 0.03925250000000005
1 0.10824333333333334 0.47009249999999997 0.09077999999999997 0.05822500000000002
4 0.4730066666666667 0.3984025 0.08203000000000005 0.08944749999999999
2 0.4832366666666667 0.8559275000000001 0.024366666666666637 0.015882499999999935
4 0.08350666666666667 0.894145 0.027516666666666672 0.02684500000000003
0 0.12368000000000001 0.0766225 0.07925 0.04736750000000001
1 0.5276666666666666 0.281125 0.07333333333333333 0.0535
1 0.53526 0.5332 0.08857000000000001 0.05549000000000001
1 0.7545833333333334 0.4570125 0.02980666666666669 0.034
4 0.33555666666666667 0.29952 0.09056666666666668 0.08125
1 0.5237200000000001 0.4426675 0.02255666666666669 0.019164999999999963
4 0.3908333333333333 0.5599550000000001 0.074 0.07165750000000003
4 0.9450433333333333 0.4156575 0.10342000000000007 0.06818499999999994
4 0.7369133333333333 0.8450025000000001 0.05232000000000001 0.04126999999999998
1 0.8000833333333334 0.3878875 0.021810000000000097 0.015987499999999953
4 0.23421 0.302405 0.13218666666666665 0.10086249999999998
4 0.8702333333333333 0.3512075 0.0663133333333332 0.045470000000000024
4 0.40341 0.81472 0.1062833333333333 0.04159750000000008
4 0.69859 0.395185 0.04747333333333336 0.045644999999999984
4 0.11316666666666667 0.2946675 0.08978333333333334 0.04636000000000001
4 0.16513666666666668 0.3989325 0.12155666666666665 0.0935
4 0.8008633333333334 0.72475 0.06205666666666669 0.0315
0 0.32106666666666667 0.4882475 0.030136666666666694 0.012442499999999995
4 0.025583333333333333 0.04208 0.051166666666666666 0.0689075
1 0.13975333333333334 0.11566249999999999 0.07465000000000002 0.0358775
4 0.24953333333333333 0.1057725 0.12059666666666666 0.09244000000000001
3 0.25512 0.167835 0.07449333333333334 0.05166250000000002
0 0.21579 0.2574625 0.02918999999999998 0.022932500000000005
0 0.38816666666666666 0.2563075 0.058 0.04236500000000001
4 0.3735 0.212845 0.10983333333333334 0.07663249999999999
5 0.015833333333333335 0.2827425 0.03166666666666667 0.04070000000000005
1 0.5709166666666666 0.27249 0.025390000000000024 0.02
1 0.5340566666666667 0.32448 0.020893333333333278 0.014294999999999959
1 0.6529433333333333 0.35494749999999997 0.030673333333333327 0.021059999999999947
0 0.65276 0.3784775 0.01742333333333333 0.015987499999999953
4 0.37337 0.3740225 0.08 0.07116250000000002
1 0.25142 0.43246749999999995 0.03074666666666667 0.03530250000000001
0 0.29420999999999997 0.45557 0.023833333333333335 0.013102499999999963
0 0.3296466666666667 0.47046 0.03346333333333333 0.012227499999999964
0 0.2607933333333333 0.4946025 0.016173333333333328 0.014590000000000032
0 0.2881666666666667 0.49773500000000004 0.034106666666666646 0.018532500000000028
0 0.10524333333333334 0.5634825 0.04288333333333333 0.025049999999999954
4 0.30416666666666664 0.5476275 0.08466666666666667 0.051747499999999946
0 0.21205333333333332 0.596605 0.06945999999999997 0.010592499999999973
0 0.20741333333333334 0.6385175000000001 0.03894333333333331 0.015157500000000027
0 0.15299333333333334 0.6723925000000001 0.02500999999999999 0.021467499999999973
0 0.11667 0.7551224999999999 0.05198333333333335 0.013559999999999945
0 0.17507333333333333 0.7380099999999999 0.022160000000000006 0.01530749999999989
4 0.19828666666666667 0.842735 0.07980000000000001 0.0656875
5 0.11839000000000001 0.8704700000000001 0.12544333333333335 0.1196099999999999
0 0.07418333333333334 0.9145800000000001 0.017843333333333326 0.014210000000000037
2 0.32556666666666667 0.7516675 0.027380000000000033 0.021275000000000092
0 0.4663633333333333 0.7865725 0.01470666666666663 0.010617500000000064
2 0.4978066666666667 0.79798 0.05793333333333339 0.04442499999999996
0 0.5670633333333334 0.80461 0.013530000000000049 0.010112499999999955
2 0.59357 0.8045525 0.030960000000000036 0.019377500000000054
2 0.66664 0.8701525 0.04417999999999999 0.03447499999999991
0 0.7035566666666667 0.861075 0.01045000000000012 0.00930749999999989
2 0.70273 0.8087300000000001 0.03717666666666658 0.03138249999999994
4 0.37234666666666666 0.6869625 0.04104333333333337 0.033677500000000006
0 0.41450666666666663 0.6975675 0.016826666666666674 0.011720000000000027
0 0.43121000000000004 0.6984675 0.01704333333333337 0.0113275000000001
0 0.44397333333333333 0.69297 0.01831333333333335 0.012494999999999892
1 0.46680000000000005 0.6724225 0.03096333333333329 0.019752500000000055
0 0.48271000000000003 0.7020775 0.012083333333333333 0.010154999999999973
2 0.50592 0.71288 0.027879999999999957 0.016819999999999936
0 0.5358133333333334 0.6682475 0.01692333333333333 0.009480000000000018
2 0.49168 0.64808 0.03785999999999998 0.03187249999999994
0 0.34731333333333336 0.63461 0.04023666666666668 0.014585000000000037
1 0.6202566666666667 0.6431 0.028613333333333383 0.021012500000000045
0 0.6438466666666667 0.644685 0.014280000000000048 0.011887500000000046
4 0.66907 0.663415 0.05651666666666673 0.0479375
0 0.7314433333333333 0.64203 0.02807333333333342 0.021730000000000017
0 0.7378999999999999 0.6901325 0.02860666666666657 0.02177500000000009
0 0.6992666666666667 0.7218375 0.012203333333333224 0.010259999999999991
0 0.6705166666666666 0.7146849999999999 0.008923333333333327 0.008569999999999937
0 0.6932666666666667 0.7474425 0.01811999999999989 0.0118275000000001
0 0.82264 0.7511375 0.01645000000000012 0.010322499999999991
5 0.83911 0.802335 0.06725999999999992 0.07533500000000004
0 0.8633333333333333 0.8345975 0.01695000000000012 0.011960000000000037
0 0.8908333333333334 0.8620025 0.013693333333333309 0.013392499999999927
0 0.6080466666666667 0.8555349999999999 0.017210000000000038 0.014914999999999963
4 0.8375166666666667 0.7061825 0.02411999999999989 0.017440000000000056
4 0.8597800000000001 0.7086174999999999 0.02942000000000007 0.02803500000000008
2 0.85075 0.7239575 0.046873333333333295 0.017387500000000045
4 0.8892733333333334 0.6968125 0.043240000000000084 0.0499525000000001
0 0.864 0.6385625 0.02044333333333331 0.011125
0 0.8746666666666667 0.6505875 0.017479999999999867 0.013285000000000081
0 0.7337766666666666 0.6120975 0.0148133333333332 0.010752500000000055
0 0.7595566666666667 0.6071825 0.01836999999999989 0.012587500000000092
0 0.7956666666666666 0.6115700000000001 0.017259999999999914 0.01580749999999989
0 0.7724433333333333 0.6219225 0.07674000000000009 0.051512500000000044
0 0.58894 0.6146975 0.026780000000000047 0.01694250000000011
0 0.6086633333333333 0.6114400000000001 0.020839999999999994 0.011470000000000027
2 0.6262933333333334 0.5826275000000001 0.030083333333333333 0.018690000000000054
5 0.59324 0.54353 0.0655933333333334 0.11877999999999997
0 0.6023466666666667 0.547975 0.019 0.015960000000000037
1 0.49560666666666664 0.58666 0.03035000000000006 0.024852499999999965
1 0.46423333333333333 0.5562275 0.02876333333333332 0.01900500000000011
1 0.6074933333333333 0.400785 0.055426666666666735 0.04071249999999998
1 0.6129600000000001 0.46167 0.04292333333333333 0.03587250000000006
4 0.7170133333333333 0.5378 0.04575666666666681 0.04459999999999991
1 0.45075333333333334 0.5865750000000001 0.03070666666666663 0.0201875
4 0.6846833333333334 0.4611325 0.07694666666666672 0.07347500000000003
1 0.6786566666666667 0.5252749999999999 0.05647666666666661 0.05223749999999996
0 0.6900833333333334 0.36332 0.03802666666666664 0.016932500000000003
0 0.70225 0.367245 0.03877666666666664 0.014590000000000032
1 0.8451433333333332 0.41502249999999996 0.034286666666666556 0.022637500000000046
4 0.9564533333333334 0.3313025 0.060183333333333394 0.029402500000000033
1 0.9562233333333333 0.3746275 0.024243333333333186 0.015330000000000042
1 0.9852399999999999 0.3813225 0.029520000000000133 0.024472499999999967
4 0.9746766666666667 0.45729000000000003 0.0423766666666667 0.028754999999999996
2 0.9292699999999999 0.46618 0.043146666666666535 0.017200000000000045
4 0.87475 0.5910475000000001 0.08677666666666664 0.0561099999999999
1 0.9537466666666666 0.59264 0.019710000000000037 0.012182499999999891
4 0.98032 0.646065 0.03935999999999998 0.0501724999999999
2 0.8117533333333334 0.55459 0.045903333333333345 0.054647500000000036
0 0.16316333333333333 0.077905 0.07339333333333335 0.05027000000000001
0 0.9345633333333333 0.5347825 0.02591333333333326 0.008217499999999973
5 0.9610033333333334 0.6597575 0.07799000000000009 0.07819249999999989
0 0.18011333333333335 0.65316 0.02499000000000001 0.016897500000000037
1 0.20216666666666666 0.6611675 0.042823333333333345 0.018349999999999908
0 0.78832 0.7047625000000001 0.01704333333333337 0.0076800000000000635
0 0.7224066666666666 0.7224125 0.010946666666666716 0.0073025000000000095
0 0.7328466666666666 0.7144874999999999 0.011766666666666727 0.010377500000000055
0 0.6974333333333333 0.7255325 0.01867999999999999 0.008134999999999991
5 0.20467333333333332 0.5079425 0.10114000000000002 0.07168000000000006
0 0.43361999999999995 0.33492500000000003 0.06085999999999998 0.027422500000000013
0 0.42760666666666663 0.4048425 0.05028000000000005 0.048294999999999956
1 0.5830333333333333 0.58988 0.03673000000000002 0.025505000000000107
1 0.5729266666666667 0.58341 0.020816666666666605 0.022180000000000064