4 0.7053333333333334 0.35125 0.16433333333333333 0.08825
1 0.17333333333333334 0.157 0.154 0.11925
1 0.49 0.24475 0.10566666666666667 0.06225
2 0.8975 0.35325 0.11433333333333333 0.067
0 0.5036666666666667 0.07075 0.07566666666666666 0.07875
2 0.07583333333333334 0.240375 0.105 0.0815
2 0.3925 0.16425 0.071 0.07075
0 0.6648333333333334 0.752125 0.07 0.03875
0 0.4885 0.49975 0.09166666666666666 0.0475
1 0.2825 0.347 0.10066666666666667 0.04025
4 0.7689366666666666 0.690125 0.10266666666666667 0.0595
0 0.1135 0.881875 0.052333333333333336 0.02725
0 0.48583333333333334 0.631875 0.053 0.033
0 0.7962333333333332 0.1745025 0.16520333333333323 0.062255
1 0.6636666666666666 0.62775 0.09733333333333333 0.03875
0 0.58 0.693125 0.039 0.02575
1 0.5976666666666667 0.4265 0.08766666666666667 0.057
0 0.755 0.813875 0.059333333333333335 0.025
1 0.08266666666666667 0.501875 0.08766666666666667 0.04625
1 0.48333333333333334 0.758375 0.059 0.02925
1 0.2798333333333333 0.637 0.09966666666666667 0.0405
0 0.29483333333333334 0.75875 0.058 0.027
0 0.8303333333333334 0.868375 0.06533333333333333 0.0445
0 0.7746666666666666 0.5595 0.06566666666666666 0.0465
2 0.7243333333333334 0.073875 0.10266666666666667 0.06925
0 0.7243333333333334 0.073875 0.10266666666666667 0.06925
0 0.5726666666666667 0.8175 0.056 0.0385
1 0.288 0.504 0.08366666666666667 0.05375
0 0.8678333333333333 0.622375 0.07166666666666667 0.0315
2 0.10483333333333333 0.758625 0.085 0.0435
0 0.973 0.74675 0.054 0.036
1 0.105 0.63375 0.07233333333333333 0.042
2 0.28883333333333333 0.073125 0.091 0.0645
0 0.10516666666666667 0.633875 0.07266666666666667 0.04225
1 0.2881666666666667 0.504125 0.084 0.05375
0 0.2798333333333333 0.637 0.09966666666666667 0.04075
2 0.289 0.073125 0.091 0.06425