5 0.3247366666666667 0.59409 0.49149333333333334 0.3020975000000001
1 0.10416666666666667 0.545125 0.093 0.0735
1 0.06516666666666666 0.6285 0.09033333333333333 0.0575
1 0.5655 0.3635 0.07033333333333333 0.05
1 0.41383333333333333 0.42675 0.066 0.04175
2 0.295 0.973375 0.121 0.05325
4 0.6746666666666666 0.399 0.16866666666666666 0.0855
1 0.0395 0.294875 0.07766666666666666 0.05125
0 0.8416666666666667 0.635125 0.056 0.04275
0 0.8675 0.70225 0.05533333333333333 0.03675
2 0.5241666666666667 0.880375 0.08366666666666667 0.062
1 0.2175 0.533875 0.09933333333333333 0.10275
0 0.6973333333333334 0.7285 0.08233333333333333 0.06875
1 0.38466666666666666 0.361 0.121 0.05425
2 0.256 0.374625 0.10966666666666666 0.042
4 0.13971999999999998 0.21875 0.23058 0.06675999999999999
1 0.11383333333333333 0.306125 0.07466666666666667 0.02725
0 0.10033333333333333 0.4505 0.045 0.02525
4 0.5026666666666667 0.429125 0.051 0.02075
0 0.21 0.25575 0.08333333333333333 0.0425
0 0.6523333333333333 0.5525 0.055 0.04175
0 0.5023333333333333 0.429125 0.050333333333333334 0.02075
1 0.8076666666666666 0.88025 0.058 0.05575
0 0.26666666666666666 0.298125 0.05533333333333333 0.03875
0 0.7994233333333334 0.5575475 0.034353333333333465 0.02719250000000011
0 0.8148266666666667 0.8376475 0.03899000000000009 0.03507249999999999
0 0.9863466666666667 0.85548 0.02730666666666669 0.06153749999999991
2 0.8219833333333333 0.95172 0.16482000000000002 0.09655999999999995
0 0.26946333333333333 0.9221125 0.05380333333333336 0.03743499999999995
4 0.13768666666666668 0.8973150000000001 0.25914333333333334 0.20536999999999989
2 0.22666 0.6275875 0.05355333333333336 0.056612499999999955
2 0.30823333333333336 0.525605 0.06725 0.03900250000000006
0 0.48016000000000003 0.6975325 0.12092666666666659 0.07810249999999996
2 0.18051999999999999 0.36353500000000005 0.1293966666666667 0.0810625
4 0.3417966666666667 0.3014525 0.10847333333333335 0.06751250000000004
0 0.13434666666666667 0.66476 0.061076666666666675 0.053085000000000035
0 0.4817133333333334 0.3596725 0.1330800000000001 0.12436000000000001
1 0.49066333333333334 0.2906575 0.06294666666666672 0.03590999999999997
1 0.41519666666666666 0.2492625 0.06453999999999996 0.03421500000000003
1 0.30971000000000004 0.22607 0.06820000000000001 0.03549250000000001
0 0.29254 0.2669725 0.06688666666666669 0.03075750000000002
1 0.03777 0.7365499999999999 0.07554 0.15027250000000003
1 0.03507333333333333 0.3612575 0.07014666666666666 0.09203250000000003