2 0.9148333333333334 0.044125 0.12566666666666668 0.082
0 0.2728333333333333 0.26825 0.08166666666666667 0.06775
1 0.834 0.140375 0.09333333333333334 0.07
3 0.3715 0.233625 0.13966666666666666 0.10425
0 0.19066666666666668 0.721375 0.057666666666666665 0.03525
0 0.8133333333333334 0.795125 0.05733333333333333 0.03375
1 0.17816666666666667 0.043125 0.07466666666666667 0.067
1 0.2748333333333333 0.125875 0.065 0.04525
0 0.9116666666666666 0.45425 0.052 0.02725
2 0.5791666666666667 0.205375 0.074 0.091
2 0.5591666666666667 0.054875 0.079 0.07725
0 0.10766666666666666 0.793 0.058666666666666666 0.03575
0 0.983 0.7935 0.034 0.0375
0 0.8171666666666667 0.522625 0.044333333333333336 0.02575
1 0.365 0.048 0.144 0.084
0 0.282 0.925375 0.04933333333333333 0.02575
2 0.7193333333333334 0.722875 0.050333333333333334 0.03825
2 0.372 0.725125 0.07566666666666666 0.048
1 0.6491666666666667 0.283875 0.073 0.091
1 0.19216666666666668 0.44875 0.059666666666666666 0.06075
1 0.47 0.396375 0.09133333333333334 0.07425
0 0.6368333333333334 0.655875 0.046 0.03625
4 0.7516666666666667 0.05825 0.07666666666666666 0.05875
0 0.723 0.857125 0.04733333333333333 0.0235
3 0.8761666666666666 0.290875 0.14666666666666667 0.102
0 0.7158333333333333 0.594375 0.058666666666666666 0.03375
0 0.8135 0.66075 0.043666666666666666 0.027
0 0.6333333333333333 0.792625 0.054 0.03625
0 0.37016666666666664 0.861625 0.035666666666666666 0.03
1 0.6643333333333333 0.13325 0.09333333333333334 0.039
1 0.7435 0.20625 0.06266666666666666 0.0505
1 0.09933333333333333 0.1195 0.071 0.067
1 0.09866666666666667 0.265125 0.08633333333333333 0.0505
0 0.646 0.520375 0.043333333333333335 0.028
0 0.19466666666666665 0.59025 0.08433333333333333 0.03425
0 0.2796666666666667 0.79025 0.04566666666666667 0.028
0 0.19216666666666668 0.859625 0.037 0.0275
0 0.634 0.92 0.062 0.04125
0 0.8913333333333333 0.85775 0.058 0.03275
0 0.9018333333333334 0.72525 0.03933333333333333 0.0325
0 0.981 0.656625 0.038 0.04125