4 0.9333333333333333 0.62975 0.068 0.072
0 0.3596666666666667 0.142125 0.08133333333333333 0.05625
4 0.18883333333333333 0.40325 0.09366666666666666 0.07125
1 0.278 0.068625 0.06566666666666666 0.046
1 0.4826666666666667 0.521125 0.109 0.06
1 0.178 0.52725 0.10833333333333334 0.0585
0 0.734 0.463375 0.058666666666666666 0.03825
0 0.4781666666666667 0.64325 0.042666666666666665 0.02975
5 0.34933333333333333 0.2985 0.067 0.0635
0 0.19466666666666665 0.01225 0.06 0.0245
0 0.6465 0.059 0.08233333333333333 0.04525
0 0.4728333333333333 0.7665 0.074 0.0795
1 0.331 0.637625 0.067 0.05525
2 0.328 0.524875 0.06533333333333333 0.0585
0 0.8935 0.518375 0.06533333333333333 0.0435
0 0.9331666666666667 0.455 0.09133333333333334 0.0635
0 0.737 0.132375 0.05333333333333334 0.03475
0 0.6533333333333333 0.299625 0.07733333333333334 0.053
1 0.728 0.73975 0.242 0.15275
0 0.5453333333333333 0.97 0.06333333333333334 0.04
0 0.6475 0.40825 0.092 0.06475
0 0.7183333333333334 0.555 0.07566666666666666 0.0505
1 0.055 0.296875 0.079 0.056
1 0.9281666666666667 0.79375 0.11833333333333333 0.071
0 0.8916666666666667 0.13275 0.09566666666666666 0.055
2 0.36566666666666664 0.022875 0.08866666666666667 0.04575
1 0.079 0.08675 0.158 0.115
0 0.02033333333333333 0.153875 0.04066666666666666 0.05225
1 0.5731666666666667 0.2295 0.06966666666666667 0.05
2 0.49366666666666664 0.409875 0.04766666666666667 0.071
1 0.6386666666666667 0.645625 0.07466666666666667 0.05675
0 0.8946666666666667 0.988375 0.08366666666666667 0.02325