1 0.5103333333333333 0.26925 0.027666666666666666 0.02125
1 0.08316666666666667 0.50275 0.044 0.0385
1 0.024833333333333332 0.239375 0.049666666666666665 0.03425
2 0.5341666666666667 0.51725 0.028 0.0345
0 0.5296666666666666 0.349125 0.019666666666666666 0.01975
2 0.5085 0.31775 0.02033333333333333 0.01875
2 0.0455 0.359875 0.08666666666666667 0.04075
1 0.31833333333333336 0.286 0.033 0.02575
1 0.035833333333333335 0.016375 0.050333333333333334 0.03275
1 0.5043333333333333 0.4935 0.025 0.02225
1 0.26016666666666666 0.428875 0.04533333333333334 0.049
0 0.249 0.497375 0.03833333333333333 0.02975
4 0.13716666666666666 0.276875 0.04566666666666667 0.03175
4 0.19716666666666666 0.449125 0.062 0.03175
2 0.31616666666666665 0.632125 0.042333333333333334 0.02525
0 0.4795 0.460875 0.024333333333333332 0.0205
1 0.4831666666666667 0.40475 0.029 0.023
0 0.551 0.2945 0.022 0.023
1 0.29583333333333334 0.15 0.02666666666666667 0.02625
0 0.5315 0.4275 0.025 0.0205
1 0.024666666666666667 0.069125 0.04933333333333333 0.04
2 0.211 0.401875 0.043333333333333335 0.04575
4 0.37733333333333335 0.488125 0.067 0.0425
0 0.25533333333333336 0.15925 0.035333333333333335 0.0275
1 0.4785 0.511125 0.026 0.025
0 0.20866666666666667 0.71475 0.035333333333333335 0.027
1 0.37866666666666665 0.427625 0.035333333333333335 0.04075
1 0.35783333333333334 0.237375 0.026 0.02625
0 0.15683333333333332 0.177875 0.04766666666666667 0.038
0 0.1025 0.4215 0.049 0.032
0 0.27316666666666667 0.298625 0.044333333333333336 0.026
0 0.2658333333333333 0.361875 0.037 0.028
1 0.434 0.503 0.028 0.0245
1 0.5796666666666667 0.402 0.025333333333333333 0.03725
0 0.12333333333333334 0.350375 0.051333333333333335 0.0395
1 0.39366666666666666 0.22775 0.030666666666666665 0.027
0 0.32016666666666665 0.245125 0.037 0.03075
4 0.575 0.3275 0.031 0.034
0 0.0175 0.758 0.035 0.032
0 0.4058333333333333 0.465125 0.03 0.0225
0 0.19366666666666665 0.265875 0.042666666666666665 0.03125
1 0.2886666666666667 0.53475 0.073 0.043
0 0.26566666666666666 0.671 0.022333333333333334 0.0165
0 0.10033333333333333 0.71525 0.056666666666666664 0.0475
4 0.24816666666666667 0.2125 0.041666666666666664 0.0355
0 0.384 0.31625 0.03766666666666667 0.029
1 0.3943333333333333 0.181 0.030666666666666665 0.0225
1 0.020833333333333332 0.304625 0.041666666666666664 0.041
1 0.34 0.445625 0.031 0.03275
0 0.147 0.76025 0.03 0.0235
4 0.47683333333333333 0.56525 0.018 0.02875
0 0.0735 0.81525 0.03 0.02325
0 0.16833333333333333 0.116875 0.043666666666666666 0.0345
2 0.137 0.067125 0.048666666666666664 0.042
0 0.30283333333333334 0.1045 0.04033333333333333 0.02875
1 0.15533333333333332 0.215125 0.037 0.03725
4 0.18116666666666667 0.329 0.048666666666666664 0.03625
4 0.4251666666666667 0.13425 0.05433333333333333 0.04425
0 0.2455 0.252 0.04666666666666667 0.03325
2 0.3428333333333333 0.388125 0.052333333333333336 0.037
1 0.39666666666666667 0.27425 0.041 0.04275
0 0.06866666666666667 0.56025 0.032 0.02275
4 0.43583333333333335 0.439125 0.034 0.03375
1 0.15316666666666667 0.4 0.065 0.03875
1 0.367 0.135125 0.07833333333333334 0.06875
1 0.48883333333333334 0.192375 0.019333333333333334 0.01925
1 0.21083333333333334 0.164125 0.022 0.024
1 0.44483333333333336 0.3045 0.03 0.02525
1 0.18366666666666667 0.57375 0.042 0.028
0 0.4821666666666667 0.36175 0.024666666666666667 0.021
1 0.4116666666666667 0.355375 0.034666666666666665 0.037
2 0.215 0.109625 0.06266666666666666 0.043
0 0.4231666666666667 0.1785 0.029333333333333333 0.02825
0 0.28983333333333333 0.204625 0.03666666666666667 0.0325
0 0.27666666666666667 0.591 0.029333333333333333 0.027
1 0.2215 0.057375 0.10933333333333334 0.06975
2 0.19433333333333333 0.066875 0.052333333333333336 0.043
1 0.5705 0.248625 0.024333333333333332 0.0285
0 0.3225 0.48525 0.023 0.01625
0 0.19766666666666666 0.807875 0.025333333333333333 0.019
1 0.11466666666666667 0.119375 0.043666666666666666 0.0275
1 0.42133333333333334 0.268375 0.027 0.02375
4 0.1525 0.47425 0.047 0.03625
0 0.446 0.2595 0.013333333333333334 0.0135
0 0.24033333333333334 0.854625 0.054 0.03525
0 0.11283333333333333 0.09275 0.023333333333333334 0.018
0 0.125 0.869875 0.04833333333333333 0.04
0 0.0975 0.228 0.043333333333333335 0.036
4 0.4018333333333333 0.529125 0.038 0.031
0 0.4435 0.33925 0.03866666666666667 0.0435
2 0.3491666666666667 0.33075 0.034 0.03625
2 0.5788333333333333 0.4885 0.018666666666666668 0.014
1 0.5733333333333334 0.28525 0.019333333333333334 0.02025
0 0.4405 0.39325 0.028 0.0255
0 0.102 0.98425 0.03966666666666667 0.0315
0 0.048 0.932 0.03966666666666667 0.02975
0 0.2828333333333333 0.905 0.034666666666666665 0.0285
0 0.373 0.89025 0.029 0.026
0 0.33466666666666667 0.8495 0.030666666666666665 0.03125
2 0.38116666666666665 0.801375 0.027666666666666666 0.0305
0 0.4693333333333333 0.8385 0.030333333333333334 0.025
0 0.253 0.760375 0.036 0.0255
4 0.42633333333333334 0.682 0.028333333333333332 0.02225
0 0.5038333333333334 0.7295 0.024 0.0195
0 0.5423333333333333 0.609125 0.027666666666666666 0.031
3 0.021166666666666667 0.488 0.042333333333333334 0.069