5 0.6905166666666668 0.17612250000000002 0.24574333333333326 0.19093999999999997
1 0.11707333333333335 0.774375 0.14018999999999998 0.06975
2 0.31883333333333336 0.09675 0.079 0.05275
1 0.9266666666666666 0.1305 0.08533333333333333 0.0705
1 0.7755 0.0425 0.17866666666666667 0.085
1 0.5925 0.087 0.064 0.034
1 0.853 0.287625 0.059 0.055
1 0.9018333333333334 0.39125 0.050333333333333334 0.037
1 0.112 0.0475 0.14866666666666667 0.095
1 0.8508333333333333 0.177375 0.08566666666666667 0.04525
1 0.4098333333333333 0.247375 0.068 0.04325
1 0.37666666666666665 0.0365 0.08966666666666667 0.073
1 0.657 0.6485 0.083 0.04
1 0.36766666666666664 0.526375 0.078 0.03725
1 0.5195 0.02875 0.07133333333333333 0.05675
1 0.7766666666666666 0.330125 0.06833333333333333 0.06225
1 0.6596666666666666 0.563125 0.05633333333333333 0.036
2 0.7705 0.387375 0.07533333333333334 0.06575
1 0.19816666666666666 0.40025 0.056 0.0295
3 0.26966666666666667 0.68 0.07 0.039
2 0.5998333333333333 0.287625 0.07166666666666667 0.0405
1 0.8278333333333333 0.685375 0.050666666666666665 0.03175
1 0.5286666666666666 0.14 0.08033333333333334 0.039
1 0.5296466666666667 0.2452275 0.05096000000000003 0.03895499999999998
0 0.285 0.823375 0.056666666666666664 0.031
1 0.313 0.487625 0.053 0.038
1 0.48733333333333334 0.603 0.04566666666666667 0.02925
1 0.7636666666666667 0.782875 0.06066666666666667 0.02975
1 0.232 0.292625 0.069 0.03
1 0.3933333333333333 0.14525 0.077 0.03425
1 0.887 0.644 0.060333333333333336 0.037
2 0.4235 0.397375 0.074 0.027
1 0.229 0.636625 0.066 0.036
2 0.11433333333333333 0.298125 0.06866666666666667 0.0285
1 0.32524333333333333 0.64585 0.08284666666666665 0.052197499999999994
1 0.2545 0.440375 0.06 0.041
1 0.15283333333333332 0.244375 0.052 0.03575
1 0.30283333333333334 0.336375 0.057 0.02675
2 0.032 0.443125 0.064 0.02525
0 0.7141666666666666 0.911125 0.04533333333333334 0.02375
2 0.07533333333333334 0.89974 0.052333333333333336 0.027769999999999982
3 0.6363733333333333 0.332875 0.091 0.062
1 0.5346666666666666 0.335125 0.059333333333333335 0.04125
1 0.5473333333333333 0.565375 0.06066666666666667 0.036
1 0.31866666666666665 0.56425 0.048666666666666664 0.0275
2 0.44566666666666666 0.867875 0.050333333333333334 0.0325
1 0.1495 0.434625 0.060333333333333336 0.05325
2 0.465 0.193375 0.07133333333333333 0.03275
1 0.0805 0.397375 0.044333333333333336 0.0265
1 0.9696666666666667 0.28175 0.06066666666666667 0.0505
0 0.451 0.94725 0.03666666666666667 0.01975
2 0.5066666666666667 0.8205 0.11166666666666666 0.07325
2 0.26217 0.14844 0.049683333333333315 0.044057500000000006
2 0.72 0.28625 0.061 0.03175
3 0.11916666666666667 0.689125 0.050333333333333334 0.03525
1 0.6023333333333334 0.521125 0.057666666666666665 0.036
1 0.48633333333333334 0.44 0.074 0.07375
2 0.285 0.246875 0.051 0.03725
2 0.057 0.606875 0.054 0.036
1 0.947 0.606 0.05433333333333333 0.0315
1 0.839 0.441 0.058333333333333334 0.03225
1 0.7765 0.48825 0.07433333333333333 0.04975
1 0.08966666666666667 0.486125 0.04766666666666667 0.0265
2 0.8268333333333333 0.522875 0.058333333333333334 0.058
0 0.23166666666666666 0.861875 0.043333333333333335 0.02675
0 0.08516666666666667 0.199375 0.06866666666666667 0.0445
1 0.04033333333333333 0.251375 0.08066666666666666 0.04775
1 0.7836666666666666 0.5645 0.07833333333333334 0.0265
1 0.7235 0.606375 0.061 0.0365
1 0.43083333333333335 0.481625 0.058666666666666666 0.02575
2 0.9808333333333333 0.182125 0.03833333333333333 0.07675
1 0.9568433333333334 0.5225299999999999 0.05497999999999987 0.029690000000000053
2 0.0445 0.52925 0.060333333333333336 0.0385
1 0.37133333333333335 0.44325 0.056666666666666664 0.03875
1 0.3065 0.39875 0.04933333333333333 0.028
1 0.4775 0.29591500000000004 0.05566666666666667 0.04458249999999998
2 0.6493333333333333 0.392375 0.05 0.0395
0 0.8848333333333334 0.954625 0.04633333333333333 0.02225
1 0.7118333333333333 0.4435 0.047 0.0475
2 0.231 0.7765 0.07766666666666666 0.0445
1 0.8266666666666667 0.60375 0.043666666666666666 0.0255
1 0.7516666666666667 0.222 0.04666666666666667 0.0315
1 0.3475 0.28675 0.068 0.04325
2 0.19445666666666667 0.48179 0.041580000000000006 0.02658000000000004
1 0.3398333333333333 0.776625 0.05733333333333333 0.03875
0 0.661 0.867625 0.051666666666666666 0.02625
2 0.4398033333333334 0.8011075 0.0803166666666666 0.08188750000000004
0 0.11516666666666667 0.642375 0.04766666666666667 0.03025
1 0.3878333333333333 0.679875 0.049 0.02675
2 0.9583166666666666 0.6805924999999999 0.04948666666666668 0.04858999999999992
3 0.0505 0.094 0.06233333333333333 0.0565
4 0.883 0.874 0.057666666666666665 0.037
1 0.32716666666666666 0.187125 0.06966666666666667 0.05075
0 0.6023333333333334 0.910875 0.03333333333333333 0.01825
1 0.26516666666666666 0.5255 0.07433333333333333 0.026
2 0.17333333333333334 0.68075 0.07066666666666667 0.0345
1 0.3795 0.605625 0.047 0.03225
2 0.8901666666666667 0.565625 0.061 0.02775
2 0.12583333333333332 0.945625 0.029 0.0275
1 0.332 0.720875 0.06533333333333333 0.0255
1 0.4932266666666667 0.6811725 0.05445666666666663 0.03515750000000003
4 0.7598333333333334 0.86925 0.081 0.05875
2 0.137 0.539625 0.036333333333333336 0.0335
4 0.21433333333333332 0.56475 0.06466666666666666 0.0355
1 0.5396666666666666 0.481375 0.05366666666666667 0.048
1 0.6 0.604125 0.05366666666666667 0.03
2 0.16170333333333334 0.60625 0.059 0.03925
1 0.6523599999999999 0.7724125000000001 0.07571999999999995 0.050424999999999956
4 0.6641666666666667 0.95125 0.058666666666666666 0.046
1 0.76644 0.722935 0.04154333333333337 0.03911750000000006
2 0.906 0.47752999999999995 0.08166666666666667 0.050190000000000054
2 0.8787333333333333 0.78532 0.05433333333333333 0.04735750000000007
2 0.3353333333333333 0.86075 0.059 0.02775
0 0.9478733333333333 0.435375 0.04174666666666659 0.0375
1 0.44060666666666665 0.6430724999999999 0.0758766666666667 0.03914499999999998
0 0.20483333333333334 0.20325 0.069 0.03725
2 0.12566666666666668 0.859625 0.06066666666666667 0.034
4 0.3373333333333333 0.946375 0.058333333333333334 0.0455
2 0.8835 0.72525 0.07166666666666667 0.03425
2 0.6802066666666666 0.487375 0.06192000000000007 0.03697000000000003
1 0.5525 0.6445 0.041 0.02125
2 0.437 0.723625 0.05466666666666667 0.03175
4 0.606 0.687125 0.06266666666666666 0.046
1 0.6565 0.245875 0.045 0.02675
0 0.42149000000000003 0.33347750000000004 0.07464666666666668 0.03870500000000004
1 0.7283333333333334 0.684 0.06333333333333334 0.0385
0 0.7158333333333333 0.994125 0.050666666666666665 0.0115
2 0.4792066666666666 0.5437725 0.15231333333333336 0.08595250000000004
1 0.657 0.1235 0.048666666666666664 0.0355
0 0.23316666666666666 0.94725 0.02666666666666667 0.01825
2 0.11116666666666666 0.522375 0.054 0.03775
1 0.9763333333333334 0.013875 0.04733333333333333 0.02775
1 0.6636066666666666 0.7348899999999999 0.04466666666666659 0.046027499999999916
2 0.7515733333333333 0.14829 0.06836999999999989 0.04913749999999999
1 0.6754766666666667 0.16836 0.06058333333333341 0.03886250000000001
0 0.6259733333333334 0.145445 0.055253333333333404 0.023662500000000024
1 0.59658 0.18988 0.06509666666666665 0.05284000000000003
2 0.91351 0.232685 0.04566666666666667 0.0385
1 0.6175533333333334 0.47168 0.08466333333333341 0.08941999999999996
2 0.20117 0.502255 0.05336666666666664 0.024654999999999972
2 0.5903233333333333 0.71742 0.0320933333333334 0.030295000000000072
2 0.57367 0.7324425 0.04126000000000007 0.0313900000000001
2 0.9393066666666667 0.701745 0.03343333333333339 0.03249499999999989
2 0.225 0.721 0.073 0.0505
2 0.44292 0.7549600000000001 0.048063333333333354 0.0222974999999999
4 0.49816666666666665 0.98575 0.05566666666666667 0.0285
2 0.8335 0.991 0.059666666666666666 0.018