1 0.76753 0.253875 0.05860666666666657 0.04875
1 0.6043366666666666 0.218125 0.04932333333333327 0.0345
0 0.6221333333333333 0.463945 0.06301999999999998 0.06085249999999996
5 0.5623333333333334 0.379 0.078 0.07475
1 0.4252633333333333 0.2562475 0.03162999999999996 0.02917750000000001
1 0.69123 0.4165625 0.029549999999999955 0.021129999999999996
1 0.3095 0.31116750000000004 0.03166666666666667 0.028837499999999978
1 0.44340333333333337 0.519375 0.024059999999999946 0.019712500000000036
0 0.5232533333333333 0.7805650000000001 0.02250666666666666 0.015527499999999918
0 0.6615 0.360875 0.026333333333333334 0.01675
0 0.7145 0.313375 0.027333333333333334 0.017
1 0.32016666666666665 0.473125 0.027333333333333334 0.0145
1 0.60515 0.29888 0.026376666666666704 0.019524999999999976
1 0.30067333333333335 0.46001 0.027153333333333345 0.016872499999999947
3 0.5571666666666667 0.54575 0.027666666666666666 0.0215
0 0.6537833333333333 0.24324500000000002 0.02095666666666663 0.01725
0 0.5297366666666666 0.46712 0.02719333333333331 0.01776999999999998
1 0.7306966666666667 0.20136 0.03379333333333337 0.02853750000000002
4 0.4207833333333333 0.6294875 0.03349333333333334 0.022670000000000072
0 0.6085766666666667 0.411375 0.02351333333333332 0.01925
0 0.41252999999999995 0.7688400000000001 0.01571333333333329 0.012214999999999919
2 0.4856666666666667 0.660625 0.033666666666666664 0.01875
1 0.45281333333333335 0.5001075 0.03766666666666667 0.0145
2 0.6506633333333334 0.287485 0.023359999999999975 0.023495000000000005
1 0.44083333333333335 0.377875 0.025 0.0185
1 0.5265 0.51525 0.035333333333333335 0.02375
1 0.2810266666666667 0.3507475 0.023916666666666666 0.015642500000000042
1 0.3069133333333333 0.40808 0.020580000000000005 0.01494500000000005
1 0.47341666666666665 0.5220375 0.019059999999999945 0.0159224999999999
0 0.482 0.333625 0.025 0.01875
1 0.4624766666666667 0.320795 0.0223433333333334 0.02074249999999995
4 0.38866666666666666 0.339375 0.021333333333333333 0.01575
2 0.37729333333333337 0.310005 0.020723333333333357 0.015620000000000005
1 0.3511533333333334 0.5600025000000001 0.025406666666666636 0.02600999999999999
0 0.2956666666666667 0.69375 0.021 0.01475
0 0.49809333333333333 0.447975 0.025926666666666733 0.02101750000000004
1 0.37976333333333334 0.4868175 0.01792000000000007 0.011995000000000004
0 0.4801666666666667 0.37075 0.025 0.017
4 0.17571 0.471625 0.01225333333333333 0.013629999999999996
1 0.37914333333333333 0.2649875 0.019120000000000043 0.019940000000000027
0 0.38676666666666665 0.3738375 0.01995666666666663 0.014012500000000046
4 0.3588966666666667 0.471615 0.022329999999999926 0.019927500000000008
3 0.44566666666666666 0.40506 0.019446666666666716 0.015960000000000037
0 0.5236233333333333 0.7376275000000001 0.01985666666666672 0.014357500000000073
0 0.4521366666666667 0.45509750000000004 0.021653333333333344 0.017897500000000035
1 0.21587 0.5539824999999999 0.0355466666666667 0.032237499999999954
0 0.5655233333333333 0.7402225 0.01837999999999996 0.014384999999999992
0 0.5555 0.391125 0.019666666666666666 0.0155
1 0.44847000000000004 0.5481475 0.019309999999999945 0.015907500000000026
1 0.242 0.561375 0.023333333333333334 0.01575
1 0.38573 0.448245 0.024626666666666703 0.022407500000000028
1 0.4225 0.5935 0.028666666666666667 0.014
0 0.6328900000000001 0.3136175 0.02189999999999994 0.01849249999999995
1 0.3972333333333333 0.5518200000000001 0.0204066666666666 0.016002500000000055
1 0.16500666666666666 0.3600925 0.01894333333333333 0.017407500000000027
0 0.17916666666666667 0.438875 0.015666666666666666 0.0125
0 0.3017766666666667 0.6312525000000001 0.019390000000000025 0.011852499999999964
1 0.3164866666666667 0.2808225 0.0194533333333333 0.014792500000000017
0 0.2906066666666667 0.757835 0.01633333333333333 0.00975
2 0.31921 0.7261725 0.01922000000000003 0.0159525000000001
0 0.6120099999999999 0.555 0.017710000000000035 0.010982500000000072
0 0.35363000000000006 0.38127999999999995 0.018356666666666722 0.012595000000000028
1 0.44413 0.3072025 0.020073333333333266 0.017902500000000033
1 0.14611666666666667 0.389565 0.021983333333333348 0.016
1 0.5026966666666667 0.5428025 0.019913333333333262 0.01771499999999992
1 0.15233333333333332 0.521655 0.019660000000000007 0.013190000000000054
1 0.14097333333333334 0.4785 0.010943333333333347 0.01125
1 0.3636366666666667 0.5158625 0.03075666666666666 0.02697000000000003
0 0.5641666666666667 0.6623475 0.018666666666666668 0.014
0 0.5627033333333333 0.5040074999999999 0.017739999999999933 0.010235000000000013
2 0.47474 0.427605 0.02657333333333327 0.013307500000000005
4 0.243 0.527125 0.015333333333333332 0.01525
0 0.6084233333333333 0.601615 0.016826666666666674 0.014987499999999954
2 0.19125 0.49131 0.01250666666666666 0.015
1 0.20653666666666667 0.5372925000000001 0.015103333333333316 0.01275
0 0.24729 0.4899325 0.016089999999999993 0.013372499999999945
0 0.21716333333333335 0.4134975 0.014 0.0095
0 0.568 0.356625 0.026 0.0165
0 0.48414 0.26129250000000004 0.010989999999999934 0.009284999999999969
1 0.4771666666666667 0.476125 0.02666666666666667 0.0235
0 0.5258133333333334 0.5887775000000001 0.017296666666666623 0.015349999999999909
2 0.18308333333333332 0.41002999999999995 0.011836666666666664 0.015940000000000055
0 0.3410033333333333 0.33729000000000003 0.02228666666666667 0.011907500000000027
4 0.5000566666666667 0.346875 0.017446666666666714 0.014917500000000018
2 0.32279 0.435095 0.016060000000000022 0.0126875
1 0.3375533333333333 0.40154 0.01977999999999997 0.014582499999999983
0 0.34933333333333333 0.76325 0.013666666666666667 0.014
2 0.36284666666666665 0.4286875 0.0221566666666666 0.015672500000000013
5 0.28721 0.44495999999999997 0.025903333333333344 0.03728499999999997
1 0.14617333333333332 0.43484249999999997 0.020666666666666667 0.0209375
0 0.20623666666666668 0.6301025 0.014660000000000006 0.008902499999999917
0 0.48543333333333333 0.7357374999999999 0.0115 0.008795000000000074
0 0.42113333333333336 0.5138225 0.025489999999999933 0.017029999999999972
1 0.18538666666666664 0.5652375 0.011560000000000022 0.0165
0 0.4246366666666667 0.4824525 0.012063333333333351 0.012309999999999946
1 0.7093333333333334 0.487875 0.025 0.019
0 0.16187666666666667 0.41472000000000003 0.009426666666666658 0.008067499999999995
1 0.2657833333333333 0.46738 0.021413333333333336 0.01325
4 0.4266433333333334 0.4370425 0.018960000000000036 0.014120000000000004
0 0.21987333333333334 0.3852175 0.013586666666666664 0.01132000000000005
1 0.24128333333333335 0.69026 0.018966666666666698 0.019447499999999993
0 0.27771 0.41768500000000003 0.014653333333333346 0.011647500000000036
0 0.45 0.6605 0.013 0.01125
0 0.53561 0.321 0.011446666666666714 0.01225
0 0.21425 0.464185 0.013006666666666661 0.012497499999999946
0 0.5036666666666667 0.4007575 0.02666666666666667 0.011735000000000013
0 0.21191666666666667 0.48744 0.013006666666666661 0.013254999999999996
0 0.23183666666666666 0.605875 0.015289999999999963 0.01300999999999999
0 0.5236966666666666 0.6224875 0.03 0.019
1 0.35669999999999996 0.6302274999999999 0.020309999999999946 0.021522500000000035
2 0.26202333333333333 0.5448624999999999 0.01374666666666667 0.01425
1 0.2516733333333333 0.390445 0.012613333333333306 0.012480000000000019
1 0.18904 0.514375 0.01975333333333333 0.014127500000000055
0 0.3185 0.516375 0.017333333333333333 0.01075
0 0.5130566666666667 0.29591500000000004 0.012666666666666666 0.010164999999999964
1 0.2762466666666667 0.603325 0.017359999999999976 0.01586999999999989
0 0.37833333333333335 0.532125 0.014333333333333333 0.0105
4 0.15612666666666666 0.4967475 0.013086666666666663 0.015997499999999946
0 0.3608966666666667 0.59821 0.012586666666666739 0.008222500000000082
0 0.38051 0.6948925 0.015453333333333376 0.0163599999999999
0 0.38482666666666665 0.6613525 0.01216333333333326 0.008942500000000108
0 0.41364666666666666 0.30849 0.012530000000000048 0.009277500000000032
0 0.29191333333333336 0.3950725 0.01274666666666667 0.00904499999999996
2 0.30661 0.37695999999999996 0.016773333333333314 0.02
0 0.6385633333333334 0.5141275000000001 0.012829999999999927 0.011474999999999966
0 0.2781666666666667 0.52075 0.017666666666666667 0.01375
0 0.4479766666666667 0.771835 0.011410000000000005 0.008
0 0.20379999999999998 0.6579875 0.014213333333333366 0.011740000000000009
0 0.24795333333333333 0.6616525 0.010439999999999979 0.0075
0 0.23844666666666667 0.7529025 0.008666666666666666 0.0093900000000001
1 0.26483666666666666 0.5049875 0.01669999999999997 0.01100750000000005
0 0.24125 0.5044675 0.013 0.009557500000000005
3 0.4025766666666667 0.4620425 0.015913333333333262 0.013769999999999982
0 0.4163633333333333 0.6950425 0.017316666666666605 0.012049999999999955
1 0.4032766666666666 0.38783249999999997 0.01778000000000005 0.014912500000000023
1 0.24832 0.42233499999999996 0.016146666666666684 0.011842499999999973
1 0.3695566666666667 0.3946275 0.016670000000000074 0.013580000000000042
2 0.1707766666666667 0.51849 0.011856666666666665 0.012382499999999937
2 0.37072333333333335 0.3596225 0.01861333333333338 0.014472499999999968
0 0.29982000000000003 0.49704000000000004 0.01429333333333337 0.014737499999999954
0 0.20057 0.3649525 0.015330000000000003 0.013402500000000032
0 0.2723333333333333 0.6605 0.018 0.00925
1 0.4224 0.463145 0.014313333333333352 0.01175750000000005
1 0.20434 0.45177999999999996 0.012173333333333328 0.0103125
1 0.53545 0.3753225 0.014559999999999946 0.013987499999999955
1 0.52944 0.36092 0.01656333333333335 0.019700000000000044
0 0.44812666666666673 0.7330025 0.013246666666666594 0.009277499999999918
0 0.19106333333333336 0.6045125 0.009339999999999994 0.008737499999999955
0 0.19483 0.7149075 0.01149333333333334 0.011434999999999945
0 0.21685 0.72205 0.01874000000000001 0.014894999999999981
0 0.2659066666666667 0.7232525000000001 0.01069999999999997 0.008805000000000065
0 0.34919666666666666 0.7287899999999999 0.01225666666666666 0.017122499999999947
0 0.4876 0.6257625 0.012679999999999988 0.009467499999999972
0 0.18648333333333336 0.5395650000000001 0.008396666666666684 0.0060775000000001
0 0.16948333333333332 0.5419575 0.010806666666666654 0.011112499999999954
0 0.21960333333333332 0.5166000000000001 0.011910000000000006 0.011950000000000046
0 0.22358333333333333 0.49644 0.009893333333333355 0.008782500000000028
0 0.22798666666666667 0.4267375 0.010183333333333319 0.007532500000000027
1 0.17052333333333336 0.4261825 0.010600000000000004 0.008600000000000023
0 0.13674333333333333 0.4503125 0.012453333333333337 0.010407500000000028
0 0.13154333333333335 0.4106 0.013066666666666681 0.013669999999999958
0 0.16623666666666667 0.38692000000000004 0.01197666666666665 0.009552500000000009
0 0.2660666666666667 0.37377999999999995 0.014009999999999991 0.012077499999999986
0 0.34580000000000005 0.43388499999999997 0.01304333333333337 0.01150999999999999
0 0.27859 0.56348 0.018656666666666676 0.01790249999999992
0 0.29575999999999997 0.54162 0.012890000000000025 0.009349999999999909
2 0.31155666666666665 0.5582999999999999 0.026656666666666676 0.03359999999999991
0 0.33320666666666665 0.573725 0.013096666666666654 0.010022500000000037
3 0.33831 0.49967 0.01851333333333336 0.01991999999999996
0 0.42908999999999997 0.347885 0.017420000000000074 0.009769999999999982
2 0.34181333333333336 0.4498875 0.010399999999999977 0.012352499999999964
0 0.4765333333333333 0.39842500000000003 0.021953333333333377 0.012034999999999968