5 0.7741233333333333 0.4000425 0.45109000000000005 0.218115
0 0.04783333333333333 0.381875 0.09566666666666666 0.0415
4 0.5174566666666667 0.502625 0.1687533333333334 0.1205
0 0.876 0.3286075 0.06566666666666666 0.04878499999999997
2 0.5924866666666667 0.676345 0.09720666666666664 0.052134999999999994
1 0.8895 0.207375 0.072 0.071
5 0.21100333333333332 0.13246750000000002 0.42200666666666664 0.2649325
5 0.47083 0.2460925 0.31642333333333333 0.09025749999999999
5 0.41226999999999997 0.6900075 0.26774666666666663 0.1655674999999999
0 0.31398333333333334 0.1854575 0.030666666666666665 0.02797750000000002
0 0.2736033333333333 0.23753 0.07491666666666667 0.041214999999999974
0 0.15372 0.227105 0.07132999999999999 0.04544499999999999
0 0.04559666666666667 0.240345 0.05147666666666667 0.022170000000000016
0 0.23696666666666666 0.27132249999999997 0.05362666666666663 0.013347499999999969
0 0.2832233333333333 0.2665725 0.04621333333333337 0.014272500000000037
0 0.32230000000000003 0.2760575 0.04127000000000002 0.01211500000000001
0 0.27137333333333336 0.28998 0.17259000000000002 0.03494749999999999
4 0.6762966666666667 0.08767749999999999 0.19438999999999995 0.17535499999999998
1 0.7938766666666667 0.16521 0.09429333333333337 0.09358999999999999
0 0.88225 0.08976 0.03695666666666663 0.028814999999999997
5 0.8485366666666667 0.058715 0.1694399999999999 0.11743
2 0.8889433333333333 0.0220425 0.08863333333333322 0.044085
0 0.9593700000000001 0.12737 0.08125666666666681 0.06736000000000002
0 0.5661633333333334 0.2613725 0.024366666666666637 0.018492499999999978
0 0.58408 0.2387825 0.05719999999999997 0.023725000000000024
0 0.6082966666666667 0.27532249999999997 0.04141333333333326 0.031987499999999953
0 0.6332633333333333 0.2595475 0.031089999999999993 0.04229999999999998
4 0.06548666666666667 0.05536 0.13097333333333333 0.11072
4 0.23715000000000003 0.4567375 0.31225333333333327 0.20422249999999997
0 0.2757833333333333 0.457355 0.05414000000000002 0.026857499999999958
0 0.3455566666666667 0.4479425 0.04046999999999999 0.021737499999999955
0 0.36768666666666666 0.4692 0.04628999999999996 0.05511500000000001
0 0.34643666666666667 0.5196175 0.05197666666666665 0.026517499999999986
0 0.41012 0.47752249999999996 0.038576666666666676 0.039277500000000035
0 0.4273433333333333 0.4489825 0.034583333333333334 0.017220000000000027
5 0.34928 0.4854125 0.20221666666666668 0.09008249999999998
2 0.6185133333333334 0.5139175 0.07530666666666669 0.03374250000000001
2 0.6520633333333333 0.5498099999999999 0.13540666666666676 0.04056750000000011
3 0.7146499999999999 0.5622625 0.05599333333333319 0.034682499999999894
0 0.5312266666666667 0.6004400000000001 0.03587000000000004 0.015640000000000102
0 0.4854866666666667 0.751485 0.06464666666666669 0.02960750000000007
0 0.48737333333333327 0.7262025 0.08236333333333339 0.03698250000000007
0 0.37584666666666666 0.675055 0.020483333333333274 0.016657500000000026
0 0.48173333333333335 0.65296 0.019416666666666665 0.01230250000000001
4 0.25025 0.7420025 0.2103766666666667 0.23075250000000005
5 0.21735333333333332 0.9353225 0.20748666666666668 0.058190000000000054
5 0.020013333333333334 0.5414500000000001 0.04002666666666667 0.16716249999999996
0 0.81318 0.58823 0.03870333333333322 0.015535000000000082
0 0.8422633333333334 0.581375 0.020920000000000074 0.00830250000000001
0 0.8447533333333334 0.575485 0.020170000000000073 0.00799000000000001
0 0.9048466666666667 0.49675 0.036766666666666725 0.01579499999999996
0 0.9206833333333334 0.4918925 0.02478000000000005 0.020590000000000032
0 0.9511433333333332 0.48810000000000003 0.024619999999999892 0.02149000000000001
2 0.9476033333333334 0.451035 0.042009999999999915 0.023682500000000006
2 0.9781666666666666 0.46725 0.043666666666666666 0.041
0 0.6401033333333334 0.442405 0.0626266666666667 0.06328250000000003
1 0.7378833333333333 0.3554525 0.16443999999999998 0.11602750000000003
0 0.8120966666666667 0.32632 0.04422999999999987 0.027029999999999974
0 0.8309233333333333 0.3836425 0.05311666666666679 0.04164999999999998
0 0.9278299999999999 0.38041 0.08303333333333346 0.06723500000000002
0 0.9490933333333335 0.33071 0.1018133333333332 0.048225000000000025