1 0.09566666666666666 0.539375 0.030333333333333334 0.04775
0 0.09416666666666666 0.60475 0.04 0.0265
2 0.4716666666666667 0.548 0.041 0.0405
1 0.2743333333333333 0.4065 0.043333333333333335 0.037
1 0.423 0.52825 0.034333333333333334 0.02325
1 0.1845 0.53225 0.035333333333333335 0.03425
1 0.31383333333333335 0.5645 0.03233333333333333 0.0265
4 0.3105 0.7525 0.032 0.0235
0 0.235 0.374375 0.04766666666666667 0.0255
1 0.2305 0.50075 0.03166666666666667 0.04375
2 0.189 0.4675 0.06233333333333333 0.03375
0 0.4623333333333333 0.33225 0.028666666666666667 0.02625
0 0.38366666666666666 0.376375 0.038 0.02375
1 0.23516666666666666 0.320875 0.026 0.049
1 0.13783333333333334 0.63425 0.07633333333333334 0.03425
0 0.383 0.499125 0.035 0.02275
2 0.049833333333333334 0.52425 0.043333333333333335 0.0355
1 0.38516666666666666 0.43025 0.037333333333333336 0.026
4 0.2773333333333333 0.1145 0.07 0.04825
1 0.1095 0.231 0.029333333333333333 0.02725
4 0.041833333333333333 0.56825 0.058 0.026
1 0.19416666666666665 0.294375 0.033666666666666664 0.027
0 0.11633333333333333 0.904375 0.04733333333333333 0.021
1 0.022166666666666668 0.292125 0.02666666666666667 0.02425
2 0.17416666666666666 0.716125 0.043333333333333335 0.0225
1 0.23816666666666667 0.262875 0.035 0.0275
1 0.38083333333333336 0.558125 0.033666666666666664 0.027
0 0.021333333333333333 0.910125 0.028 0.027
1 0.2375 0.202875 0.03666666666666667 0.027
0 0.028 0.83175 0.023333333333333334 0.0185
0 0.1205 0.831 0.028333333333333332 0.02125
0 0.09933333333333333 0.470625 0.037333333333333336 0.0235
0 0.2765 0.5295 0.039 0.022
4 0.3815 0.619 0.025333333333333333 0.03275
2 0.19133333333333333 0.403125 0.04133333333333333 0.035
0 0.16233333333333333 0.9455 0.03166666666666667 0.02375
1 0.14883333333333335 0.3705 0.038 0.02525
0 0.06683333333333333 0.36825 0.04633333333333333 0.02325
2 0.25983333333333336 0.8655 0.029 0.0265
2 0.026833333333333334 0.22625 0.05366666666666667 0.04625
1 0.537 0.156125 0.03833333333333333 0.0375
0 0.13066666666666665 0.683625 0.030333333333333334 0.02175
0 0.0735 0.868625 0.019333333333333334 0.01525
0 0.07716666666666666 0.795125 0.029666666666666668 0.01975
0 0.149 0.324 0.042666666666666665 0.0235
4 0.06383333333333334 0.324125 0.042333333333333334 0.02975
0 0.10916666666666666 0.295625 0.03833333333333333 0.031
0 0.06866666666666667 0.26375 0.03766666666666667 0.0255
4 0.31716666666666665 0.490125 0.04666666666666667 0.03675
1 0.013333333333333334 0.535625 0.02666666666666667 0.0315
1 0.2786666666666667 0.29675 0.04833333333333333 0.02025
0 0.2795 0.177125 0.04033333333333333 0.0255
0 0.5033333333333333 0.241375 0.037333333333333336 0.0275
1 0.38266666666666665 0.145625 0.026 0.0245
2 0.4261666666666667 0.301875 0.03266666666666666 0.02075
0 0.12633333333333333 0.75525 0.02 0.01375
1 0.3185 0.32625 0.035666666666666666 0.025
0 0.1015 0.4025 0.04533333333333334 0.0215
0 0.019166666666666665 0.402375 0.03833333333333333 0.02725
1 0.5475 0.209125 0.036 0.02175
0 0.115 0.1735 0.048 0.025
4 0.24166666666666667 0.564375 0.08466666666666667 0.04025
0 0.3235 0.367875 0.057666666666666665 0.046
4 0.271 0.59975 0.04566666666666667 0.03225
0 0.469 0.434875 0.037333333333333336 0.0255
0 0.20966666666666667 0.904375 0.029 0.02475
2 0.5545 0.493625 0.029666666666666668 0.0175
0 0.489 0.653875 0.04633333333333333 0.04225
0 0.015 0.98725 0.024666666666666667 0.0215
1 0.42716666666666664 0.235125 0.045 0.02425
4 0.5431666666666667 0.2755 0.042333333333333334 0.04975
1 0.5553333333333333 0.377375 0.05433333333333333 0.0405
0 0.422 0.793125 0.028666666666666667 0.02025
0 0.37383333333333335 0.90025 0.033 0.0245
1 0.1965 0.171375 0.105 0.057
1 0.03816666666666667 0.165375 0.07633333333333334 0.04175
0 0.3205 0.267625 0.018666666666666668 0.01475
0 0.31916666666666665 0.43575 0.041 0.02525
4 0.017166666666666667 0.467 0.034333333333333334 0.03075
0 0.17283333333333334 0.574625 0.024333333333333332 0.014
1 0.011333333333333334 0.603625 0.02266666666666667 0.0325
1 0.039 0.68275 0.03866666666666667 0.02375
0 0.25466666666666665 0.94075 0.029666666666666668 0.02275