1 0.12288666666666667 0.35358 0.1938933333333333 0.09315750000000003
2 0.18316666666666667 0.108875 0.087 0.059
1 0.756 0.048125 0.087 0.05725
1 0.9211666666666667 0.043875 0.07866666666666666 0.0555
0 0.35983333333333334 0.418625 0.07666666666666666 0.04025
4 0.30133333333333334 0.67625 0.07133333333333333 0.04775
2 0.282 0.356125 0.10666666666666667 0.06075
1 0.8233333333333334 0.10725 0.077 0.0435
2 0.032 0.10775 0.064 0.055
1 0.282 0.15525 0.09466666666666666 0.05425
4 0.43566666666666665 0.572 0.076 0.0535
1 0.41833333333333333 0.0445 0.07266666666666667 0.04325
1 0.6608333333333334 0.106 0.065 0.044
0 0.11233333333333333 0.163375 0.06933333333333333 0.0465
3 0.12047666666666666 0.23379250000000001 0.06983 0.05075000000000003
4 0.16016666666666668 0.677875 0.06866666666666667 0.04525
2 0.5783333333333334 0.474125 0.067 0.03875
4 0.645 0.623375 0.07133333333333333 0.04875
1 0.4231666666666667 0.279875 0.09233333333333334 0.03625
1 0.4221666666666667 0.16925 0.12033333333333333 0.077
1 0.5055 0.22125 0.06733333333333333 0.038
0 0.8653333333333333 0.470125 0.06533333333333333 0.031
2 0.43016666666666664 0.46675 0.08066666666666666 0.034
0 0.5846666666666667 0.57175 0.047 0.0225
1 0.9713333333333334 0.22475 0.05733333333333333 0.05525
1 0.8965 0.173625 0.116 0.06025
2 0.07933333333333334 0.51775 0.074 0.036
0 0.09483333333333334 0.728375 0.06333333333333334 0.03275
0 0.9256666666666666 0.62875 0.067 0.02725
3 0.33766666666666667 0.22125 0.09766666666666667 0.05825
0 0.7136666666666667 0.778 0.03766666666666667 0.025
4 0.7823333333333333 0.73025 0.06233333333333333 0.0335
0 0.93 0.523125 0.06233333333333333 0.0285
4 0.26266666666666666 0.043625 0.098 0.056
1 0.8526666666666667 0.678875 0.059 0.03125
0 0.7198333333333333 0.681375 0.06 0.036
0 0.6441666666666667 0.726875 0.03333333333333333 0.02025
0 0.921 0.7295 0.03166666666666667 0.0215
1 0.5118333333333334 0.727875 0.06 0.0285
0 0.7851666666666667 0.52475 0.042666666666666665 0.02075
2 0.198 0.220625 0.10133333333333333 0.0505
1 0.5043333333333333 0.11 0.068 0.04775
2 0.2713333333333333 0.279875 0.10333333333333333 0.07275
0 0.2966666666666667 0.5745 0.035333333333333335 0.022
0 0.4325 0.6815 0.06466666666666666 0.03675
2 0.6353333333333333 0.0395 0.18866666666666668 0.07875
0 0.2882733333333333 0.46859249999999997 0.05122666666666669 0.0335
0 0.4359666666666667 0.7767999999999999 0.07926666666666672 0.08784750000000008
2 0.15216666666666667 0.574 0.03866666666666667 0.033
1 0.4342533333333333 0.35677749999999997 0.07260999999999998 0.05468500000000006
1 0.749 0.16875 0.059 0.03175
2 0.144 0.466125 0.085 0.044
4 0.8156666666666667 0.230125 0.08733333333333333 0.0645
1 0.6576666666666666 0.221625 0.07566666666666666 0.05175
2 0.5714566666666666 0.3886775 0.10569666666666672 0.10719749999999999
1 0.8847966666666667 0.2979425 0.06466666666666666 0.062147500000000036
1 0.8605733333333333 0.3478925 0.1058100000000001 0.06621249999999998
1 0.9785 0.10975 0.043 0.055
2 0.5738333333333333 0.283 0.081 0.04375
1 0.7488333333333334 0.168625 0.058666666666666666 0.03175
2 0.6603333333333333 0.41240750000000004 0.14333333333333334 0.0935
2 0.30933333333333335 0.779125 0.07833333333333334 0.03975
1 0.5861666666666666 0.1655 0.10566666666666667 0.05375
1 0.9845 0.36 0.031 0.0355
4 0.9731233333333333 0.471705 0.0537533333333334 0.0695
4 0.8613333333333333 0.572 0.076 0.053
2 0.13933333333333334 0.014405 0.04154 0.02881
2 0.78378 0.2737075 0.04398666666666668 0.04253750000000002
2 0.7598166666666666 0.2949725 0.05082666666666652 0.04195000000000004
2 0.5751999999999999 0.32663 0.06967666666666673 0.027422500000000013
2 0.9722333333333333 0.780515 0.055533333333333455 0.04663750000000005