0 0.4706666666666667 0.864375 0.025333333333333333 0.017
0 0.6658333333333334 0.763875 0.025 0.01725
1 0.9233333333333333 0.2775 0.03866666666666667 0.022
1 0.8823333333333333 0.19725 0.021666666666666667 0.02125
4 0.04616666666666667 0.480875 0.043333333333333335 0.02575
1 0.017833333333333333 0.46075 0.035666666666666666 0.029
1 0.7631666666666667 0.30275 0.030333333333333334 0.023
0 0.18033333333333335 0.348375 0.051333333333333335 0.03075
1 0.051166666666666666 0.438375 0.043 0.02475
0 0.29533333333333334 0.27 0.022 0.01625
0 0.628 0.79475 0.019333333333333334 0.01575
0 0.794 0.226125 0.034333333333333334 0.02275
0 0.8913333333333333 0.402625 0.03266666666666666 0.02075
0 0.043833333333333335 0.53075 0.043333333333333335 0.03175
1 0.25866666666666666 0.24125 0.03333333333333333 0.019
2 0.5131666666666667 0.273625 0.037333333333333336 0.02425
1 0.7593333333333333 0.249 0.03166666666666667 0.0235
0 0.6566666666666666 0.483625 0.03133333333333333 0.021
2 0.13416666666666666 0.1865 0.028 0.023
1 0.8333333333333334 0.3575 0.033 0.0215
0 0.044333333333333336 0.350875 0.03133333333333333 0.02125
0 0.42866666666666664 0.897 0.021666666666666667 0.01225
0 0.5463333333333333 0.301625 0.03133333333333333 0.0245
1 0.6518333333333334 0.275 0.022333333333333334 0.0235
0 0.702 0.730375 0.017666666666666667 0.01025
4 0.811 0.598125 0.042333333333333334 0.02875
2 0.36833333333333335 0.594625 0.030333333333333334 0.03675
1 0.44033333333333335 0.272375 0.03166666666666667 0.024
1 0.3273333333333333 0.39075 0.043333333333333335 0.02325
1 0.7016666666666667 0.625875 0.062 0.0295
0 0.11566666666666667 0.308375 0.019333333333333334 0.0225
0 0.6286666666666667 0.863375 0.022 0.0215
0 0.8321666666666667 0.30675 0.01633333333333333 0.0125
0 0.4826666666666667 0.194 0.029666666666666668 0.01775
0 0.175 0.3915 0.043666666666666666 0.0265
0 0.6548333333333334 0.22425 0.04 0.02125
0 0.5893333333333334 0.895875 0.022333333333333334 0.01525
0 0.6191666666666666 0.303875 0.031 0.02125
0 0.51 0.829 0.017333333333333333 0.015
2 0.7396666666666667 0.698125 0.036333333333333336 0.02075
0 0.8976666666666666 0.510875 0.029 0.02075
4 0.2225 0.20975 0.07866666666666666 0.044
1 0.5508333333333333 0.628 0.024666666666666667 0.02675
0 0.5485 0.7945 0.023 0.01975
1 0.20416666666666666 0.53325 0.03133333333333333 0.02425
0 0.6633333333333333 0.5995 0.03266666666666666 0.02275
2 0.621 0.529875 0.037 0.03025
0 0.9868333333333333 0.28225 0.026333333333333334 0.0225
1 0.18183333333333335 0.293375 0.025 0.0245
2 0.42733333333333334 0.828875 0.023333333333333334 0.01875
0 0.9231666666666667 0.85875 0.027333333333333334 0.01875
1 0.5845 0.328875 0.01633333333333333 0.02075
1 0.7265 0.331 0.027 0.02225
4 0.617 0.568 0.048 0.02275
1 0.7973333333333333 0.332 0.041 0.0165
1 0.25383333333333336 0.392875 0.048666666666666664 0.034
1 0.4415 0.215875 0.029333333333333333 0.0285
2 0.5031666666666667 0.5305 0.04833333333333333 0.03275
2 0.054 0.392375 0.02033333333333333 0.01675
0 0.36566666666666664 0.4245 0.03133333333333333 0.02225
0 0.6996666666666667 0.668375 0.026333333333333334 0.02025
1 0.0925 0.20575 0.051666666666666666 0.02575
0 0.1425 0.8685 0.025666666666666667 0.018
1 0.5785 0.539125 0.04666666666666667 0.0265
0 0.38666666666666666 0.86475 0.027333333333333334 0.01825
2 0.21466666666666667 0.423375 0.03233333333333333 0.02825
0 0.389 0.797625 0.021 0.0175
1 0.7996666666666666 0.428375 0.03766666666666667 0.03275
0 0.9578333333333333 0.362875 0.024333333333333332 0.02225
1 0.16033333333333333 0.624 0.036333333333333336 0.02225
0 0.4246666666666667 0.766375 0.023333333333333334 0.01625
2 0.099 0.571 0.04 0.03
1 0.6613333333333333 0.54375 0.02666666666666667 0.04125
1 0.507 0.326625 0.030333333333333334 0.01775
1 0.365 0.214 0.07833333333333334 0.031
0 0.6545 0.33175 0.03266666666666666 0.02625
0 0.5866666666666667 0.42475 0.03333333333333333 0.02325
0 0.546 0.359625 0.034666666666666665 0.02625
2 0.5795 0.27025 0.050333333333333334 0.04
1 0.4018333333333333 0.56575 0.037333333333333336 0.01575
1 0.25783333333333336 0.2975 0.034 0.022
2 0.4003333333333333 0.396 0.029666666666666668 0.02525
1 0.7675 0.354 0.033 0.041
0 0.328 0.450375 0.030666666666666665 0.02175
2 0.9796666666666667 0.554375 0.037 0.03425
2 0.0375 0.64225 0.029333333333333333 0.04325
4 0.5476666666666666 0.451375 0.03133333333333333 0.02125
2 0.9245 0.336125 0.029 0.01875
1 0.1095 0.437125 0.03133333333333333 0.0235
0 0.7491666666666666 0.895375 0.027 0.01775
4 0.6201666666666666 0.35625 0.034666666666666665 0.02425
0 0.18366666666666667 0.832625 0.026 0.01775
1 0.4731666666666667 0.50625 0.039 0.02475
1 0.1675 0.50175 0.038 0.02625
0 0.8386666666666667 0.394875 0.051333333333333335 0.04275
4 0.7901666666666667 0.17 0.06066666666666667 0.04275
0 0.8086666666666666 0.536625 0.033666666666666664 0.01875
2 0.253 0.352625 0.03666666666666667 0.029
0 0.5075 0.896125 0.027333333333333334 0.01825
0 0.5493333333333333 0.668 0.019333333333333334 0.01475
0 0.5106666666666667 0.70025 0.02266666666666667 0.01225
1 0.2976666666666667 0.326125 0.034 0.033
2 0.5551666666666667 0.24875 0.04466666666666667 0.02825
0 0.3865 0.930625 0.028 0.02025
1 0.44166666666666665 0.416625 0.035333333333333335 0.03
0 0.4696666666666667 0.732375 0.02033333333333333 0.01325
1 0.9008333333333334 0.563125 0.029333333333333333 0.02375
0 0.8261666666666667 0.891875 0.025 0.0185
1 0.9358333333333333 0.5375 0.03233333333333333 0.0205
4 0.438 0.535875 0.03166666666666667 0.02225
1 0.8968333333333334 0.45025 0.034333333333333334 0.025
1 0.4705 0.4525 0.03766666666666667 0.02125
1 0.551 0.39725 0.025333333333333333 0.0275
0 0.7081666666666667 0.85925 0.037 0.018
2 0.11866666666666667 0.393625 0.05733333333333333 0.02775
1 0.4716666666666667 0.568125 0.04033333333333333 0.02675
1 0.40116666666666667 0.5055 0.031 0.0265
2 0.40066666666666667 0.45075 0.027666666666666666 0.03
0 0.8238333333333333 0.827125 0.024 0.02025
0 0.5483333333333333 0.566875 0.033 0.02275
2 0.0955 0.625 0.037 0.03625
1 0.8445 0.568 0.03 0.02325
4 0.5866666666666667 0.479875 0.036333333333333336 0.027
0 0.6901666666666667 0.357125 0.035333333333333335 0.02
0 0.33016666666666666 0.296875 0.023 0.0155
2 0.05216666666666667 0.750875 0.024666666666666667 0.02125
0 0.549 0.862125 0.021 0.01925
1 0.373 0.49425 0.035333333333333335 0.02275
0 0.17183333333333334 0.44975 0.03133333333333333 0.0205
4 0.8411666666666666 0.502625 0.03966666666666667 0.03275
0 0.5146666666666667 0.425 0.03166666666666667 0.02675
0 0.8393333333333334 0.4545 0.035333333333333335 0.02375
2 0.12016666666666667 0.478 0.047 0.04
1 0.43566666666666665 0.595 0.027333333333333334 0.01975
1 0.6928333333333333 0.39775 0.03133333333333333 0.022
1 0.43016666666666664 0.47375 0.059 0.02925
1 0.3948333333333333 0.62775 0.03133333333333333 0.0375
0 0.5503333333333333 0.5105 0.038 0.0245
0 0.7855 0.8605 0.025333333333333333 0.02
1 0.5748333333333333 0.21725 0.09033333333333333 0.037
4 0.7811666666666667 0.566625 0.07133333333333333 0.034
0 0.7256666666666667 0.5755 0.021 0.013
1 0.7353333333333333 0.539375 0.025666666666666667 0.02875
0 0.7638333333333334 0.4 0.041666666666666664 0.02425
1 0.592 0.766125 0.034 0.03025
0 0.39366666666666666 0.732875 0.019333333333333334 0.014
1 0.16716666666666666 0.56325 0.031 0.02675
0 0.6558333333333334 0.4255 0.04 0.01925
0 0.31 0.483875 0.03266666666666666 0.01675
1 0.013 0.319625 0.026 0.03125
1 0.24116666666666667 0.564625 0.027666666666666666 0.01875
0 0.17983333333333335 0.901375 0.018666666666666668 0.0155
1 0.7693333333333333 0.510375 0.031 0.0395
0 0.19066666666666668 0.768625 0.03933333333333333 0.017
1 0.1295 0.238375 0.037 0.02175
3 0.4915 0.629125 0.059 0.04475
2 0.24083333333333334 0.451 0.043333333333333335 0.02375
0 0.9908333333333333 0.650875 0.018333333333333333 0.03225
4 0.020833333333333332 0.257 0.041666666666666664 0.042
0 0.008833333333333334 0.59875 0.017666666666666667 0.02
2 0.11083333333333334 0.511875 0.022333333333333334 0.0265
0 0.22266666666666668 0.866 0.02266666666666667 0.015
0 0.9548333333333333 0.768375 0.023666666666666666 0.01575
4 0.9065 0.61675 0.022 0.0305
0 0.9695 0.454375 0.033666666666666664 0.0235
0 0.036333333333333336 0.89275 0.025333333333333333 0.023
0 0.04633333333333333 0.803375 0.02666666666666667 0.01725
0 0.08766666666666667 0.72625 0.021333333333333333 0.0135
1 0.31616666666666665 0.677375 0.041666666666666664 0.03325
1 0.19483333333333333 0.70225 0.027333333333333334 0.029
2 0.26816666666666666 0.833125 0.035333333333333335 0.0245
0 0.26266666666666666 0.9015 0.02 0.017
1 0.6256666666666667 0.66625 0.033 0.0215
0 0.4696666666666667 0.798 0.02 0.01225
0 0.6293333333333333 0.92975 0.023333333333333334 0.018
0 0.6701666666666667 0.8285 0.017 0.0135
0 0.7051666666666667 0.795875 0.024666666666666667 0.01525
0 0.5895 0.828125 0.017333333333333333 0.015
0 0.8571666666666666 0.73075 0.025666666666666667 0.02025
1 0.7176666666666667 0.225 0.08966666666666667 0.042
1 0.44233333333333336 0.330125 0.036333333333333336 0.0345
1 0.405 0.352375 0.026 0.02225
0 0.5028333333333334 0.306875 0.01633333333333333 0.01225
2 0.20983333333333334 0.47775 0.026333333333333334 0.02975
0 0.23666666666666666 0.623125 0.03233333333333333 0.02825
3 0.2791666666666667 0.607875 0.060333333333333336 0.04275
1 0.2815 0.533625 0.058 0.0325
2 0.35983333333333334 0.534375 0.034666666666666665 0.02975
1 0.588 0.59775 0.034 0.02625
0 0.6221666666666666 0.3965 0.043 0.01825
2 0.7303333333333333 0.42525 0.034333333333333334 0.032
2 0.7316666666666667 0.48175 0.050666666666666665 0.02925