4 0.6666699999999999 0.09158 0.1994866666666666 0.1831575
0 0.3016166666666667 0.0565125 0.10804999999999995 0.04870750000000001
4 0.023833333333333335 0.8596275000000001 0.04766666666666667 0.06725
1 0.3575366666666666 0.103145 0.04195666666666663 0.035862499999999985
2 0.6036666666666667 0.73775 0.06319333333333331 0.03019749999999999
1 0.32234 0.5578275 0.07528666666666671 0.09669000000000005
1 0.471 0.17975 0.052333333333333336 0.044
0 0.46358333333333335 0.0593125 0.06183666666666674 0.022127499999999998
0 0.5756033333333334 0.1760325 0.03403666666666671 0.023375
0 0.49431 0.121375 0.05071333333333329 0.0215
1 0.8121666666666667 0.292625 0.06533333333333333 0.0495
2 0.17241333333333334 0.7250525 0.03817333333333333 0.028420000000000074
1 0.029063333333333333 0.165375 0.03966666666666667 0.03525
0 0.6278466666666667 0.11506749999999999 0.03607000000000001 0.023152500000000003
4 0.6375166666666666 0.3726925 0.06642666666666673 0.10685000000000003
1 0.4678766666666667 0.2389125 0.15544999999999998 0.0406225
2 0.41772333333333334 0.617 0.05875666666666666 0.040174999999999954
0 0.4211933333333333 0.024635 0.031219999999999953 0.029020000000000004
0 0.8155 0.6285 0.06633333333333333 0.04375
1 0.07173 0.1372475 0.03147666666666666 0.030665000000000005
4 0.17937333333333333 0.630185 0.14939333333333335 0.10436500000000001
1 0.47525666666666666 0.58829 0.05314333333333328 0.04177250000000004
2 0.21793666666666664 0.1571875 0.11870666666666665 0.0783125
0 0.5270733333333334 0.19159 0.04284666666666666 0.036357500000000015
0 0.5105933333333333 0.4957025 0.055866666666666634 0.026412500000000023
0 0.53549 0.892115 0.04001666666666673 0.0335
0 0.62888 0.8076025 0.027373333333333298 0.02015000000000009
1 0.312 0.421 0.088 0.075
0 0.44277 0.481605 0.029273333333333387 0.01535749999999996
4 0.0495 0.51425 0.099 0.0995
2 0.31716666666666665 0.973875 0.04066666666666666 0.022
1 0.27147333333333334 0.983545 0.058543333333333294 0.032910000000000085
0 0.03211666666666666 0.9884824999999999 0.037430000000000005 0.02303250000000003
4 0.05294666666666667 0.890295 0.04098 0.03407249999999999
0 0.41881 0.1965925 0.05994666666666672 0.021182500000000003
4 0.07537 0.24275 0.14071333333333333 0.09347249999999997
0 0.22898000000000002 0.2077425 0.04833666666666667 0.020182500000000006
1 0.24122333333333332 0.18602000000000002 0.06657000000000002 0.04106749999999999
0 0.3764533333333333 0.1322525 0.040039999999999965 0.018002499999999998
0 0.6072166666666667 0.1422425 0.08123333333333327 0.06645499999999999
0 0.44542 0.1565475 0.045303333333333286 0.0233725
0 0.5120866666666667 0.1836125 0.02606333333333335 0.024875
1 0.16146 0.25633 0.026230000000000017 0.022705000000000013
1 0.2337233333333333 0.2740675 0.045019999999999984 0.03557249999999999
1 0.56072 0.2756575 0.05224666666666675 0.04122749999999999
1 0.61533 0.29831 0.05081666666666661 0.04288250000000005
1 0.5548466666666666 0.35523000000000005 0.09553000000000005 0.08017499999999995
4 0.9163166666666666 0.37038 0.16736666666666677 0.29432500000000006
4 0.7770766666666666 0.3754075 0.13857999999999993 0.1423125
0 0.7092566666666666 0.4187625 0.021916666666666668 0.01649249999999995
0 0.7714200000000001 0.47104 0.12928666666666655 0.08141999999999996
4 0.9692733333333334 0.49984500000000004 0.06145333333333322 0.07280500000000006
1 0.96425 0.6557725000000001 0.0715 0.031417500000000015
4 0.8801233333333333 0.6822474999999999 0.1433066666666667 0.11008999999999992
5 0.9158033333333333 0.7449049999999999 0.1355733333333334 0.11336500000000001
0 0.9047333333333333 0.7413225 0.05317000000000007 0.03888000000000011
0 0.8728133333333333 0.7891725 0.017243333333333187 0.013039999999999963
4 0.96993 0.9391275 0.06014000000000003 0.10932999999999993
0 0.6828866666666666 0.9738300000000001 0.0476833333333334 0.030372499999999945
0 0.6585766666666667 0.7473325 0.022653333333333345 0.032842499999999976
2 0.44083 0.87246 0.02669999999999997 0.016470000000000026
4 0.48899000000000004 0.6531325 0.0876233333333333 0.09620000000000005
2 0.35303999999999996 0.87615 0.0918366666666667 0.06617750000000001
2 0.028126666666666664 0.9436925 0.05625333333333333 0.02819749999999999
2 0.07841 0.8167725 0.05003666666666666 0.03642499999999996
2 0.13344333333333333 0.876375 0.07191 0.05551749999999993
5 0.20822 0.859445 0.08169333333333333 0.09608249999999999
0 0.22869333333333336 0.7792975 0.02481000000000002 0.03851749999999993
2 0.34264 0.7851950000000001 0.027673333333333328 0.020122499999999946
0 0.06555000000000001 0.695515 0.05479000000000001 0.028720000000000027
5 0.057479999999999996 0.6562725 0.11495999999999999 0.11375749999999994
0 0.08274333333333334 0.6328374999999999 0.016213333333333337 0.011855000000000018
0 0.10197666666666667 0.6060025 0.01935666666666668 0.009472500000000082
4 0.04513333333333334 0.6564249999999999 0.03862 0.02781750000000011
4 0.26902333333333334 0.6466875 0.10718333333333332 0.0705150000000001
1 0.35506333333333334 0.6821925 0.07143333333333336 0.027497499999999946
2 0.21772666666666665 0.5644025 0.03901666666666665 0.0336400000000001
2 0.11327666666666666 0.5915675 0.026513333333333323 0.017289999999999965
1 0.12201 0.51749 0.05051333333333332 0.05714499999999998
1 0.13881666666666667 0.44751749999999996 0.048943333333333346 0.055735000000000014
0 0.17701333333333333 0.45364 0.04303666666666669 0.07739999999999998
0 0.07567333333333334 0.40663499999999997 0.021926666666666678 0.019202499999999987
0 0.20801999999999998 0.41356 0.015580000000000004 0.013262500000000045
4 0.036596666666666666 0.371085 0.07319333333333333 0.0665
4 0.08795666666666667 0.335245 0.08230333333333333 0.08352499999999997
1 0.021016666666666666 0.30517500000000003 0.04203 0.03350750000000005
5 0.15668999999999997 0.347815 0.17390333333333335 0.13528250000000003
0 0.13957 0.34407499999999996 0.027203333333333336 0.01767999999999995
0 0.18179 0.32794 0.026199999999999987 0.017924999999999955
0 0.15640666666666667 0.338565 0.025696666666666677 0.013254999999999996
1 0.25733666666666666 0.3753775 0.028396666666666685 0.01573249999999996
5 0.3371266666666667 0.3234575 0.13369666666666663 0.13180250000000002
0 0.34218666666666664 0.27853500000000003 0.016146666666666684 0.013682500000000004
0 0.30257333333333336 0.32483999999999996 0.014323333333333342 0.014879999999999996
0 0.31988333333333335 0.33429000000000003 0.02431333333333335 0.01192750000000001
1 0.30549333333333334 0.3137675 0.04932000000000001 0.04645000000000005
4 0.47924 0.3165375 0.10655333333333329 0.12282249999999999
0 0.5083333333333333 0.408675 0.07756333333333335 0.026924999999999956
1 0.5536099999999999 0.4563725 0.12332999999999993 0.06161749999999995
0 0.5638933333333334 0.5077275 0.02193666666666665 0.015379999999999996
0 0.5630766666666667 0.5483125 0.05738666666666662 0.023680000000000062
0 0.7013233333333333 0.5233574999999999 0.022460000000000035 0.013430000000000063
0 0.7814666666666666 0.5743225 0.026179999999999988 0.0164525000000001
0 0.7547633333333333 0.5876399999999999 0.0366266666666667 0.01566249999999991
2 0.7241433333333333 0.6157925 0.03440666666666675 0.018105000000000017
0 0.6667233333333333 0.5947125 0.09296999999999996 0.04695000000000005
0 0.6400833333333333 0.61885 0.04753000000000005 0.018642499999999926
0 0.6805299999999999 0.62311 0.029836666666666664 0.0175625
2 0.5807366666666667 0.6114325 0.028726666666666612 0.017220000000000027
0 0.45852 0.5565175 0.03760666666666672 0.03225500000000011
5 0.6083366666666666 0.531515 0.3940766666666667 0.20653250000000004