0 0.1885 0.919875 0.024 0.0265
2 0.05583333333333333 0.533625 0.06333333333333334 0.038
1 0.022166666666666668 0.507125 0.044333333333333336 0.0295
1 0.37116666666666664 0.21275 0.037 0.028
1 0.33266666666666667 0.303625 0.033 0.02575
2 0.5561666666666667 0.24475 0.042666666666666665 0.02525
0 0.0755 0.41125 0.04066666666666666 0.03125
2 0.558 0.3105 0.03 0.01975
2 0.07916666666666666 0.237125 0.045 0.02975
1 0.019833333333333335 0.57975 0.03966666666666667 0.03225
0 0.604 0.441125 0.036333333333333336 0.024
0 0.24 0.801375 0.029 0.02
1 0.29233333333333333 0.639375 0.07433333333333333 0.03425
4 0.11466666666666667 0.441375 0.04033333333333333 0.02525
1 0.14916666666666667 0.54325 0.05733333333333333 0.0315
1 0.15033333333333335 0.8085 0.041666666666666664 0.03375
4 0.16166666666666665 0.474375 0.044333333333333336 0.032
0 0.11 0.576625 0.042 0.0265
0 0.4121666666666667 0.187625 0.039 0.02575
0 0.1635 0.410375 0.04066666666666666 0.0275
0 0.13933333333333334 0.95825 0.025666666666666667 0.019
1 0.0215 0.443625 0.043 0.02625
1 0.6865 0.3835 0.051 0.03975
0 0.11916666666666667 0.269 0.03966666666666667 0.02875
0 0.28583333333333333 0.761125 0.020666666666666667 0.013
1 0.2485 0.610625 0.03766666666666667 0.02575
2 0.20066666666666666 0.5325 0.045 0.0375
1 0.3745 0.27275 0.033 0.02825
2 0.3318333333333333 0.720875 0.043 0.02475
1 0.119 0.3785 0.03233333333333333 0.03275
0 0.11533333333333333 0.509875 0.04566666666666667 0.029
4 0.194 0.574875 0.058666666666666666 0.02725
0 0.28733333333333333 0.6895 0.031 0.02375
0 0.42083333333333334 0.9425 0.028666666666666667 0.02275
0 0.04583333333333333 0.886625 0.021666666666666667 0.02075
2 0.33416666666666667 0.538625 0.030666666666666665 0.031
1 0.5641666666666667 0.53275 0.035333333333333335 0.0225
0 0.14333333333333334 0.880625 0.022333333333333334 0.01725
1 0.375 0.3305 0.02666666666666667 0.0495
0 0.5193333333333333 0.38375 0.035666666666666666 0.02275
0 0.11683333333333333 0.335875 0.043333333333333335 0.0305
0 0.2505 0.182375 0.05 0.02375
0 0.0935 0.921125 0.023 0.02225
0 0.10466666666666667 0.693875 0.025333333333333333 0.01825
0 0.24966666666666668 0.3035 0.03966666666666667 0.03125
1 0.5231666666666667 0.437125 0.037333333333333336 0.02625
0 0.2833333333333333 0.9105 0.04533333333333334 0.0235
2 0.4236666666666667 0.8675 0.026 0.025
0 0.24683333333333332 0.47775 0.03966666666666667 0.02375
1 0.46 0.5685 0.031 0.02525
0 0.09483333333333334 0.84325 0.028666666666666667 0.02375
2 0.1605 0.2335 0.06266666666666666 0.04625
0 0.6306666666666667 0.251 0.03766666666666667 0.02625
1 0.10783333333333334 0.647375 0.036333333333333336 0.03025
4 0.4076666666666667 0.124875 0.06833333333333333 0.0485
0 0.19183333333333333 0.84025 0.024 0.0195
0 0.05433333333333333 0.735 0.028666666666666667 0.01775
2 0.13116666666666665 0.20875 0.056 0.0325
1 0.41433333333333333 0.305 0.04666666666666667 0.02075
1 0.0715 0.297875 0.039 0.02
2 0.414 0.4135 0.042666666666666665 0.037
0 0.2075 0.377 0.050666666666666665 0.02175
4 0.2065 0.332125 0.04066666666666666 0.02925
4 0.67 0.2845 0.044 0.04925
4 0.3898333333333333 0.569625 0.08166666666666667 0.038
4 0.528 0.62275 0.024 0.033
4 0.45966666666666667 0.4955 0.043666666666666666 0.0365
0 0.04566666666666667 0.147 0.03866666666666667 0.0215
4 0.4211666666666667 0.60425 0.048 0.03225
1 0.24683333333333332 0.54625 0.030333333333333334 0.049
0 0.005666666666666667 0.851375 0.011 0.0145
1 0.5245 0.5625 0.033666666666666664 0.026
1 0.4548333333333333 0.33425 0.03766666666666667 0.0245
1 0.3233333333333333 0.184375 0.107 0.04725
0 0.37566666666666665 0.908 0.028666666666666667 0.0245
2 0.6716666666666666 0.21975 0.033 0.01925
1 0.2465 0.238875 0.028666666666666667 0.0265
1 0.29183333333333333 0.3785 0.03833333333333333 0.02475
0 0.008333333333333333 0.77325 0.016666666666666666 0.01725
0 0.4543333333333333 0.277 0.017666666666666667 0.014
0 0.37483333333333335 0.3815 0.04833333333333333 0.02725
0 0.5231666666666667 0.504125 0.034333333333333334 0.0235
0 0.2465 0.410875 0.04933333333333333 0.021
0 0.207 0.271875 0.03833333333333333 0.025
0 0.595 0.33975 0.028333333333333332 0.025
0 0.239 0.874875 0.019333333333333334 0.014
1 0.15583333333333332 0.611375 0.047 0.03125
3 0.036333333333333336 0.651 0.07266666666666667 0.0525
1 0.5115 0.156625 0.024333333333333332 0.024
0 0.2905 0.333 0.043666666666666666 0.0235
1 0.1975 0.689 0.03833333333333333 0.02525
1 0.16283333333333333 0.300375 0.024 0.02375
0 0.2846666666666667 0.83625 0.027666666666666666 0.019
2 0.3343333333333333 0.47425 0.058666666666666666 0.03475
0 0.3305 0.950125 0.03233333333333333 0.0235
2 0.33466666666666667 0.40975 0.04066666666666666 0.03625
0 0.42183333333333334 0.535375 0.038 0.022
1 0.3775 0.505625 0.033666666666666664 0.042
0 0.3238333333333333 0.580875 0.023666666666666666 0.01475
0 0.04133333333333333 0.963875 0.03133333333333333 0.01875
0 0.18633333333333332 0.99225 0.028666666666666667 0.0155
0 0.5363333333333333 0.898875 0.034333333333333334 0.02425
0 0.5775 0.79225 0.02666666666666667 0.01825
0 0.6338333333333334 0.656375 0.045 0.043
4 0.4666666666666667 0.753625 0.028666666666666667 0.02325
0 0.0065 0.927125 0.013 0.01825
2 0.6128333333333333 0.55125 0.04033333333333333 0.038
2 0.6898333333333333 0.49725 0.029666666666666668 0.01675
1 0.6591666666666667 0.16775 0.037333333333333336 0.03625
0 0.067 0.27525 0.021333333333333333 0.015
1 0.15283333333333332 0.173125 0.116 0.04025
0 0.4598333333333333 0.44225 0.03833333333333333 0.025
0 0.4603333333333333 0.375375 0.057 0.04625