3 0.434 0.203375 0.129 0.0895
1 0.4676666666666667 0.6505 0.11466666666666667 0.057
1 0.101 0.071625 0.10066666666666667 0.06275
1 0.22266666666666668 0.3535 0.107 0.10425
1 0.7806666666666666 0.644125 0.08166666666666667 0.05125
2 0.37666666666666665 0.1365 0.102 0.06025
1 0.05516666666666667 0.35675 0.08066666666666666 0.05525
1 0.7296333333333334 0.143475 0.07792999999999999 0.07919999999999999
1 0.5578333333333333 0.591 0.084 0.04925
1 0.6289333333333333 0.202725 0.09333333333333334 0.09140249999999997
1 0.2745 0.07175 0.07 0.0575
1 0.31333333333333335 0.533625 0.086 0.05175
1 0.9128333333333334 0.141125 0.12366666666666666 0.08075
1 0.47 0.53075 0.078 0.05025
1 0.387 0.587625 0.074 0.04125
1 0.287 0.204 0.08433333333333333 0.06
1 0.22816666666666666 0.586125 0.06366666666666666 0.04175
2 0.8143333333333334 0.065 0.06433333333333334 0.0555
1 0.20183333333333334 0.143375 0.084 0.063
2 0.807 0.41425 0.10933333333333334 0.06825
1 0.6298333333333334 0.426875 0.10166666666666667 0.07075
1 0.5661666666666667 0.699375 0.08633333333333333 0.053
0 0.12533333333333332 0.19825 0.10733333333333334 0.05425
1 0.8018333333333333 0.292625 0.067 0.052
1 0.2995 0.4145 0.075 0.06825
1 0.38966666666666666 0.471 0.08 0.0515
2 0.13066666666666665 0.29225 0.10566666666666667 0.039
1 0.7011666666666667 0.70125 0.068 0.04325
1 0.05516666666666667 0.476625 0.11033333333333334 0.052
2 0.9235 0.025375 0.069 0.05075
1 0.538 0.365375 0.07166666666666667 0.07075
1 0.8638333333333333 0.5915 0.07266666666666667 0.04225
0 0.612 0.834875 0.08533333333333333 0.03875
2 0.5471666666666667 0.137625 0.08433333333333333 0.04675
1 0.03166666666666667 0.128125 0.06333333333333334 0.0625
1 0.8756666666666667 0.476875 0.076 0.04025
2 0.6206666666666667 0.28575 0.10366666666666667 0.09175
1 0.14283333333333334 0.41375 0.08233333333333333 0.03775
1 0.087 0.695 0.06666666666666667 0.0375
1 0.586 0.044125 0.065 0.0485
1 0.4523333333333333 0.289625 0.06833333333333333 0.0565
1 0.45316666666666666 0.077 0.062 0.041
1 0.07383333333333333 0.589625 0.06933333333333333 0.0455
1 0.618 0.753125 0.058 0.0535
1 0.7001666666666667 0.587625 0.057666666666666665 0.036
2 0.16876666666666668 0.9572 0.06738999999999999 0.04384999999999991
2 0.6985 0.476 0.07933333333333334 0.082
1 0.32083333333333336 0.645125 0.059666666666666666 0.0305
1 0.7155 0.36075 0.07866666666666666 0.04625
1 0.161 0.64225 0.106 0.053
2 0.7773333333333333 0.756 0.09666666666666666 0.04725
2 0.8775733333333333 0.6937949999999999 0.06245000000000012 0.06508750000000009
0 0.4695 0.954 0.07166666666666667 0.035
1 0.6405 0.533375 0.10766666666666666 0.0365
2 0.255 0.89075 0.15433333333333332 0.1015
2 0.16046666666666665 0.8632000000000001 0.11626333333333332 0.11409750000000009
2 0.7678333333333334 0.838625 0.07366666666666667 0.06575
2 0.983 0.692625 0.03333333333333333 0.03625
2 0.02753333333333333 0.95035 0.05506666666666666 0.03604999999999996
2 0.785 0.535625 0.083 0.0395
2 0.21273333333333336 0.502925 0.21566666666666667 0.11930249999999995
1 0.4755 0.7703525 0.06333333333333334 0.0644525000000001
1 0.237 0.695 0.077 0.051
0 0.8655 0.355 0.057 0.0515
1 0.027833333333333335 0.75225 0.05533333333333333 0.03525
2 0.16080333333333335 0.75625 0.07506333333333332 0.04425
1 0.027833333333333335 0.75225 0.05566666666666667 0.03525
4 0.7715 0.958625 0.08033333333333334 0.05225
2 0.49666666666666665 0.424875 0.084 0.05125
1 0.9858333333333333 0.53575 0.028333333333333332 0.05775
4 0.3953333333333333 0.704125 0.08733333333333333 0.0635
2 0.4523333333333333 0.289625 0.06866666666666667 0.0565
4 0.3955 0.704125 0.08666666666666667 0.0635
1 0.3646966666666666 0.0166525 0.09297666666666665 0.033305
1 0.031 0.83025 0.062 0.0565
5 0.49531000000000003 0.057222499999999996 0.33405666666666667 0.11444499999999999
1 0.40983 0.401385 0.12127333333333339 0.1278175
1 0.028666666666666667 0.650875 0.057 0.0625
2 0.3753733333333333 0.7471825 0.04826666666666673 0.043434999999999946
2 0.35306333333333334 0.7664275 0.05880999999999998 0.04236500000000001
2 0.8531066666666667 0.7234125 0.04660999999999998 0.0464525000000001
4 0.96477 0.8449975 0.06048333333333327 0.07785249999999996
4 0.6061666666666666 0.9564750000000001 0.10766333333333326 0.0785474999999999
1 0.4589566666666666 0.8239375 0.10939000000000003 0.07065000000000009
2 0.16735333333333333 0.7991125 0.06930666666666666 0.03194000000000005