0 0.065 0.97225 0.09266666666666666 0.0555
1 0.19716666666666666 0.87525 0.12266666666666666 0.05875
1 0.43516666666666665 0.8675 0.10266666666666667 0.121
1 0.5765 0.949875 0.14833333333333334 0.06375
4 0.8238333333333333 0.9605 0.10433333333333333 0.079
1 0.9425 0.8765 0.115 0.1055
2 0.6946666666666667 0.854125 0.05366666666666667 0.0525
0 0.71 0.785375 0.06366666666666666 0.0505
2 0.807 0.777125 0.12266666666666666 0.067
2 0.568 0.77 0.09333333333333334 0.053
5 0.32916666666666666 0.785625 0.164 0.172
0 0.05333333333333334 0.647 0.09433333333333334 0.05525
0 0.25016666666666665 0.651125 0.09133333333333334 0.05475
1 0.436 0.6385 0.11 0.0575
1 0.6245 0.6375 0.11066666666666666 0.0575
1 0.8211666666666667 0.641125 0.07233333333333333 0.0555
1 0.9783333333333334 0.640375 0.043333333333333335 0.056
0 0.889 0.570125 0.10266666666666667 0.0495
0 0.7056666666666667 0.568125 0.09733333333333333 0.044
2 0.7941666666666667 0.502875 0.08966666666666667 0.06475
4 0.8721666666666666 0.44325 0.08433333333333333 0.05825
0 0.9776666666666667 0.357375 0.043666666666666666 0.02825
0 0.7826666666666666 0.32375 0.09966666666666667 0.04475
1 0.7631666666666667 0.165 0.099 0.06125
0 0.337 0.567125 0.07033333333333333 0.03775
2 0.42983333333333335 0.508375 0.07533333333333334 0.08225
0 0.15883333333333333 0.450875 0.08466666666666667 0.05225
1 0.06716666666666667 0.50725 0.07566666666666666 0.05475
1 0.25583333333333336 0.374 0.125 0.0535
0 0.6015 0.38625 0.11466666666666667 0.04125
1 0.426 0.25425 0.13833333333333334 0.1085
1 0.42933333333333334 0.15575 0.106 0.046
1 0.9703333333333334 0.206125 0.059333333333333335 0.06175