4 0.195 0.269625 0.14533333333333334 0.0765
1 0.6943333333333334 0.535125 0.052 0.041
1 0.37716666666666665 0.40025 0.06633333333333333 0.047
1 0.016666666666666666 0.214875 0.033 0.05725
0 0.4061666666666667 0.941 0.04133333333333333 0.02675
4 0.362 0.314625 0.104 0.05525
1 0.32816666666666666 0.369 0.048666666666666664 0.02525
1 0.053 0.326 0.09333333333333334 0.05625
4 0.257 0.420875 0.21566666666666667 0.131
1 0.9928333333333333 0.489 0.014333333333333333 0.036
0 0.8595466666666666 0.4135775 0.09664999999999994 0.03486749999999995
3 0.5243333333333333 0.679 0.118 0.09875
0 0.059166666666666666 0.661625 0.08266666666666667 0.027
1 0.48298 0.41453500000000004 0.038960000000000036 0.025067499999999996
5 0.9696666666666667 0.482625 0.06066666666666667 0.12775
4 0.7796266666666667 0.593595 0.1334433333333333 0.15544000000000005
4 0.57106 0.4795125 0.06457000000000002 0.05763499999999999
1 0.9207766666666667 0.719545 0.07609333333333325 0.07329500000000007
0 0.85357 0.7178825000000001 0.10497666666666676 0.09745000000000005
0 0.8345666666666666 0.7410275000000001 0.031253333333333404 0.040105000000000016
0 0.81456 0.7275325 0.06977000000000014 0.0749849999999999
0 0.8521433333333333 0.859505 0.08536999999999989 0.03221000000000004
4 0.8697433333333333 0.8948875000000001 0.053866666666666785 0.04806500000000005
0 0.9334466666666668 0.93725 0.029009999999999914 0.05134249999999997
5 0.8716366666666666 0.9185425 0.13747999999999988 0.16291499999999998
0 0.71695 0.738715 0.026409999999999854 0.020652499999999917
0 0.6401 0.948215 0.04126666666666673 0.030569999999999938
4 0.6916833333333334 0.970125 0.18175666666666673 0.05975
5 0.36416333333333334 0.93678 0.5212333333333334 0.12644000000000005
0 0.15387 0.9763525 0.07085666666666665 0.04729500000000007
0 0.5596266666666667 0.9655775 0.03723000000000002 0.04266750000000002
0 0.30228333333333335 0.992135 0.028103333333333314 0.01573000000000002
0 0.25575 0.688855 0.032376666666666706 0.016532500000000026
0 0.30659 0.6423675 0.07838666666666666 0.05625500000000011
0 0.3039633333333333 0.5855525 0.048849999999999984 0.03143249999999989
0 0.6724433333333333 0.6593450000000001 0.0821733333333334 0.05053250000000003
5 0.6571199999999999 0.6688575 0.17816666666666658 0.13151250000000003
5 0.5201833333333333 0.5605725 0.10446000000000004 0.0879375
0 0.5101766666666666 0.473835 0.022489999999999934 0.020330000000000042
0 0.52435 0.409295 0.02133666666666674 0.019317499999999994
0 0.5171333333333333 0.39183749999999995 0.09539333333333327 0.04050750000000005
0 0.46091333333333334 0.35775999999999997 0.06725666666666666 0.029407500000000027
2 0.5196433333333333 0.37010000000000004 0.06893333333333339 0.031217499999999974
4 0.27832 0.51201 0.09199 0.06693499999999994
4 0.12325333333333333 0.5377875 0.24650666666666665 0.29157999999999995
4 0.40623333333333334 0.565545 0.13294999999999996 0.27069000000000004
2 0.17194 0.499005 0.1078833333333333 0.04316750000000002
0 0.5001 0.5324525 0.040003333333333405 0.015115000000000009
0 0.5367966666666667 0.52603 0.01619999999999997 0.010472500000000082
0 0.5545866666666667 0.542665 0.012710000000000037 0.02655250000000001