4 0.8971666666666667 0.53975 0.12133333333333333 0.08775
2 0.23483333333333334 0.548875 0.14366666666666666 0.08075
1 0.23166666666666666 0.370375 0.155 0.1035
1 0.3496666666666667 0.6165 0.128 0.077
4 0.6918333333333333 0.53675 0.135 0.10125
2 0.6721666666666667 0.691375 0.098 0.07075
0 0.13316666666666666 0.45525 0.09533333333333334 0.0765
1 0.3596666666666667 0.451375 0.09366666666666666 0.09025
1 0.5693333333333334 0.626875 0.11 0.08025
1 0.5758333333333333 0.279875 0.09833333333333333 0.06525
2 0.22683333333333333 0.075125 0.097 0.06275
2 0.11683333333333333 0.633125 0.11233333333333333 0.06525
1 0.8823333333333333 0.69775 0.08966666666666667 0.06175
1 0.25166666666666665 0.68875 0.101 0.079
1 0.466 0.535125 0.08433333333333333 0.0765
1 0.255 0.861375 0.15266666666666667 0.11775
1 0.6781666666666667 0.362875 0.10966666666666666 0.0585
1 0.7881666666666667 0.28775 0.117 0.0825
0 0.784 0.165625 0.101 0.06475
1 0.4528333333333333 0.364 0.09066666666666667 0.0485
1 0.5828333333333333 0.452125 0.086 0.07625
1 0.03933333333333333 0.70375 0.07866666666666666 0.0595
1 0.789 0.602125 0.073 0.06125
4 0.4671666666666667 0.68775 0.18333333333333332 0.096
0 0.7831666666666667 0.767625 0.09466666666666666 0.065
2 0.0715 0.3456125 0.14266666666666666 0.14425
1 0.042166666666666665 0.86375 0.08433333333333333 0.0525
3 0.7765 0.42625 0.15333333333333332 0.09
2 0.3526666666666667 0.282125 0.078 0.03725
1 0.11983333333333333 0.165 0.07533333333333334 0.07275
2 0.4583333333333333 0.085625 0.13633333333333333 0.09025
0 0.038 0.54775 0.07566666666666666 0.051
2 0.1575 0.944625 0.10233333333333333 0.078
0 0.5726666666666667 0.771375 0.07233333333333333 0.07325
1 0.4671666666666667 0.861625 0.06933333333333333 0.06725
0 0.858 0.8575 0.162 0.0545
1 0.6823333333333333 0.0725 0.10133333333333333 0.094
1 0.907 0.402125 0.186 0.19325
4 0.9078333333333334 0.402625 0.18433333333333332 0.19225
1 0.3685 0.778625 0.08666666666666667 0.0595
2 0.3685 0.778625 0.087 0.0595
2 0.467 0.861625 0.06933333333333333 0.067
1 0.5638333333333333 0.93675 0.10233333333333333 0.061