1 0.17566666666666667 0.191125 0.056666666666666664 0.04825
1 0.3455 0.467375 0.066 0.02775
1 0.14633333333333334 0.07275 0.062 0.0385
1 0.10033333333333333 0.657125 0.041666666666666664 0.02025
1 0.08716666666666667 0.133875 0.07066666666666667 0.04175
1 0.4031666666666667 0.43075 0.05266666666666667 0.023
1 0.5655 0.65025 0.035333333333333335 0.019
1 0.46216666666666667 0.46925 0.058333333333333334 0.035
1 0.9616666666666667 0.3845 0.06266666666666666 0.04675
0 0.4716666666666667 0.69025 0.04033333333333333 0.01825
2 0.25183333333333335 0.247625 0.06533333333333333 0.045
0 0.7903333333333333 0.508875 0.056666666666666664 0.02375
1 0.618 0.5905 0.041666666666666664 0.02475
0 0.5756666666666667 0.5115 0.025333333333333333 0.013
0 0.6185 0.5405 0.041666666666666664 0.016
1 0.703 0.3835 0.054 0.034
2 0.6648333333333334 0.612625 0.037333333333333336 0.02025
0 0.687 0.513125 0.030666666666666665 0.01625
1 0.7575 0.430125 0.03866666666666667 0.03575
1 0.29433333333333334 0.068 0.054 0.04375
2 0.4185 0.589875 0.033666666666666664 0.02075
4 0.42383333333333334 0.193625 0.13666666666666666 0.09375
1 0.467 0.650875 0.035666666666666666 0.019
1 0.931 0.459375 0.05533333333333333 0.035
0 0.35183333333333333 0.51525 0.03966666666666667 0.01875
1 0.0425 0.421 0.071 0.0395
2 0.7486666666666667 0.651125 0.035666666666666666 0.0205
0 0.8845 0.562125 0.028 0.015
0 0.9606666666666667 0.608125 0.021666666666666667 0.01375
0 0.23283333333333334 0.12975 0.066 0.04375
2 0.521 0.542875 0.04066666666666666 0.027
1 0.841 0.5395 0.043 0.01825
2 0.276 0.423375 0.068 0.035
0 0.583 0.290875 0.058 0.04075
1 0.6953333333333334 0.46375 0.05266666666666667 0.028
1 0.1965 0.29325 0.051666666666666666 0.04
2 0.4538333333333333 0.075875 0.07966666666666666 0.065
1 0.5176666666666667 0.589875 0.036 0.02475
1 0.3145 0.189125 0.07133333333333333 0.04475
2 0.13333333333333333 0.338625 0.06366666666666666 0.04625
1 0.32283333333333336 0.29475 0.052333333333333336 0.0415
4 0.24366666666666667 0.517375 0.057666666666666665 0.032
0 0.4076666666666667 0.539 0.043666666666666666 0.01775
1 0.6488333333333334 0.687625 0.02666666666666667 0.0145
1 0.19533333333333333 0.541625 0.043 0.01975
0 0.36133333333333334 0.5675 0.04766666666666667 0.02025
2 0.10883333333333334 0.25225 0.07966666666666666 0.0595
1 0.7395 0.538125 0.04533333333333334 0.02575
2 0.6966666666666667 0.670125 0.045 0.0235
0 0.6806666666666666 0.567 0.06166666666666667 0.03
1 0.0105 0.653625 0.020666666666666667 0.018
1 0.8688333333333333 0.285875 0.09633333333333334 0.054
0 0.4645 0.565375 0.03666666666666667 0.0155
1 0.6806666666666666 0.566875 0.06133333333333333 0.03
1 0.24083333333333334 0.673875 0.04533333333333334 0.01925
2 0.17433333333333334 0.614625 0.033 0.022
1 0.8643333333333333 0.189625 0.065 0.0375
1 0.8891666666666667 0.076125 0.092 0.05125
1 0.018 0.074375 0.036 0.065
1 0.8181666666666667 0.586625 0.052 0.01975
1 0.8251666666666667 0.688375 0.044 0.027
2 0.7333333333333333 0.193375 0.051333333333333335 0.0405
2 0.9418333333333333 0.131125 0.051666666666666666 0.073
1 0.9226666666666666 0.244375 0.065 0.046
1 0.384 0.1405 0.07333333333333333 0.0525
3 0.7773333333333333 0.326375 0.072 0.0675
1 0.6508333333333334 0.251875 0.051 0.06125
1 0.9088333333333334 0.511875 0.048666666666666664 0.02075
1 0.65 0.343 0.056666666666666664 0.0475
2 0.27616666666666667 0.61575 0.051333333333333335 0.02325
1 0.8988333333333334 0.631875 0.043 0.01725
1 0.252 0.5705 0.051 0.0255
1 0.46366666666666667 0.383125 0.072 0.04175
1 0.5896666666666667 0.07675 0.10233333333333333 0.0645
1 0.7335 0.067 0.08933333333333333 0.063
2 0.034833333333333334 0.18975 0.06833333333333333 0.0555
1 0.38866666666666666 0.2515 0.048 0.04525
2 0.525 0.245875 0.056666666666666664 0.0435
1 0.5855 0.191 0.06833333333333333 0.0405
1 0.785 0.250375 0.053 0.03625
1 0.4538333333333333 0.285375 0.09566666666666666 0.056
1 0.0175 0.333875 0.035 0.04775
2 0.33366666666666667 0.380125 0.09233333333333334 0.06175
1 0.571 0.38625 0.08 0.04975
1 0.6325 0.42225 0.04533333333333334 0.05
1 0.832 0.38075 0.07233333333333333 0.03075
1 0.8751666666666666 0.425125 0.052333333333333336 0.0275
1 0.23366666666666666 0.4685 0.043 0.031
1 0.15833333333333333 0.4305 0.049 0.0375
2 0.09283333333333334 0.484 0.09 0.02975
1 0.043666666666666666 0.569125 0.050333333333333334 0.02275
1 0.3755 0.653 0.042666666666666665 0.0175
1 0.9558333333333333 0.53675 0.055 0.027