1 0.551 0.82875 0.17933333333333334 0.09425
1 0.6536666666666666 0.193125 0.18733333333333332 0.10025
1 0.805 0.287125 0.118 0.089
1 0.925 0.389125 0.11533333333333333 0.07875
3 0.7866666666666666 0.6475 0.097 0.06675
1 0.19633333333333333 0.173 0.14933333333333335 0.10475
0 0.1905 0.395625 0.14333333333333334 0.085
1 0.19866666666666666 0.55975 0.15166666666666667 0.09475
1 0.6738333333333333 0.388125 0.14533333333333334 0.06075
1 0.6878333333333333 0.5685 0.11933333333333333 0.08075
3 0.3288333333333333 0.9405 0.149 0.07125
2 0.9125 0.570125 0.10833333333333334 0.07625
2 0.5545 0.473375 0.16833333333333333 0.0955
1 0.7905 0.952875 0.12033333333333333 0.0885
1 0.2065 0.749625 0.12166666666666667 0.0535
1 0.7891666666666667 0.838125 0.09433333333333334 0.063
1 0.31433333333333335 0.465375 0.112 0.071
1 0.31716666666666665 0.826 0.09766666666666667 0.07075
1 0.324 0.657 0.11866666666666667 0.061
2 0.5531666666666667 0.662375 0.105 0.0765
1 0.5543333333333333 0.961625 0.088 0.07575
1 0.9071666666666667 0.77175 0.08366666666666667 0.10975
1 0.681 0.739 0.17366666666666666 0.053
4 0.088 0.954625 0.08866666666666667 0.0585
2 0.8011666666666667 0.474625 0.10466666666666667 0.0725
1 0.09133333333333334 0.838125 0.10933333333333334 0.07275
4 0.073 0.664125 0.126 0.08975