2 0.6485 0.479 0.101 0.067
1 0.396 0.416875 0.18166666666666667 0.1175
1 0.8453333333333334 0.9535 0.11633333333333333 0.0925
1 0.741 0.396875 0.124 0.10325
1 0.9333333333333333 0.39525 0.097 0.0695
2 0.07983333333333334 0.3305 0.15966666666666668 0.09475
1 0.21466666666666667 0.681375 0.13766666666666666 0.065
1 0.7506666666666667 0.676875 0.09733333333333333 0.05975
1 0.387 0.672125 0.07366666666666667 0.05
1 0.925 0.674625 0.075 0.054
1 0.9348333333333333 0.534625 0.11466666666666667 0.05175
1 0.6546666666666666 0.73225 0.09833333333333333 0.06175
1 0.918 0.804125 0.087 0.061
2 0.7496666666666667 0.89725 0.11033333333333334 0.04125
1 0.4146666666666667 0.899625 0.08333333333333333 0.04325
2 0.5741666666666667 0.6755 0.06866666666666667 0.049
0 0.7541666666666667 0.8 0.10766666666666666 0.0555
3 0.289 0.474 0.07333333333333333 0.071
2 0.31966666666666665 0.747375 0.095 0.0395
1 0.3363333333333333 0.9525 0.08566666666666667 0.0855
1 0.58 0.803375 0.08333333333333333 0.03725
1 0.8413333333333334 0.74525 0.08 0.061
1 0.48733333333333334 0.73925 0.106 0.04225
2 0.565 0.54425 0.07366666666666667 0.05925
1 0.5736666666666667 0.899625 0.06766666666666667 0.03925
1 0.24016666666666667 0.895125 0.063 0.03925
1 0.135 0.739375 0.078 0.043
1 0.742 0.5395 0.11 0.044
2 0.8351666666666666 0.6045 0.10433333333333333 0.0435
1 0.6663333333333333 0.968125 0.08466666666666667 0.062
1 0.6428333333333334 0.5945 0.10133333333333333 0.0665
0 0.30616666666666664 0.611125 0.093 0.06
1 0.15383333333333332 0.965625 0.10033333333333333 0.039
1 0.49016666666666664 0.96325 0.09133333333333334 0.064
2 0.15383333333333332 0.965625 0.10066666666666667 0.03875
0 0.46736 0.61612 0.10261666666666663 0.05074000000000001