1 0.37233333333333335 0.36925 0.017 0.017
0 0.4256666666666667 0.454625 0.019666666666666666 0.01725
1 0.4595 0.407375 0.03233333333333333 0.02425
4 0.39816666666666667 0.38975 0.022 0.0255
2 0.4256666666666667 0.419 0.021666666666666667 0.01975
0 0.4105 0.23325 0.018666666666666668 0.01675
4 0.433 0.34875 0.021333333333333333 0.02125
0 0.5053333333333333 0.249375 0.023 0.01675
0 0.45716666666666667 0.447 0.015333333333333332 0.011
1 0.41 0.1945 0.029333333333333333 0.02625
0 0.36433333333333334 0.329625 0.018666666666666668 0.01525
1 0.4206666666666667 0.285125 0.018333333333333333 0.015
0 0.4695 0.187625 0.024666666666666667 0.023
0 0.4046666666666667 0.272875 0.015333333333333332 0.012
2 0.442 0.257375 0.02 0.0245
0 0.5086666666666667 0.206375 0.024 0.02175
1 0.6001666666666666 0.168 0.03 0.02375
0 0.43766666666666665 0.30025 0.022333333333333334 0.02125
1 0.393 0.427 0.028666666666666667 0.02375
1 0.5725 0.19925 0.024 0.0235
1 0.3765 0.24225 0.033666666666666664 0.028
0 0.5285 0.264125 0.018666666666666668 0.01375
0 0.355 0.278 0.02033333333333333 0.021
1 0.4558333333333333 0.48825 0.021333333333333333 0.02725
1 0.49483333333333335 0.439375 0.027 0.01975
2 0.4643333333333333 0.3725 0.024333333333333332 0.024
0 0.6298333333333334 0.229375 0.03166666666666667 0.0225
0 0.8413333333333334 0.011 0.03666666666666667 0.022
0 0.6503333333333333 0.395875 0.035333333333333335 0.02925
0 0.5461666666666667 0.75625 0.035333333333333335 0.02775
3 0.9633333333333334 0.24475 0.042666666666666665 0.02925
1 0.6298333333333334 0.126375 0.04566666666666667 0.034
0 0.5183333333333333 0.404625 0.023666666666666666 0.02175
0 0.5245 0.372125 0.018666666666666668 0.01575
0 0.502 0.36175 0.024666666666666667 0.022
0 0.6138333333333333 0.37375 0.03233333333333333 0.0185
1 0.38 0.3035 0.034333333333333334 0.03175
0 0.575 0.353625 0.029666666666666668 0.02375
1 0.6905 0.285 0.058 0.0365
1 0.7403333333333333 0.3005 0.059333333333333335 0.03075
1 0.8456666666666667 0.4445 0.06366666666666666 0.05675
0 0.7625 0.07 0.051333333333333335 0.0295
0 0.7386666666666667 0.845375 0.038 0.025
0 0.5631666666666667 0.379125 0.022333333333333334 0.017
0 0.5695 0.249625 0.029333333333333333 0.02275
1 0.8886666666666667 0.584625 0.04933333333333333 0.046
0 0.5045 0.324875 0.023 0.0215
0 0.7286666666666667 0.58775 0.04466666666666667 0.0225
0 0.6043333333333333 0.645625 0.020666666666666667 0.01425
0 0.8031666666666667 0.132625 0.04566666666666667 0.029
0 0.8913333333333333 0.09925 0.05333333333333334 0.0345
0 0.6633333333333333 0.76675 0.024 0.01675
0 0.6531666666666667 0.469375 0.042666666666666665 0.0315
4 0.8426666666666667 0.280875 0.051333333333333335 0.04375
2 0.6903333333333334 0.151625 0.03333333333333333 0.03525
0 0.6576666666666666 0.189 0.024333333333333332 0.01725
1 0.8681666666666666 0.358625 0.08733333333333333 0.04675
0 0.6908333333333333 0.4265 0.025333333333333333 0.01875
1 0.6935 0.2005 0.044 0.0295
1 0.689 0.047 0.058666666666666666 0.05625
0 0.49583333333333335 0.74025 0.022 0.02
1 0.7666666666666667 0.174 0.047 0.031
1 0.5985 0.698 0.035333333333333335 0.038
2 0.8406666666666667 0.203125 0.05533333333333333 0.0335
1 0.8516666666666667 0.1445 0.03866666666666667 0.0335
1 0.9033333333333333 0.298375 0.04633333333333333 0.027
2 0.7396666666666667 0.23725 0.036333333333333336 0.02425
1 0.48483333333333334 0.308625 0.021333333333333333 0.01925
1 0.5183333333333333 0.46425 0.06666666666666667 0.056
0 0.4703333333333333 0.549125 0.017333333333333333 0.014
0 0.5061666666666667 0.59 0.03 0.0155
0 0.505 0.637875 0.032 0.02075
0 0.6001666666666666 0.820875 0.019666666666666666 0.02025
2 0.813 0.7845 0.053 0.036
0 0.913 0.8755 0.038 0.0345
0 0.9058333333333334 0.797625 0.035666666666666666 0.03875
0 0.9856666666666667 0.6495 0.028666666666666667 0.01825
0 0.9891666666666666 0.725125 0.021666666666666667 0.03525
0 0.7345 0.71325 0.043666666666666666 0.0335
0 0.6643333333333333 0.646625 0.04833333333333333 0.02375
0 0.5571666666666667 0.54775 0.028666666666666667 0.023
1 0.6603333333333333 0.537375 0.033 0.02875
0 0.8845 0.518375 0.030666666666666665 0.018
0 0.7965 0.475875 0.032 0.02075
1 0.9788333333333333 0.41625 0.042333333333333334 0.0335
2 0.7396666666666667 0.452875 0.057666666666666665 0.06525
2 0.6128333333333333 0.440625 0.024 0.025
1 0.5695 0.471375 0.03933333333333333 0.02775
4 0.5735 0.415125 0.023666666666666666 0.0265
0 0.6945 0.34975 0.030333333333333334 0.0275
0 0.7416666666666667 0.3775 0.04633333333333333 0.0195
3 0.79 0.34075 0.045 0.03725
0 0.9208333333333333 0.385 0.04033333333333333 0.01975
1 0.6128333333333333 0.310625 0.03933333333333333 0.02525
5 0.6551666666666667 0.2675 0.056666666666666664 0.06925
2 0.7908333333333334 0.253125 0.025 0.0235
0 0.798 0.222875 0.028666666666666667 0.02225
1 0.911 0.224875 0.06966666666666667 0.0435
1 0.9431666666666667 0.111 0.043333333333333335 0.0305
2 0.8448333333333333 0.08525 0.04133333333333333 0.03025
1 0.6948333333333333 0.009125 0.04033333333333333 0.01825
4 0.886 0.04225 0.046 0.035
0 0.9891666666666666 0.030125 0.021666666666666667 0.0195