1 0.2818333333333333 0.771875 0.09533333333333334 0.056
1 0.115 0.619 0.07666666666666666 0.05025
1 0.5858333333333333 0.910875 0.08866666666666667 0.072
3 0.151 0.836625 0.08533333333333333 0.04375
1 0.06333333333333334 0.89825 0.07933333333333334 0.0525
1 0.13933666666666666 0.428035 0.06738333333333335 0.048787500000000025
1 0.8816666666666667 0.677625 0.09733333333333333 0.0575
2 0.20516666666666666 0.90025 0.08633333333333333 0.04075
3 0.9158333333333334 0.96 0.09333333333333334 0.068
2 0.5365 0.6805 0.06166666666666667 0.047
1 0.7785 0.85525 0.057 0.044
0 0.8901666666666667 0.78725 0.06333333333333334 0.04
1 0.534 0.58225 0.07566666666666666 0.0615
1 0.6498333333333334 0.684875 0.084 0.0445
1 0.403 0.846625 0.06533333333333333 0.05325
1 0.10366666666666667 0.722375 0.06566666666666666 0.03175
1 0.6626666666666666 0.96925 0.05633333333333333 0.0615
1 0.828 0.731875 0.059 0.05125
1 0.15433333333333332 0.7685 0.058333333333333334 0.042
1 0.42533333333333334 0.49075 0.05366666666666667 0.0445
1 0.3595 0.627375 0.057 0.04325
1 0.8468333333333333 0.913 0.066 0.0405
1 0.715 0.91025 0.05366666666666667 0.0345
1 0.35666000000000003 0.4452625 0.08304333333333337 0.04945000000000004
1 0.3606666666666667 0.536875 0.06966666666666667 0.03075
1 0.5875 0.63525 0.049 0.0395
0 0.12366666666666666 0.535 0.073 0.04325
1 0.409 0.778625 0.050666666666666665 0.03675
1 0.18016666666666667 0.57175 0.056666666666666664 0.03475
1 0.4728333333333333 0.631625 0.051666666666666666 0.0395
1 0.8228333333333333 0.54975 0.050666666666666665 0.0335
2 0.29 0.676 0.055 0.042
1 0.7053333333333334 0.63125 0.05333333333333334 0.0365
1 0.8904733333333333 0.407915 0.057390000000000024 0.06216999999999996
2 0.6526666666666666 0.852 0.044 0.02425
1 0.3531666666666667 0.72075 0.09033333333333333 0.0295
0 0.5253333333333333 0.96925 0.058666666666666666 0.058
2 0.5886666666666667 0.727875 0.051666666666666666 0.03575
1 0.4786666666666667 0.53975 0.056 0.04
1 0.0295 0.77375 0.05366666666666667 0.04325
4 0.020833333333333332 0.841835 0.041666666666666664 0.036
0 0.7716666666666666 0.687375 0.051 0.0315
1 0.4676666666666667 0.740125 0.04133333333333333 0.06375
1 0.5283333333333333 0.777375 0.04033333333333333 0.04275
2 0.419 0.581375 0.051 0.03725
1 0.8 0.973625 0.05633333333333333 0.05175
2 0.7137666666666668 0.54375 0.06713666666666662 0.04225
1 0.2733333333333333 0.849875 0.04666666666666667 0.04775
2 0.2971666666666667 0.577625 0.08333333333333333 0.04625
2 0.6495 0.503 0.08566666666666667 0.0685
4 0.03933333333333333 0.673875 0.068 0.04875
2 0.45824000000000004 0.9213125 0.15619000000000005 0.157375
0 0.4086666666666667 0.67075 0.04933333333333333 0.036
2 0.7075 0.7355 0.076 0.05
1 0.9465866666666667 0.553625 0.04349333333333319 0.04625
2 0.5916666666666667 0.548375 0.059666666666666666 0.0405
1 0.9016666666666666 0.863625 0.07233333333333333 0.054
0 0.7658333333333334 0.50625 0.049666666666666665 0.0385
4 0.9636666666666667 0.9384375 0.07266666666666667 0.123125
1 0.17266666666666666 0.671625 0.063 0.03425