3 0.10616666666666667 0.93375 0.07933333333333334 0.0585
3 0.333 0.73475 0.08866666666666667 0.058
1 0.1305 0.63275 0.07933333333333334 0.056
0 0.0495 0.560125 0.099 0.04625
1 0.31133333333333335 0.63325 0.111 0.06225
4 0.06816666666666667 0.437125 0.08133333333333333 0.056
2 0.4725 0.848625 0.12033333333333333 0.0585
4 0.5851666666666666 0.57475 0.06333333333333334 0.05225
4 0.24616666666666667 0.849375 0.07366666666666667 0.054
0 0.3631666666666667 0.937875 0.09566666666666666 0.0745
1 0.042166666666666665 0.15775 0.08433333333333333 0.05925
0 0.2608333333333333 0.509125 0.08166666666666667 0.0315
0 0.727 0.51825 0.037 0.04
1 0.972 0.51425 0.056 0.057
0 0.4765 0.738375 0.091 0.0305
0 0.2095 0.951625 0.06766666666666667 0.04925
1 0.935 0.2705 0.13 0.095
1 0.041833333333333333 0.862875 0.08366666666666667 0.10425
0 0.6045 0.769125 0.11633333333333333 0.0495
0 0.49383333333333335 0.64375 0.10733333333333334 0.05775
0 0.5803333333333334 0.947375 0.10633333333333334 0.083
5 0.8341666666666666 0.736375 0.317 0.243
1 0.7543333333333333 0.6595 0.084 0.06175
1 0.8081666666666667 0.72175 0.07966666666666666 0.0535
0 0.885 0.792 0.050333333333333334 0.05575
0 0.909 0.67575 0.06333333333333334 0.0565
0 0.6298333333333334 0.4145 0.03933333333333333 0.035
0 0.5021666666666667 0.510875 0.10666666666666667 0.0665
0 0.198 0.35275 0.046 0.02825
0 0.0355 0.315625 0.071 0.04325
1 0.338 0.384 0.08366666666666667 0.051
1 0.42183333333333334 0.449375 0.07966666666666666 0.07325
0 0.5108333333333334 0.2745 0.039 0.0285
1 0.2638333333333333 0.19825 0.129 0.082