2 0.8845 0.332125 0.11366666666666667 0.05625
1 0.6498333333333334 0.18975 0.11166666666666666 0.06675
1 0.8535 0.08325 0.11233333333333333 0.05125
0 0.7026666666666667 0.452625 0.06933333333333333 0.036
1 0.901 0.260875 0.09233333333333334 0.056
1 0.475 0.081875 0.10333333333333333 0.05175
1 0.9365 0.152875 0.09366666666666666 0.046
1 0.6241666666666666 0.391625 0.06766666666666667 0.04575
1 0.19783333333333333 0.15175 0.07633333333333334 0.05325
2 0.7135799999999999 0.335675 0.0728266666666666 0.05960000000000002
1 0.5721666666666667 0.025875 0.07666666666666666 0.05175
1 0.224 0.32775 0.07466666666666667 0.05175
1 0.372 0.026 0.07533333333333334 0.05175
0 0.4691666666666667 0.392 0.045 0.027
2 0.758 0.024125 0.08066666666666666 0.048
3 0.1135 0.204 0.09433333333333334 0.0565
1 0.7255 0.257625 0.09233333333333334 0.056
0 0.231 0.449 0.065 0.03425
0 0.6205 0.50825 0.041 0.02925
0 0.6931666666666667 0.562375 0.06066666666666667 0.046
1 0.3908333333333333 0.3355 0.059 0.04075
0 0.4725 0.507125 0.051 0.02825
1 0.757 0.152875 0.07733333333333334 0.0415
0 0.4761666666666667 0.203375 0.077 0.0495
1 0.5511666666666667 0.453 0.06 0.03975
0 0.3898333333333333 0.448375 0.033666666666666664 0.0255
4 0.933 0.509625 0.07233333333333333 0.036
0 0.7916666666666666 0.394125 0.03966666666666667 0.026
0 0.8348333333333333 0.65925 0.03966666666666667 0.02425
0 0.9738333333333333 0.65875 0.052333333333333336 0.03175
0 0.24033333333333334 0.55625 0.037 0.02725
2 0.9806666666666667 0.2045 0.03866666666666667 0.0445
1 0.17133333333333334 0.602125 0.06233333333333333 0.03475
0 0.09583333333333334 0.651875 0.06833333333333333 0.0315
0 0.071 0.444 0.037333333333333336 0.022
1 0.9596666666666667 0.02475 0.08 0.0495
1 0.1775 0.0185 0.078 0.037
0 0.9625 0.7545 0.05266666666666667 0.0245
1 0.5548333333333333 0.326 0.074 0.05175
1 0.289 0.205 0.14533333333333334 0.0645
0 0.864 0.451375 0.043333333333333335 0.02675
0 0.6168333333333333 0.606375 0.06666666666666667 0.042
0 0.31616666666666665 0.50425 0.06833333333333333 0.03025
3 0.6631666666666667 0.083 0.09833333333333333 0.065
2 0.39266666666666666 0.653625 0.06 0.039
0 0.24583333333333332 0.656 0.065 0.04025
1 0.059333333333333335 0.32625 0.099 0.06475
0 0.5433333333333333 0.556375 0.038 0.02075
0 0.38916666666666666 0.555875 0.046 0.03025
4 0.108 0.075375 0.16533333333333333 0.0745
0 0.6096666666666667 0.7025 0.042333333333333334 0.026
0 0.24733333333333332 0.75 0.04566666666666667 0.03175
0 0.766 0.607125 0.057666666666666665 0.0425
4 0.6631666666666667 0.083 0.09866666666666667 0.06475
0 0.8247666666666668 0.7513425 0.06265999999999985 0.02522250000000008
0 0.3969066666666667 0.7458400000000001 0.03957999999999993 0.026065000000000053