0 0.5618333333333333 0.445625 0.045 0.027
0 0.97 0.384875 0.05633333333333333 0.038
0 0.6941666666666667 0.43925 0.106 0.05125
1 0.4008333333333333 0.02675 0.16133333333333333 0.0535
0 0.5688333333333333 0.7355 0.035333333333333335 0.023
2 0.5656666666666667 0.543375 0.112 0.0485
0 0.8311666666666667 0.733875 0.046 0.0285
4 0.306 0.45425 0.12733333333333333 0.0665
1 0.49933333333333335 0.117625 0.07 0.0515
1 0.375 0.096 0.094 0.06525
0 0.17 0.645375 0.049666666666666665 0.03975
0 0.436 0.54675 0.048 0.02975
1 0.3995 0.197625 0.07866666666666666 0.05225
0 0.8306666666666667 0.544625 0.05433333333333333 0.03575
0 0.6953333333333334 0.832 0.064 0.0285
0 0.4355 0.73475 0.04033333333333333 0.02025
0 0.05533333333333333 0.834375 0.043333333333333335 0.034
0 0.31166666666666665 0.829125 0.05 0.03075
0 0.441 0.828625 0.03 0.0215
0 0.049666666666666665 0.743625 0.042333333333333334 0.04375
0 0.30916666666666665 0.643125 0.06066666666666667 0.031
0 0.16783333333333333 0.54875 0.039 0.0235
1 0.0325 0.45325 0.065 0.07125
0 0.6963333333333334 0.7325 0.056 0.034
0 0.6978333333333333 0.34025 0.06166666666666667 0.04475
1 0.2915 0.34075 0.103 0.0445
0 0.024 0.346125 0.048 0.02675
1 0.17933333333333334 0.195 0.083 0.05475
1 0.6173333333333333 0.193125 0.07866666666666666 0.0585
0 0.9826666666666667 0.25725 0.034666666666666665 0.0255
0 0.8465 0.086 0.057666666666666665 0.03275
1 0.7066666666666667 0.1115 0.124 0.082
0 0.07933333333333334 0.11575 0.06433333333333334 0.03775
0 0.27116666666666667 0.06425 0.105 0.06225
3 0.8175 0.217875 0.08833333333333333 0.0675