1 0.93576 0.744725 0.04929666666666677 0.041289999999999966
1 0.858 0.345875 0.043333333333333335 0.0225
4 0.5055133333333334 0.8178200000000001 0.026816666666666607 0.020805000000000063
1 0.83802 0.5972775 0.04040666666666675 0.032612499999999954
0 0.6743333333333333 0.2175 0.07233333333333333 0.027
0 0.8678866666666666 0.4351725 0.07178666666666655 0.038077499999999986
1 0.04820333333333334 0.15131999999999998 0.039846666666666676 0.03866750000000002
4 0.9496233333333333 0.5962274999999999 0.0911199999999999 0.05763000000000011
4 0.03733666666666667 0.6795950000000001 0.07085000000000001 0.07675
0 0.7073333333333334 0.615375 0.027333333333333334 0.022
1 0.5481666666666667 0.3167075 0.0351233333333333 0.03019500000000005
1 0.10833333333333334 0.226125 0.05633333333333333 0.04
1 0.9858333333333333 0.3253825 0.027333333333333334 0.032235000000000014
1 0.17266666666666666 0.14625 0.10433333333333333 0.06925
0 0.729 0.485125 0.07966666666666666 0.04675
1 0.7001666666666667 0.6707474999999999 0.072 0.04024499999999989
0 0.86489 0.7969525 0.03540999999999985 0.015097500000000081
4 0.2988966666666667 0.163785 0.07489666666666668 0.04324250000000001
0 0.8608299999999999 0.7200875 0.020746666666666594 0.012512500000000046
0 0.9640066666666667 0.40742 0.03201666666666673 0.030837499999999976
2 0.8922766666666666 0.4035325 0.03921999999999995 0.019985000000000013
5 0.7060833333333333 0.834635 0.1320466666666667 0.0585474999999999
1 0.7674633333333333 0.5662225 0.04196333333333344 0.027555000000000062
4 0.06963666666666667 0.51127 0.13927 0.09216750000000001
0 0.1894 0.43649 0.03775 0.012792500000000017
0 0.2834733333333333 0.44115 0.016843333333333325 0.007772500000000036
1 0.18785 0.5275275 0.03106000000000002 0.014782500000000027
0 0.02873 0.588095 0.020426666666666666 0.023029999999999974
0 0.04043666666666667 0.606955 0.01827666666666666 0.020779999999999972
5 0.28879 0.59525 0.3976633333333333 0.171855
4 0.22293333333333332 0.6015725 0.12434999999999999 0.08018249999999989
0 0.26773 0.5547775 0.0267833333333333 0.018597500000000083
0 0.33344 0.5609725 0.01280666666666669 0.009069999999999936
0 0.38910666666666666 0.5752975 0.013603333333333315 0.0110150000000001
0 0.37733666666666665 0.5408025 0.018546666666666625 0.009779999999999973
0 0.37359 0.5912000000000001 0.014879999999999957 0.010964999999999918
4 0.37476 0.599245 0.04442666666666673 0.02705749999999989
0 0.39665 0.5996925 0.009039999999999963 0.00943249999999989
0 0.4201833333333333 0.62336 0.016016666666666728 0.0092349999999999
0 0.35557333333333335 0.627265 0.01454333333333337 0.0082025000000001
0 0.33690333333333333 0.6252575 0.020440000000000017 0.011924999999999955
0 0.3429233333333333 0.63642 0.016753333333333367 0.006982500000000073
0 0.2796166666666667 0.6288075 0.12322666666666669 0.05992499999999996
2 0.4539066666666667 0.54867 0.01970666666666663 0.018162499999999908
5 0.3768666666666666 0.6725975 0.07688333333333336 0.06493499999999995
2 0.38506333333333337 0.6812625 0.03528999999999996 0.024482500000000074
0 0.3926266666666667 0.6971124999999999 0.004980000000000018 0.008920000000000072
4 0.44911666666666666 0.65477 0.06691000000000001 0.03974000000000001
4 0.47973000000000005 0.6530575 0.03724333333333334 0.030632499999999938
0 0.51877 0.765555 0.01229333333333337 0.008477499999999964
4 0.6383366666666667 0.8619675 0.017596666666666653 0.011730000000000018
0 0.7606766666666668 0.8039299999999999 0.015770000000000135 0.00894749999999999
0 0.7916333333333334 0.7660125000000001 0.05740999999999986 0.04668249999999989
0 0.8384566666666666 0.76873 0.07899000000000009 0.0249849999999999
5 0.9517666666666668 0.81151 0.09646666666666655 0.05040249999999992
0 0.96441 0.8207225 0.022706666666666632 0.012612499999999955
0 0.9201133333333333 0.71773 0.017233333333333274 0.010377500000000055
0 0.8028700000000001 0.7104299999999999 0.015733333333333273 0.007335000000000037
0 0.8108366666666668 0.7190825 0.019666666666666666 0.014589999999999919
1 0.9335133333333333 0.660455 0.05173666666666668 0.023852499999999964
1 0.8094333333333334 0.61561 0.03759666666666665 0.019097500000000083
1 0.8388833333333333 0.52007 0.03352333333333324 0.018867500000000006
0 0.90112 0.3715575 0.023530000000000047 0.014845000000000027
1 0.9605266666666666 0.37589249999999996 0.03456666666666661 0.02450999999999999
0 0.9577133333333333 0.4403875 0.01608666666666674 0.013245000000000005
5 0.8908466666666667 0.40896499999999997 0.2183033333333333 0.16417999999999994
5 0.8205433333333334 0.46570999999999996 0.06890333333333334 0.04820500000000004
1 0.9655133333333333 0.31359 0.050483333333333276 0.017827499999999986
5 0.8025300000000001 0.27148500000000003 0.1481199999999999 0.12577750000000004
0 0.8352533333333334 0.247945 0.042483333333333276 0.019294999999999986
0 0.7558933333333333 0.28093250000000003 0.014853333333333467 0.0138125
0 0.75975 0.3041325 0.010823333333333417 0.024377500000000055
0 0.85636 0.29822000000000004 0.013356666666666569 0.0116875
0 0.7648466666666667 0.6500275 0.015753333333333407 0.009299999999999954
4 0.60446 0.65239 0.07404666666666662 0.044884999999999994
1 0.59049 0.6944075000000001 0.07798999999999993 0.04269749999999999
0 0.54539 0.6865950000000001 0.009640000000000024 0.006595000000000027
5 0.5522033333333333 0.61672 0.08484666666666665 0.047279999999999975
4 0.5295433333333334 0.6014299999999999 0.0493733333333333 0.028467499999999972
4 0.5075533333333334 0.567235 0.14359 0.06460750000000007
0 0.49888333333333335 0.5399475 0.023 0.012279999999999973
5 0.6224033333333333 0.5404924999999999 0.0626566666666666 0.10479250000000002
0 0.6213266666666667 0.4982625 0.05241333333333326 0.015865000000000008
4 0.6252533333333333 0.5155725 0.027363333333333382 0.022890000000000042
0 0.6550766666666666 0.53364 0.011696666666666715 0.023684999999999946
0 0.5403366666666667 0.4470225 0.014649999999999939 0.010705000000000041
0 0.60553 0.43547 0.037010000000000064 0.03964750000000004
0 0.6182733333333333 0.44219749999999997 0.01704333333333337 0.02205499999999995
0 0.6317066666666666 0.426595 0.06135999999999998 0.052337499999999974
1 0.6815433333333334 0.424815 0.04999666666666659 0.040862499999999954
4 0.6036366666666667 0.34852 0.08485333333333331 0.104255
5 0.50944 0.4126125 0.10999333333333335 0.07271249999999997
0 0.5193866666666667 0.4046775 0.051383333333333364 0.027322499999999993
1 0.42717333333333335 0.42325 0.06611666666666664 0.05201750000000004
0 0.30371666666666663 0.4152975 0.043983333333333346 0.027442499999999995
0 0.29625 0.3829825 0.02744999999999997 0.016987499999999954
4 0.27337666666666666 0.33954500000000004 0.05393666666666665 0.04208000000000004
0 0.21201666666666666 0.3396375 0.060436666666666645 0.02600999999999999
4 0.17027999999999996 0.361495 0.20009666666666664 0.16122749999999997
4 0.3553266666666667 0.35276 0.0781766666666667 0.17927750000000003
5 0.4245933333333333 0.34761000000000003 0.06682000000000002 0.059272500000000033
0 0.4094233333333333 0.33454500000000004 0.025866666666666635 0.013762500000000046
0 0.43224 0.33017 0.011446666666666714 0.012259999999999991
0 0.44430000000000003 0.3411475 0.010813333333333352 0.018607499999999957
0 0.41637666666666673 0.2870575 0.0159066666666666 0.014465000000000032
0 0.4598333333333333 0.28380500000000003 0.04639666666666668 0.043512500000000044
0 0.4260366666666666 0.22845249999999998 0.01617999999999999 0.016212499999999977
1 0.3951366666666667 0.239455 0.028760000000000067 0.0174375
0 0.42027333333333333 0.2104825 0.07529333333333336 0.029497500000000003
0 0.37601666666666667 0.18936250000000002 0.053326666666666675 0.022810000000000004
2 0.42218666666666665 0.1899675 0.05578666666666671 0.022127499999999998
1 0.2828333333333333 0.222225 0.032313333333333354 0.01920749999999998
1 0.31925 0.244065 0.04380000000000003 0.034107499999999985
4 0.24845333333333333 0.27169 0.13464000000000004 0.09917499999999999