1 0.08433333333333333 0.304875 0.034333333333333334 0.02675
0 0.11316666666666667 0.32975 0.029333333333333333 0.01825
1 0.6438333333333334 0.285875 0.02033333333333333 0.02025
1 0.19933333333333333 0.24675 0.03133333333333333 0.019
1 0.8796666666666667 0.295 0.033 0.019
1 0.06 0.3595 0.043666666666666666 0.02325
4 0.2811666666666667 0.226875 0.06933333333333333 0.03575
2 0.21 0.209 0.022333333333333334 0.01675
1 0.08533333333333333 0.1975 0.042333333333333334 0.02325
1 0.7405 0.3095 0.027666666666666666 0.02025
4 0.2305 0.332 0.045 0.02525
1 0.30783333333333335 0.25075 0.029 0.01675
4 0.09183333333333334 0.256375 0.07 0.037
1 0.30266666666666664 0.29275 0.029666666666666668 0.01975
1 0.737 0.268875 0.029333333333333333 0.02
1 0.239 0.288625 0.022 0.0215
1 0.17166666666666666 0.2215 0.042333333333333334 0.021
0 0.18 0.29925 0.017666666666666667 0.0185
1 0.7725 0.33375 0.035666666666666666 0.01575
4 0.6153333333333333 0.3485 0.030333333333333334 0.0225
0 0.6146666666666667 0.307 0.02666666666666667 0.01775
1 0.1065 0.4 0.038 0.0225
1 0.865 0.433875 0.03266666666666666 0.02275
0 0.766 0.252875 0.029333333333333333 0.01875
0 0.8015 0.315375 0.015666666666666666 0.01175
1 0.7083333333333334 0.331 0.024333333333333332 0.02025
2 0.8855 0.340875 0.026 0.0155
0 0.22216666666666668 0.365125 0.037333333333333336 0.0235
0 0.6456666666666667 0.247625 0.03666666666666667 0.01825
0 0.8585 0.393625 0.029 0.01825
1 0.6795 0.383375 0.029333333333333333 0.01975
0 0.15933333333333333 0.831125 0.019 0.01525
0 0.6465 0.3295 0.03 0.0215
2 0.17183333333333334 0.365 0.049 0.02425
0 0.618 0.379875 0.036333333333333336 0.0175
0 0.6773333333333333 0.35025 0.03233333333333333 0.0185
1 0.07216666666666667 0.4165 0.03766666666666667 0.02625
4 0.09633333333333334 0.436125 0.03933333333333333 0.02175
1 0.15983333333333333 0.4005 0.027333333333333334 0.02175
0 0.20833333333333334 0.7965 0.022 0.016
0 0.869 0.48625 0.027333333333333334 0.0195
1 0.4615 0.278375 0.030333333333333334 0.0205
1 0.26116666666666666 0.511875 0.025333333333333333 0.017
0 0.11483333333333333 0.363375 0.019333333333333334 0.014
1 0.7443333333333333 0.348875 0.029 0.0375
1 0.18066666666666667 0.561375 0.033666666666666664 0.0205
0 0.647 0.454625 0.028666666666666667 0.019
0 0.9161666666666667 0.364125 0.02266666666666667 0.01925
2 0.524 0.282125 0.03333333333333333 0.02075
0 0.5836666666666667 0.402875 0.03 0.02125
0 0.3368333333333333 0.273875 0.021333333333333333 0.01425
1 0.466 0.236 0.026333333333333334 0.02275
1 0.5841666666666666 0.3265 0.015333333333333332 0.01725
0 0.939 0.300875 0.029333333333333333 0.01975
4 0.817 0.476875 0.038 0.02975
1 0.8046666666666666 0.355875 0.031 0.0205
1 0.7056666666666667 0.246875 0.078 0.04075
1 0.23 0.483625 0.03266666666666666 0.0215
1 0.8746666666666667 0.53175 0.028333333333333332 0.02275
0 0.24333333333333335 0.8345 0.018 0.0175
2 0.2931666666666667 0.336625 0.033 0.02425
2 0.37533333333333335 0.542375 0.029666666666666668 0.034
1 0.7183333333333334 0.504 0.02666666666666667 0.02725
1 0.906 0.510125 0.03133333333333333 0.02025
1 0.4085 0.516 0.032 0.01375
2 0.504 0.490625 0.04566666666666667 0.0295
2 0.6125 0.494125 0.03333333333333333 0.02825
0 0.7441666666666666 0.387625 0.038 0.0215
2 0.7148333333333333 0.45525 0.04666666666666667 0.02425
1 0.5516666666666666 0.378625 0.024 0.02425
1 0.47933333333333333 0.467375 0.037 0.02375
0 0.58 0.710375 0.034333333333333334 0.02975
1 0.7505 0.48075 0.027666666666666666 0.0355
0 0.3645 0.295 0.02 0.01325
0 0.7873333333333333 0.506375 0.03266666666666666 0.01775
1 0.6876666666666666 0.581125 0.057666666666666665 0.02925
0 0.645 0.40525 0.037 0.018
1 0.6505 0.506 0.030333333333333334 0.039
0 0.3315 0.4445 0.031 0.01725
1 0.3531666666666667 0.368 0.038 0.023
0 0.458 0.735875 0.02 0.012
0 0.4558333333333333 0.804625 0.025666666666666667 0.01825
4 0.44416666666666665 0.492625 0.030666666666666665 0.02075
0 0.5498333333333333 0.3035 0.032 0.02025
1 0.9715 0.279875 0.029 0.01575
0 0.5491666666666667 0.350125 0.030333333333333334 0.02275
0 0.3655 0.870875 0.031 0.0235
4 0.5475 0.423875 0.029 0.02
1 0.4 0.232625 0.06666666666666667 0.02725
2 0.161 0.435625 0.04733333333333333 0.0335
1 0.3313333333333333 0.316375 0.030333333333333334 0.028
1 0.9891666666666666 0.39825 0.021666666666666667 0.034
0 0.3505 0.416625 0.027333333333333334 0.0215
0 0.686 0.621875 0.025333333333333333 0.0195
0 0.5036666666666667 0.644375 0.024333333333333332 0.01425
0 0.9328333333333333 0.439625 0.03166666666666667 0.02
0 0.4965 0.7715 0.018 0.02025
1 0.454 0.39275 0.03133333333333333 0.0255
2 0.12866666666666668 0.513625 0.036 0.02775
1 0.194 0.50875 0.027333333333333334 0.02325
0 0.03666666666666667 0.534125 0.03 0.02
1 0.12083333333333333 0.55925 0.034 0.03525
1 0.7755 0.41275 0.034 0.02825
2 0.25233333333333335 0.393 0.028666666666666667 0.024
2 0.14833333333333334 0.4635 0.023 0.02275
2 0.5805 0.281625 0.04633333333333333 0.03075
2 0.7253333333333334 0.650375 0.036333333333333336 0.01925
1 0.45816666666666667 0.322125 0.035666666666666666 0.028
4 0.977 0.325125 0.037333333333333336 0.037
0 0.389 0.669875 0.018666666666666668 0.01375
0 0.6515 0.556625 0.03133333333333333 0.02225
0 0.4635 0.672625 0.018666666666666668 0.01425
4 0.6085 0.52775 0.04533333333333334 0.021
0 0.5445 0.522875 0.03133333333333333 0.02075
1 0.47733333333333333 0.422375 0.035 0.02025
0 0.5481666666666667 0.474625 0.035666666666666666 0.02325
1 0.8221666666666667 0.53425 0.027666666666666666 0.023
0 0.5358333333333334 0.73675 0.02266666666666667 0.02075
0 0.41133333333333333 0.838125 0.022 0.01475
1 0.20233333333333334 0.455875 0.034666666666666665 0.02325
2 0.9501666666666667 0.528125 0.038 0.03225
4 0.08583333333333333 0.477375 0.03866666666666667 0.02675
1 0.9568333333333333 0.243125 0.030666666666666665 0.026
0 0.096 0.653625 0.02033333333333333 0.01525
2 0.24266666666666667 0.437375 0.023666666666666666 0.0275
1 0.39966666666666667 0.5715 0.03233333333333333 0.037
1 0.412 0.466125 0.028333333333333332 0.02475
0 0.417 0.704375 0.02266666666666667 0.01675
1 0.43833333333333335 0.544375 0.025666666666666667 0.02025
2 0.7135 0.408375 0.030666666666666665 0.0265
2 0.06266666666666666 0.57475 0.028666666666666667 0.0405
1 0.30133333333333334 0.48675 0.056666666666666664 0.02775
0 0.3858333333333333 0.39675 0.028666666666666667 0.01925
2 0.41433333333333333 0.767125 0.022333333333333334 0.02125
2 0.8116666666666666 0.781375 0.023 0.02075
2 0.4181666666666667 0.374625 0.028333333333333332 0.0225
0 0.6153333333333333 0.740375 0.018333333333333333 0.0145
2 0.273 0.414875 0.03966666666666667 0.02125
0 0.6523333333333333 0.711125 0.023 0.0165
0 0.6888333333333333 0.68075 0.017333333333333333 0.01175
2 0.41583333333333333 0.420125 0.027333333333333334 0.0265
0 0.5741666666666667 0.842125 0.022 0.0175
1 0.5731666666666667 0.500125 0.043666666666666666 0.02625
0 0.17383333333333334 0.76125 0.024 0.02025
4 0.8406666666666667 0.686625 0.024666666666666667 0.01925
1 0.5443333333333333 0.577625 0.026 0.0235
1 0.5781666666666667 0.23975 0.078 0.0315
4 0.7618333333333334 0.531125 0.06666666666666667 0.03175
0 0.6958333333333333 0.8105 0.03933333333333333 0.01825
1 0.5166666666666667 0.321625 0.027333333333333334 0.0145
0 0.576 0.77225 0.017666666666666667 0.01525
2 0.3725 0.489375 0.03133333333333333 0.025
1 0.43816666666666665 0.43925 0.050333333333333334 0.027
0 0.6136666666666667 0.80975 0.023333333333333334 0.02225
1 0.8411666666666666 0.23325 0.021333333333333333 0.01725
0 0.8136666666666666 0.436 0.030333333333333334 0.01975
1 0.2901666666666667 0.36775 0.043333333333333335 0.0305
1 0.3875 0.454875 0.03266666666666666 0.02
0 0.5416666666666666 0.615125 0.02033333333333333 0.014
0 0.9406666666666667 0.727625 0.023333333333333334 0.01575
4 0.5823333333333334 0.4495 0.03266666666666666 0.02525
0 0.49116666666666664 0.8395 0.02666666666666667 0.01775
0 0.8113333333333334 0.386125 0.04933333333333333 0.03525
0 0.6911666666666667 0.744375 0.026333333333333334 0.0155
4 0.7626666666666667 0.210875 0.049666666666666665 0.035
0 0.009666666666666667 0.35575 0.019333333333333334 0.0155
2 0.057666666666666665 0.67625 0.025333333333333333 0.02
0 0.043666666666666666 0.72625 0.02666666666666667 0.01875
0 0.01633333333333333 0.8175 0.025666666666666667 0.023
1 0.009333333333333334 0.452375 0.018666666666666668 0.016
0 0.5003333333333333 0.221625 0.027333333333333334 0.01375
1 0.20216666666666666 0.63575 0.03166666666666667 0.02825
0 0.18766666666666668 0.697875 0.039 0.016
2 0.256 0.764125 0.034 0.0245
0 0.12783333333333333 0.795625 0.026 0.01775
0 0.19516666666666665 0.8695 0.023333333333333334 0.0145
0 0.37933333333333336 0.73175 0.022 0.01675
1 0.6146666666666667 0.615875 0.028333333333333332 0.01775
0 0.9156666666666666 0.8195 0.028 0.0195
0 0.372 0.80225 0.028666666666666667 0.01925
0 0.5346666666666666 0.80675 0.017 0.0215
0 0.6145 0.881 0.024333333333333332 0.0215
0 0.738 0.849125 0.029333333333333333 0.01975
0 0.7741666666666667 0.8145 0.025333333333333333 0.02225
0 0.8165 0.84875 0.025 0.0185
0 0.9766666666666667 0.6145 0.035 0.033
4 0.8835 0.58125 0.021333333333333333 0.02675
2 0.561 0.26375 0.03866666666666667 0.02175
1 0.425 0.340125 0.023666666666666666 0.01825
0 0.5133333333333333 0.3065 0.014333333333333333 0.01025
0 0.21233333333333335 0.412625 0.028333333333333332 0.018
0 0.25166666666666665 0.564125 0.030333333333333334 0.02625
3 0.29233333333333333 0.55175 0.056 0.0395
3 0.4895 0.576625 0.057 0.04075
1 0.47333333333333333 0.521875 0.03666666666666667 0.026
0 0.519 0.401 0.026333333333333334 0.02125
4 0.5808333333333333 0.552 0.029 0.0245
4 0.7908333333333334 0.5605 0.042 0.026
0 0.6568333333333334 0.775125 0.018333333333333333 0.01275
0 0.7101666666666666 0.53675 0.019 0.012
1 0.3205 0.6135 0.04033333333333333 0.0315