1 0.7205 0.304 0.09 0.0405
1 0.39066666666666666 0.053875 0.08666666666666667 0.07175
1 0.6075 0.37275 0.11066666666666666 0.04875
1 0.8108333333333333 0.373375 0.10433333333333333 0.06275
4 0.4166666666666667 0.46125 0.10066666666666667 0.05475
0 0.7816666666666666 0.548625 0.06466666666666666 0.02525
1 0.6131666666666666 0.055875 0.08966666666666667 0.07725
2 0.49916666666666665 0.29175 0.117 0.0625
0 0.6055 0.45625 0.068 0.031
2 0.2708333333333333 0.137375 0.11233333333333333 0.087
2 0.267 0.632625 0.05466666666666667 0.03825
1 0.09983333333333333 0.28725 0.12 0.0685
2 0.6906666666666667 0.59325 0.050666666666666665 0.035
1 0.75 0.703875 0.059 0.02875
1 0.837 0.217375 0.12033333333333333 0.07625
1 0.6945 0.499375 0.073 0.02975
2 0.8885 0.508875 0.07033333333333333 0.045
1 0.052333333333333336 0.129375 0.10466666666666667 0.08325
1 0.8508333333333333 0.044 0.17566666666666667 0.088
2 0.606 0.21275 0.16033333333333333 0.112
1 0.29783333333333334 0.30425 0.07766666666666666 0.067
1 0.4161666666666667 0.37125 0.071 0.051
0 0.988 0.45175 0.024 0.021
2 0.17216666666666666 0.40075 0.14733333333333334 0.048
1 0.06533333333333333 0.552125 0.082 0.03725
4 0.32916666666666666 0.50375 0.071 0.032
1 0.415 0.5555 0.08533333333333333 0.0395
1 0.6035 0.55075 0.07933333333333334 0.03525
1 0.8628333333333333 0.593 0.06633333333333333 0.04075
2 0.9206666666666666 0.70375 0.065 0.0265
0 0.7433333333333333 0.770375 0.06566666666666666 0.03325
1 0.5953333333333334 0.702 0.074 0.032
2 0.44033333333333335 0.637125 0.08133333333333333 0.03925
2 0.36083333333333334 0.73875 0.07333333333333333 0.033
0 0.13366666666666666 0.709625 0.07 0.0325