1 0.19308 0.1934625 0.06434999999999999 0.05325
4 0.6647766666666667 0.4424375 0.08279999999999996 0.10277250000000003
4 0.10666666666666667 0.018365 0.09651333333333333 0.036727499999999996
1 0.9308133333333334 0.42497 0.03838000000000011 0.04850499999999999
4 0.1430266666666667 0.27073250000000004 0.15150333333333335 0.16546000000000002
0 0.06541333333333334 0.30763999999999997 0.025533333333333342 0.020565000000000055
0 0.12994666666666665 0.37341250000000004 0.14031999999999997 0.09915750000000002
5 0.08050333333333333 0.48213 0.16100333333333333 0.13335999999999995
0 0.045393333333333334 0.425865 0.02765666666666667 0.016269999999999982
0 0.13304 0.4878725 0.03121666666666666 0.016327499999999988
0 0.10182 0.49944 0.04104666666666666 0.016157500000000026
0 0.025473333333333334 0.51015 0.05094666666666667 0.04209500000000003
0 0.06299333333333335 0.528965 0.045916666666666675 0.021269999999999983
4 0.16430999999999998 0.5449225 0.06716333333333331 0.043329999999999924
4 0.21736666666666668 0.5969125000000001 0.13680333333333336 0.1070625
1 0.30272 0.56935 0.0679666666666667 0.028232500000000074
5 0.24871666666666667 0.653555 0.12599666666666667 0.11091000000000008
0 0.23598666666666668 0.64966 0.04838333333333336 0.035877500000000055
0 0.20091 0.6968949999999999 0.01733 0.013345000000000027
4 0.25969000000000003 0.933065 0.13543 0.04654500000000007
4 0.3184866666666667 0.7894975 0.15357333333333337 0.1612249999999999
5 0.41794666666666663 0.7557775 0.16627333333333336 0.10512249999999995
0 0.4103766666666667 0.7432075 0.015316666666666605 0.010940000000000054
0 0.45655 0.784175 0.04914333333333328 0.025862499999999955
0 0.4526 0.803365 0.03966666666666667 0.02044250000000011
0 0.5030666666666667 0.69813 0.02169999999999997 0.0098900000000001
2 0.5251366666666667 0.752495 0.05680333333333328 0.03540499999999997
0 0.65197 0.69925 0.022260000000000068 0.010494999999999892
0 0.6689533333333333 0.6940625 0.012980000000000018 0.01016249999999991
0 0.60605 0.679385 0.03355000000000003 0.02123000000000002
2 0.5767566666666667 0.6705375 0.07395333333333337 0.023625
4 0.5262566666666667 0.639835 0.09272666666666661 0.0665374999999999
4 0.5748933333333334 0.64698 0.03010000000000006 0.020694999999999936
0 0.5960333333333333 0.60824 0.022829999999999927 0.034555000000000065
5 0.7996966666666667 0.726505 0.10029999999999988 0.08225250000000005
2 0.8350666666666666 0.708855 0.018873333333333298 0.01100999999999999
2 0.8206700000000001 0.7308125 0.020753333333333405 0.011522500000000036
2 0.8485566666666667 0.7378325 0.033176666666666584 0.022242500000000064
0 0.8350666666666666 0.72266 0.007963333333333442 0.007712500000000091
5 0.94318 0.721765 0.04335000000000006 0.05977999999999997
0 0.9420566666666667 0.7342525000000001 0.014266666666666728 0.012039999999999964
0 0.94342 0.7443275 0.00785000000000006 0.006480000000000018
4 0.9694066666666666 0.7093575 0.03070666666666663 0.03496000000000004
4 0.28798333333333337 0.29847250000000003 0.17969666666666673 0.27768500000000007
4 0.3416766666666667 0.428125 0.09257666666666667 0.06672500000000002
5 0.3995633333333333 0.3119225 0.13204666666666662 0.19510749999999996
2 0.42475999999999997 0.363375 0.038043333333333366 0.05948000000000002
0 0.38259333333333334 0.3452075 0.01505666666666669 0.013774999999999976
0 0.37906333333333336 0.368135 0.01649333333333334 0.015120000000000005
0 0.39022333333333337 0.2807 0.035859999999999975 0.08152750000000003
4 0.49940333333333337 0.3621975 0.20370333333333338 0.203255
0 0.39697333333333334 0.4265 0.026079999999999926 0.039167500000000015
0 0.7190833333333333 0.35829500000000003 0.022590000000000145 0.021047500000000014
4 0.6319133333333334 0.3484675 0.17152666666666672 0.12575999999999998
5 0.47894 0.466935 0.21854333333333337 0.11608000000000004
0 0.4639466666666666 0.5135 0.03326333333333332 0.019045000000000017
0 0.4139 0.5141325000000001 0.023923333333333328 0.009464999999999975
5 0.5602133333333333 0.51778 0.12649333333333335 0.036430000000000004
0 0.6103166666666667 0.517655 0.023996666666666593 0.012412499999999965
0 0.601 0.5270475 0.010059999999999946 0.006537499999999909
0 0.6131566666666667 0.5330925 0.019260000000000065 0.011582499999999982
0 0.62584 0.52599 0.012683333333333394 0.018512500000000046
0 0.47728666666666664 0.531395 0.06560666666666672 0.01581750000000011
0 0.48527 0.522445 0.018633333333333363 0.005549999999999954
0 0.49803333333333333 0.5271699999999999 0.016283333333333302 0.006192500000000109
0 0.46730333333333335 0.5245299999999999 0.021373333333333296 0.006132499999999937
0 0.33764 0.54302 0.02344666666666664 0.01352500000000009
2 0.3585433333333334 0.5692849999999999 0.04662000000000004 0.01849499999999989
0 0.42775 0.6073925 0.02798666666666668 0.013684999999999945
0 0.4635466666666667 0.60333 0.01785000000000006 0.010545000000000073
0 0.44822 0.6424825 0.026266666666666726 0.014867500000000063
0 0.4969166666666667 0.6059275000000001 0.015226666666666612 0.01075
0 0.46914333333333336 0.6161675 0.02348666666666668 0.03064499999999998
0 0.48488000000000003 0.62129 0.024896666666666685 0.02180749999999989
0 0.44221333333333335 0.64646 0.01816333333333326 0.007852499999999964
5 0.45266333333333336 0.6245425 0.11203000000000005 0.052387500000000045
4 0.4112733333333333 0.61054 0.17968333333333328 0.10245749999999998
4 0.6943166666666666 0.48972000000000004 0.04005333333333329 0.03415499999999997
1 0.8007 0.2954575 0.021146666666666532 0.018002500000000053
5 0.7596966666666667 0.39546749999999997 0.13509666666666664 0.15412750000000006
2 0.8135466666666666 0.33949 0.01975666666666681 0.013017500000000041
1 0.8146733333333334 0.35524 0.02000666666666681 0.02013499999999999
0 0.7635933333333333 0.35340499999999997 0.043390000000000026 0.06804499999999995
1 0.7323633333333334 0.4278575 0.028946666666666714 0.02
1 0.7445533333333333 0.44181 0.03832666666666652 0.020240000000000008
0 0.7327366666666667 0.4612325 0.01569333333333331 0.010317499999999995
0 0.77791 0.4725025 0.06852666666666664 0.028639999999999985
0 0.83718 0.4604325 0.017506666666666813 0.01716250000000002
0 0.8582833333333333 0.51144 0.01719333333333331 0.01225750000000005
0 0.8506566666666666 0.4014525 0.01744333333333331 0.01174249999999995
0 0.8483099999999999 0.4130125 0.012253333333333406 0.00875
0 0.87088 0.37490249999999997 0.013630000000000109 0.03742250000000001
0 0.9098033333333333 0.3870225 0.010816666666666606 0.02930499999999995
2 0.8248033333333333 0.40714 0.044766666666666725 0.036712499999999974
2 0.8779466666666668 0.4607375 0.043516666666666724 0.03042750000000001
1 0.7297033333333334 0.5067325 0.02888666666666662 0.029572500000000047
4 0.8244266666666668 0.5181699999999999 0.06452333333333324 0.07495749999999998
1 0.9353866666666666 0.38940499999999995 0.031273333333333236 0.023552500000000007
0 0.9552333333333333 0.37445249999999997 0.01720666666666663 0.02722000000000003
0 0.9379633333333333 0.34883 0.011729999999999867 0.04051750000000004
0 0.9552566666666666 0.3227425 0.015093333333333249 0.01242999999999995
0 0.9715566666666667 0.3260575 0.021303333333333285 0.016147500000000037
0 0.9949866666666667 0.30767500000000003 0.010026666666666642 0.005582499999999982
5 0.9721299999999999 0.31927999999999995 0.05574000000000009 0.04108249999999998
1 0.9297466666666666 0.328125 0.02945666666666663 0.025460000000000035
1 0.9813466666666667 0.2670675 0.01638666666666662 0.014610000000000014
1 0.9947699999999999 0.27191750000000003 0.01045666666666663 0.024307500000000006
2 0.9233 0.300485 0.03415666666666675 0.03648249999999996
0 0.8835366666666667 0.31418250000000003 0.024840000000000147 0.023769999999999982
4 0.9012600000000001 0.3281325 0.022166666666666668 0.07011000000000002
5 0.8844433333333334 0.3282 0.06063666666666662 0.06528250000000002
5 0.6831666666666667 0.59438 0.20028000000000004 0.11588750000000005
2 0.6617866666666666 0.571155 0.07282333333333327 0.060777499999999915
0 0.6907166666666666 0.558585 0.020233333333333273 0.012757499999999936
1 0.7174033333333334 0.5598825000000001 0.028256666666666812 0.0239849999999999
0 0.7530033333333334 0.5623724999999999 0.05438666666666662 0.023882499999999935
0 0.7385766666666667 0.5876950000000001 0.03502333333333324 0.035132499999999935
0 0.6984600000000001 0.5870700000000001 0.021490000000000085 0.02132249999999999
0 0.7325266666666667 0.6455075 0.010920000000000072 0.011567500000000109
0 0.7229666666666666 0.6474425 0.01601333333333332 0.009160000000000081
2 0.7453633333333334 0.6245425 0.01894333333333331 0.012285000000000082
0 0.7451366666666667 0.64415 0.011859999999999976 0.0120775000000001
2 0.76087 0.6335850000000001 0.028536666666666557 0.02169749999999999
4 0.7755366666666668 0.60089 0.034083333333333334 0.04634750000000008
5 0.9337933333333334 0.6369925 0.13241333333333327 0.0820625
2 0.9214066666666666 0.6269825 0.023060000000000098 0.014045000000000073
0 0.9198133333333334 0.65343 0.010303333333333284 0.006137500000000046
0 0.9400233333333334 0.6543175 0.009693333333333309 0.007732500000000073
2 0.9455733333333333 0.6626475000000001 0.019670000000000073 0.010170000000000073
0 0.9650333333333333 0.67206 0.010256666666666811 0.00932249999999999
0 0.99522 0.652765 0.009560000000000096 0.007117500000000064
4 0.9872533333333334 0.6515575 0.01104333333333337 0.012035000000000082
4 0.9791666666666666 0.627125 0.041666666666666664 0.05025
0 0.9563333333333334 0.618195 0.045793333333333366 0.0259375
1 0.9563766666666667 0.6022725 0.035170000000000076 0.014497499999999946
1 0.9363066666666667 0.5939099999999999 0.054566666666666604 0.03655250000000001
2 0.9872 0.58353 0.018573333333333417 0.010112499999999955
1 0.8807666666666667 0.5983474999999999 0.04478666666666656 0.01800999999999999
5 0.8666566666666666 0.6087 0.12110999999999998 0.04707249999999999
1 0.8723833333333334 0.557575 0.02269333333333331 0.0163275000000001
1 0.9436066666666667 0.5617625 0.01867333333333348 0.020819999999999936
0 0.9598866666666667 0.5707825000000001 0.012376666666666702 0.0067425000000000635
1 0.9714266666666668 0.5585275000000001 0.025506666666666813 0.015769999999999982
1 0.9268733333333333 0.47611749999999997 0.14090333333333335 0.14450999999999994
0 0.87836 0.527285 0.015383333333333212 0.008572499999999992
0 0.9381 0.52898 0.014333333333333333 0.008434999999999946
0 0.9759433333333333 0.532455 0.012196666666666715 0.0099525000000001
0 0.8782866666666667 0.5310725 0.019509999999999916 0.0033875000000000454
4 0.9367433333333334 0.50238 0.10601333333333332 0.050787499999999965
0 0.9859666666666667 0.4623125 0.01625 0.014087499999999977
0 0.012669999999999999 0.5382175 0.025339999999999998 0.014372499999999946