4 0.5868333333333333 0.130125 0.06666666666666667 0.0545
3 0.12216666666666667 0.484 0.07833333333333334 0.05725
1 0.30816666666666664 0.191375 0.11133333333333334 0.06775
0 0.7198333333333333 0.580125 0.10533333333333333 0.06075
4 0.048 0.116625 0.09566666666666666 0.0585
0 0.605 0.32575 0.114 0.04875
3 0.33566666666666667 0.295125 0.08933333333333333 0.058
0 0.22516666666666665 0.5 0.065 0.04525
1 0.49516666666666664 0.58625 0.10266666666666667 0.07825
1 0.47433333333333333 0.403375 0.11333333333333333 0.0555
0 0.8616666666666667 0.7315 0.063 0.0345
0 0.23916666666666667 0.58025 0.052333333333333336 0.04675
1 0.048666666666666664 0.416875 0.09733333333333333 0.10375
1 0.12533333333333332 0.18975 0.07933333333333334 0.05725
4 0.254 0.405125 0.07133333333333333 0.0535
0 0.7343333333333333 0.07025 0.03833333333333333 0.0435
1 0.37216666666666665 0.66175 0.17166666666666666 0.05825
3 0.8406666666666667 0.87375 0.09666666666666666 0.07725
1 0.33916666666666667 0.733875 0.09433333333333334 0.06825
1 0.361 0.84725 0.08566666666666667 0.05825
1 0.4776666666666667 0.758125 0.07666666666666666 0.0545
0 0.24866666666666667 0.061 0.083 0.0345
1 0.7105 0.7575 0.13266666666666665 0.08075
1 0.025833333333333333 0.570875 0.051666666666666666 0.0455
0 0.4781666666666667 0.2965 0.089 0.03125
1 0.10866666666666666 0.842375 0.09 0.0595
1 0.6098333333333333 0.84475 0.087 0.06525
0 0.229 0.69825 0.11766666666666667 0.06675
0 0.021166666666666667 0.753125 0.042333333333333334 0.04325
0 0.374 0.488625 0.096 0.06925
0 0.5823333333333334 0.495 0.10333333333333333 0.07475
5 0.8326666666666667 0.28825 0.304 0.23775
1 0.7573333333333333 0.216375 0.08566666666666667 0.062
1 0.8108333333333333 0.276625 0.07933333333333334 0.0545
0 0.9143333333333333 0.2315 0.065 0.05475
0 0.8841666666666667 0.3445 0.048 0.0535
0 0.497 0.201875 0.10633333333333334 0.06125
0 0.5011666666666666 0.063875 0.10766666666666666 0.071
0 0.0435 0.11475 0.087 0.05275