4 0.2395 0.1365 0.11533333333333333 0.07075
3 0.4613333333333333 0.72225 0.131 0.0985
1 0.4013333333333333 0.23675 0.10333333333333333 0.07725
2 0.6393333333333333 0.559625 0.07566666666666666 0.06525
1 0.7311666666666666 0.495375 0.07 0.06125
1 0.8191666666666667 0.2965 0.081 0.0685
0 0.6513333333333333 0.310875 0.07166666666666667 0.04675
1 0.21166666666666667 0.478625 0.082 0.06
1 0.2935 0.549625 0.06333333333333334 0.05375
1 0.885 0.377 0.08666666666666667 0.0495
0 0.22916666666666666 0.231125 0.09533333333333334 0.05825
1 0.6683333333333333 0.469 0.08 0.04625
1 0.5008333333333334 0.0895 0.071 0.07525
1 0.8936666666666667 0.640375 0.08933333333333333 0.0605
2 0.4 0.148 0.07666666666666666 0.0645
1 0.895 0.500125 0.088 0.055
1 0.3685 0.7565 0.07333333333333333 0.06575
0 0.9765 0.316375 0.047 0.05625
0 0.5668333333333333 0.369 0.063 0.05
2 0.30416666666666664 0.425875 0.061 0.06625
1 0.0545 0.754125 0.07266666666666667 0.0805
2 0.727 0.248875 0.065 0.057
1 0.7378333333333333 0.631625 0.08833333333333333 0.03625
2 0.9528333333333333 0.556125 0.09433333333333334 0.07175
2 0.6606666666666666 0.69775 0.06766666666666667 0.08675
2 0.1045 0.23375 0.12 0.05925
0 0.22216666666666668 0.36225 0.06866666666666667 0.0455
4 0.8153333333333334 0.565 0.069 0.0495
1 0.24333333333333335 0.019625 0.04833333333333333 0.03925
1 0.3755 0.622875 0.06 0.03975
2 0.10433333333333333 0.42375 0.102 0.086
1 0.085 0.331875 0.06566666666666666 0.0535
1 0.7968333333333333 0.425625 0.12766666666666668 0.07
1 0.7373333333333333 0.1505 0.059333333333333335 0.05075
1 0.5543333333333333 0.886375 0.09066666666666667 0.07625
1 0.463 0.55475 0.12866666666666668 0.0735
2 0.7286666666666667 0.372375 0.06366666666666666 0.06625
1 0.8136666666666666 0.700875 0.063 0.04625
1 0.9638333333333333 0.09675 0.06966666666666667 0.0385
3 0.9363333333333334 0.780375 0.12733333333333333 0.10075
1 0.4136666666666667 0.024125 0.071 0.04825
1 0.19883333333333333 0.755125 0.078 0.04725
0 0.57 0.02575 0.051 0.0325
2 0.08583333333333333 0.498375 0.04933333333333333 0.0575
1 0.5648333333333333 0.235375 0.096 0.05425
1 0.213 0.616625 0.06166666666666667 0.05975
2 0.315 0.30575 0.06633333333333333 0.06275
0 0.034 0.98675 0.049666666666666665 0.0265
0 0.9545 0.053375 0.038 0.0305
1 0.2775 0.938 0.059 0.0655
0 0.09683333333333333 0.04325 0.04033333333333333 0.048
1 0.818 0.1025 0.08333333333333333 0.07525
2 0.06016666666666667 0.631375 0.08033333333333334 0.067
0 0.5258333333333334 0.4435 0.07466666666666667 0.0395
1 0.7265 0.773 0.072 0.0885
0 0.9823333333333333 0.945375 0.035333333333333335 0.028
2 0.37483333333333335 0.365625 0.09433333333333334 0.0505