5 0.8487933333333334 0.2546575 0.2203033333333333 0.13551749999999999
4 0.7203333333333334 0.734625 0.135 0.066
4 0.092 0.2698025 0.184 0.10860000000000002
1 0.2555 0.23575 0.042333333333333334 0.0305
0 0.5414166666666667 0.37069 0.035833333333333335 0.02136749999999995
1 0.5213333333333333 0.109875 0.057 0.036
2 0.9467366666666667 0.049819999999999996 0.10652666666666664 0.0872475
1 0.7685 0.029375 0.041666666666666664 0.03425
4 0.7606 0.145095 0.19714999999999994 0.101245
1 0.976 0.323 0.048 0.074
0 0.24805999999999997 0.1799675 0.02079333333333337 0.022185000000000003
0 0.673 0.692125 0.034666666666666665 0.027
0 0.50693 0.7262675000000001 0.05483999999999999 0.031029999999999974
1 0.20233333333333334 0.53225 0.035 0.02425
2 0.33196000000000003 0.86178 0.040000000000000036 0.03025
4 0.7999400000000001 0.6942975 0.04133333333333333 0.029434999999999944
1 0.45636666666666664 0.2422725 0.06856333333333335 0.02595749999999998
2 0.39716666666666667 0.5077525 0.077 0.07074750000000006
0 0.18669666666666668 0.60358 0.023593333333333324 0.0164849999999999
0 0.5468333333333333 0.50075 0.024666666666666667 0.02775
2 0.7707866666666667 0.8079475 0.08647666666666676 0.037960000000000035
1 0.9755 0.174875 0.048666666666666664 0.0335
0 0.6992266666666667 0.3177275 0.02415666666666675 0.018512500000000046
2 0.48904 0.8273375 0.08445666666666662 0.0513275000000001
1 0.9887466666666666 0.568 0.022506666666666814 0.018
0 0.5988333333333333 0.4 0.042 0.02875
0 0.30883333333333335 0.301 0.08133333333333333 0.04025
0 0.8047633333333333 0.8371775 0.02983666666666674 0.02018249999999989
4 0.8431133333333334 0.5285075 0.13103000000000004 0.09636750000000006
4 0.5733333333333334 0.6945325 0.042643333333333276 0.027292500000000018
1 0.7126666666666667 0.06325 0.046 0.0395
0 0.493 0.7604225 0.04933333333333333 0.02625
1 0.882 0.157625 0.022333333333333334 0.02275
4 0.14173 0.454095 0.16069333333333335 0.11671749999999997
1 0.17384333333333332 0.16738 0.03949333333333334 0.032079999999999984
1 0.48783 0.17317 0.02973666666666668 0.022292500000000017
0 0.016003333333333335 0.67518 0.02872 0.030670000000000072
0 0.014666666666666666 0.589875 0.029333333333333333 0.0365
0 0.36121000000000003 0.590865 0.03637999999999996 0.0158900000000001
1 0.8601933333333333 0.613015 0.03684000000000014 0.02532999999999993
0 0.4821666666666667 0.3763775 0.025660000000000006 0.028997499999999947
0 0.17797333333333332 0.086025 0.04359666666666665 0.014669999999999987
2 0.8252766666666667 0.275745 0.051853333333333466 0.029004999999999996
1 0.3025 0.3865 0.051 0.0455
1 0.7695466666666666 0.35545499999999997 0.054626666666666705 0.053720000000000025
2 0.47233 0.4261775 0.05267666666666673 0.028620000000000003
1 0.039586666666666666 0.6253075 0.02200333333333334 0.015309999999999945
0 0.14218666666666666 0.1441325 0.021593333333333325 0.014827499999999987
0 0.18411333333333335 0.2100725 0.022156666666666675 0.011252499999999997
0 0.019553333333333332 0.2141275 0.018893333333333335 0.0126875
0 0.20794666666666667 0.2787575 0.031230000000000018 0.014842499999999972
4 0.03417 0.352265 0.06834 0.10396249999999997
4 0.20706666666666668 0.3556125 0.16135999999999998 0.09836749999999995
5 0.09152 0.5287675000000001 0.18303666666666668 0.14577749999999998
0 0.04531333333333333 0.5082975000000001 0.060483333333333326 0.03465499999999997
0 0.026276666666666667 0.5304575 0.014873333333333336 0.00936999999999989
0 0.0471 0.5335075 0.020426666666666662 0.01041249999999991
0 0.10787999999999999 0.5322425 0.018639999999999986 0.006394999999999981
2 0.11809333333333333 0.56898 0.028360000000000014 0.02186500000000001
0 0.14903 0.570765 0.033116666666666676 0.024242500000000063
0 0.13505 0.58772 0.030143333333333355 0.013237499999999954
0 0.13194666666666666 0.6085975 0.03622666666666665 0.01609249999999997
0 0.09216666666666666 0.632475 0.021596666666666663 0.016615000000000008
0 0.11285666666666666 0.6173225 0.022013333333333322 0.012852499999999963
1 0.10343333333333334 0.624535 0.09053333333333334 0.06186249999999995
0 0.19566333333333333 0.6976 0.014289999999999964 0.014565000000000055
0 0.05805666666666666 0.8046449999999999 0.022866666666666657 0.013487499999999954
0 0.018093333333333333 0.84702 0.032189999999999996 0.01731750000000011
2 0.15529666666666667 0.8454375 0.019313333333333352 0.0228125
0 0.2761766666666667 0.844465 0.016626666666666703 0.012777499999999917
0 0.39923000000000003 0.8567025 0.024629999999999957 0.018164999999999962
0 0.43125 0.865555 0.03160999999999998 0.019549999999999953
2 0.5450666666666667 0.7993574999999999 0.13198333333333329 0.08266750000000002
2 0.6266566666666666 0.751405 0.11781999999999994 0.0532650000000001
2 0.5353166666666667 0.759795 0.022579999999999927 0.01647250000000008
2 0.49381 0.68656 0.050613333333333385 0.022017499999999926
0 0.6514833333333333 0.80745 0.03012999999999996 0.012167500000000019
0 0.7187 0.8334525 0.0235633333333332 0.01463000000000011
5 0.9261366666666666 0.7264725 0.07455333333333329 0.0782249999999999
2 0.8594066666666667 0.7427699999999999 0.06392999999999999 0.045339999999999915
4 0.7989499999999999 0.75559 0.03650333333333341 0.028102499999999964
0 0.9227566666666667 0.6586775 0.022213333333333442 0.0341875
4 0.9282633333333333 0.5414874999999999 0.08189333333333343 0.06576749999999998
1 0.9680766666666667 0.4567675 0.06384666666666665 0.09060749999999997
2 0.8602333333333333 0.46733749999999996 0.03908666666666674 0.03144500000000005
2 0.7760233333333334 0.49523 0.02605666666666669 0.016877500000000056
1 0.7615733333333332 0.42478750000000004 0.05069333333333331 0.054720000000000026
5 0.6731733333333333 0.5543075 0.21786999999999998 0.10338499999999999
0 0.7708566666666667 0.50763 0.014723333333333357 0.009242500000000008
0 0.7719766666666666 0.533975 0.013443333333333309 0.010082499999999982
4 0.7503733333333333 0.55564 0.03008666666666674 0.024845000000000027
2 0.6527566666666667 0.5432175 0.03744666666666672 0.01680250000000001
2 0.61083 0.56086 0.061129999999999955 0.023045000000000072
0 0.5749033333333333 0.56278 0.015203333333333376 0.008882499999999936
0 0.62403 0.5890650000000001 0.015203333333333376 0.010802500000000008
0 0.677 0.5890650000000001 0.015843333333333324 0.009602499999999963
0 0.61275 0.5959675 0.01216333333333326 0.009962500000000091
0 0.6886833333333334 0.6437350000000001 0.023523333333333313 0.031085000000000036
0 0.7607766666666667 0.589425 0.043526666666666644 0.025924999999999955
2 0.6037433333333333 0.6295875 0.02826333333333332 0.011799999999999955
1 0.53991 0.5909 0.034806666666666694 0.025269999999999983
0 0.31811333333333336 0.7354725 0.027603333333333317 0.012817500000000108
0 0.33849 0.7243200000000001 0.027276666666666644 0.0163900000000001
0 0.3603633333333333 0.706115 0.015063333333333352 0.0087650000000001
0 0.3626366666666667 0.7086475 0.027660000000000007 0.015
0 0.40042333333333335 0.70329 0.02454333333333337 0.01811500000000001
0 0.4065933333333333 0.6781625 0.01792000000000007 0.012855000000000017
0 0.3886733333333333 0.688195 0.015323333333333267 0.012855000000000017
2 0.4308133333333333 0.69657 0.020646666666666685 0.01792000000000007
0 0.3741933333333333 0.6575650000000001 0.018570000000000014 0.015875
0 0.4124366666666667 0.6308775000000001 0.02077666666666664 0.02230250000000001
5 0.39430333333333334 0.6719299999999999 0.17441333333333336 0.11590750000000002
0 0.2721133333333333 0.626305 0.07625 0.16468250000000012
1 0.2504766666666666 0.5480375000000001 0.057 0.04221749999999997
2 0.40978 0.5884299999999999 0.02604333333333337 0.012112499999999955
2 0.40229 0.59885 0.025023333333333387 0.011785000000000082
0 0.5017333333333334 0.5830275 0.022260000000000068 0.03164499999999998
0 0.5039166666666667 0.5460900000000001 0.02196999999999995 0.018660000000000083
1 0.47386999999999996 0.5446725 0.06489000000000003 0.04921250000000009
0 0.5549166666666666 0.46149 0.01508666666666674 0.007667500000000018
2 0.6283833333333334 0.4867625 0.1173766666666667 0.042639999999999983
0 0.6057233333333334 0.4651725 0.015583333333333333 0.012059999999999946
0 0.50535 0.4370725 0.02370666666666663 0.012059999999999946
0 0.6165 0.3782675 0.012929999999999988 0.014547500000000014
1 0.4968966666666667 0.4051825 0.036303333333333285 0.02138499999999999
4 0.48148 0.4712625 0.08669666666666671 0.06626750000000003
4 0.41500666666666663 0.4470825 0.06514666666666669 0.10866250000000002
0 0.2677966666666667 0.4466825 0.02776666666666665 0.013987499999999955
0 0.31061 0.44922500000000004 0.024373333333333372 0.01208000000000004
0 0.32544666666666666 0.4290375 0.02776666666666665 0.01875750000000005
0 0.26663 0.3923175 0.016106666666666644 0.02448000000000002
2 0.36105333333333334 0.4258575 0.0519266666666667 0.06104250000000002
2 0.5513699999999999 0.42356 0.0755666666666666 0.05165999999999997
5 0.40181333333333336 0.3535775 0.07439333333333328 0.08686249999999995
1 0.4147966666666667 0.3312975 0.03438333333333336 0.016914999999999965
0 0.43679333333333337 0.3335 0.00791333333333326 0.018127500000000053
0 0.42135 0.3678725 0.019403333333333345 0.008235000000000013
0 0.43637 0.36646749999999995 0.009446666666666716 0.01755250000000001
0 0.47130000000000005 0.2779375 0.019149999999999938 0.018032500000000028
0 0.46340333333333333 0.2594325 0.02571999999999995 0.010799999999999983
0 0.34004000000000006 0.2774125 0.03452666666666668 0.020549999999999954
0 0.29691333333333336 0.27447750000000004 0.05424000000000001 0.028727499999999965
1 0.5159066666666666 0.2679425 0.08111333333333338 0.10109249999999997
0 0.49831000000000003 0.2170225 0.029623333333333297 0.019235000000000013
0 0.33657333333333334 0.13276249999999998 0.045663333333333375 0.01027499999999999
2 0.38264000000000004 0.1465625 0.06178000000000005 0.026592499999999974
2 0.33308333333333334 0.15734 0.05748333333333331 0.03848000000000002
4 0.6784766666666667 0.4242625 0.12769333333333338 0.09508249999999999
4 0.6396366666666667 0.2826325 0.11169999999999997 0.06878499999999997
0 0.5978966666666666 0.2207575 0.023123333333333298 0.01851999999999998
1 0.6521766666666666 0.2141425 0.05448000000000002 0.034097500000000024
1 0.6080866666666667 0.1956975 0.03997666666666661 0.02807249999999999
1 0.5660966666666667 0.124325 0.027336666666666738 0.019532499999999998
0 0.66362 0.1123425 0.026966666666666698 0.021055000000000008
0 0.6670366666666666 0.081245 0.028626666666666703 0.01482249999999999
1 0.9835566666666667 0.08741249999999999 0.03288333333333321 0.030682500000000005
0 0.9802 0.10120749999999999 0.03960000000000006 0.016919999999999987
0 0.88809 0.2337225 0.033196666666666715 0.01799000000000001
0 0.8627066666666666 0.24520750000000002 0.02955666666666669 0.012370000000000004
0 0.84611 0.252435 0.030200000000000123 0.01750999999999999
2 0.8525166666666667 0.27910250000000003 0.017433333333333394 0.019677500000000007
4 0.73362 0.24399 0.08334666666666665 0.08322500000000002
0 0.8621966666666667 0.3196025 0.018893333333333432 0.013337499999999978
1 0.95857 0.27792500000000003 0.03635666666666657 0.014764999999999986
0 0.81379 0.36055750000000003 0.055320000000000015 0.07716250000000002