0 0.6675 0.93275 0.11633333333333333 0.06875
1 0.7896666666666666 0.109 0.14 0.08975
1 0.5616666666666666 0.07375 0.285 0.1475
0 0.3473333333333333 0.30475 0.072 0.0455
0 0.726 0.354375 0.09866666666666667 0.06925
2 0.9606666666666667 0.035625 0.078 0.07125
0 0.5086666666666667 0.60675 0.11733333333333333 0.0565
0 0.2745 0.072 0.08466666666666667 0.09375
1 0.8716666666666667 0.807125 0.08533333333333333 0.10275
0 0.47383333333333333 0.880375 0.06933333333333333 0.0605
0 0.8891666666666667 0.6625 0.06266666666666666 0.03575
0 0.5088333333333334 0.46225 0.11066666666666666 0.05