2 0.43833333333333335 0.1605 0.15766666666666668 0.0995
0 0.24033333333333334 0.152 0.074 0.05675
1 0.624 0.065 0.14533333333333334 0.13
1 0.912 0.478625 0.06933333333333333 0.05625
2 0.7176166666666667 0.91151 0.052273333333333234 0.028227499999999964
0 0.9829066666666666 0.3357675 0.0341866666666668 0.04685749999999996
0 0.7378866666666666 0.3604525 0.04386999999999989 0.02207000000000005
0 0.07183333333333333 0.183875 0.14333333333333334 0.092
0 0.43016666666666664 0.325875 0.09766666666666667 0.03725
4 0.27538999999999997 0.33972 0.29542666666666667 0.23366499999999996
1 0.5843933333333333 0.46305 0.08975333333333325 0.047860000000000014
4 0.20948000000000003 0.588005 0.2599866666666667 0.13949749999999994
0 0.23051333333333332 0.6834199999999999 0.08050666666666666 0.029630000000000108
2 0.09776666666666667 0.6819275 0.19553 0.06322250000000008
0 0.23653666666666667 0.69669 0.032220000000000026 0.009012500000000045
0 0.07045333333333334 0.468555 0.14090333333333335 0.05363499999999999
5 0.20720000000000005 0.5869525 0.4143966666666667 0.2784649999999999
0 0.16038 0.8290850000000001 0.07169333333333333 0.02363499999999999
0 0.21344666666666667 0.8220850000000001 0.03897333333333336 0.013164999999999963
0 0.21380999999999997 0.813195 0.034623333333333374 0.010862499999999954
2 0.7723833333333333 0.854485 0.043353333333333466 0.029059999999999947
2 0.8775433333333333 0.91614 0.07871333333333344 0.05424250000000006
0 0.7648866666666666 0.8941125 0.028216666666666546 0.0202650000000001
5 0.7137966666666666 0.8885449999999999 0.3145899999999999 0.18673
5 0.90051 0.6938925 0.19897999999999988 0.1206724999999999
1 0.9646666666666667 0.66125 0.07066666666666667 0.0345
0 0.9746866666666667 0.7290025000000001 0.027579999999999927 0.018642499999999926
0 0.8134166666666667 0.60415 0.0336266666666667 0.021497499999999944
1 0.7254466666666667 0.5826675 0.16818 0.051585000000000034
5 0.6735233333333334 0.6115925 0.44637666666666675 0.12869000000000005
1 0.937 0.5715 0.126 0.106
0 0.9837566666666666 0.5062625 0.032483333333333274 0.020649999999999977
0 0.5342033333333333 0.37239999999999995 0.04439999999999994 0.026779999999999974
0 0.5365866666666667 0.380435 0.06823000000000001 0.01192750000000001
0 0.8824633333333333 0.3587475 0.04765666666666675 0.028125
5 0.7340566666666667 0.2148225 0.5318833333333333 0.429645
4 0.74495 0.282835 0.38456333333333326 0.17799500000000001
0 0.9095433333333334 0.148835 0.056696666666666715 0.047102500000000005