1 0.22233333333333333 0.221125 0.06866666666666667 0.0465
1 0.9049233333333333 0.3479425 0.05358666666666674 0.03163499999999999
1 0.5166666666666667 0.456625 0.06433333333333334 0.04675
1 0.30916666666666665 0.22725 0.051666666666666666 0.03375
2 0.20666666666666667 0.932375 0.07866666666666666 0.08325
1 0.7131666666666666 0.354375 0.047 0.03125
2 0.27703666666666665 0.5309725 0.0805433333333333 0.05169250000000005
1 0.8546666666666667 0.46525 0.05466666666666667 0.0415
1 0.019833333333333335 0.5495 0.03966666666666667 0.0405
4 0.119 0.980875 0.22833333333333333 0.03825
1 0.4065 0.399 0.03133333333333333 0.03175
1 0.7686666666666667 0.326625 0.030666666666666665 0.01975
1 0.03820666666666667 0.3702225 0.07641333333333333 0.049052500000000006
0 0.9546066666666667 0.5001025 0.03146999999999995 0.020692499999999996
0 0.7363333333333333 0.388625 0.045 0.0245
4 0.0485 0.794875 0.097 0.138
0 0.9830399999999999 0.4684875 0.032253333333333405 0.01849249999999995
4 0.24516000000000002 0.3293475 0.28696000000000005 0.16
0 0.81644 0.36757999999999996 0.06 0.02575
4 0.8358333333333333 0.603125 0.158 0.12425
1 0.42159 0.9114800000000001 0.12882333333333343 0.17703999999999998
0 0.859 0.4261875 0.046549999999999876 0.01694749999999999
0 0.12359333333333332 0.2445975 0.047773333333333313 0.022387499999999987
0 0.7313333333333333 0.808875 0.04633333333333333 0.028
1 0.30583333333333335 0.624375 0.03666666666666667 0.0225
2 0.53143 0.32323250000000003 0.17573666666666668 0.09067999999999996
1 0.6505 0.983375 0.059 0.03275
0 0.1499066666666667 0.2145525 0.04477999999999999 0.02308499999999998
0 0.5424766666666667 0.388815 0.06637000000000004 0.03467999999999995
1 0.5662433333333333 0.3730725 0.09171999999999995 0.03762249999999995
0 0.6418699999999999 0.29383499999999996 0.12493666666666665 0.05435749999999996
4 0.9541666666666667 0.4245 0.09166666666666666 0.087
0 0.8163933333333333 0.43823 0.04624000000000009 0.015827499999999987
0 0.7942733333333334 0.4618825 0.06626666666666672 0.031352499999999964
0 0.8930433333333334 0.4833925 0.023983333333333273 0.01569749999999999
0 0.9111333333333334 0.497 0.039023333333333236 0.027192499999999994
0 0.9653233333333333 0.48255499999999996 0.06935333333333346 0.06955249999999995
1 0.84109 0.5177350000000001 0.18169666666666673 0.08152749999999997
1 0.9443133333333333 0.5846125 0.05956666666666661 0.044065000000000056
4 0.15675999999999998 0.4499925 0.12319999999999999 0.15271249999999997
4 0.014623333333333332 0.4923375 0.029243333333333333 0.08282750000000004
0 0.3273166666666667 0.4940075 0.04409333333333336 0.02857249999999999
0 0.35484 0.4958725 0.03913666666666665 0.024442499999999995
0 0.39061999999999997 0.4930375 0.041289999999999966 0.026202499999999986
2 0.32239 0.5412275 0.023156666666666676 0.03740000000000009
5 0.33485 0.5022175 0.28791 0.26295499999999994
1 0.4665666666666667 0.58735 0.049113333333333384 0.03143249999999989
4 0.11431333333333334 0.66052 0.09420333333333333 0.10710750000000008
0 0.19234666666666667 0.6848875000000001 0.15511666666666665 0.13457500000000006
1 0.5142966666666667 0.6788325 0.1613633333333334 0.12485249999999996
5 0.6187433333333333 0.5775475 0.1939533333333333 0.16497499999999996
0 0.6909133333333333 0.50995 0.030483333333333272 0.011889999999999986
1 0.6250633333333333 0.5327324999999999 0.09865333333333334 0.04325
0 0.6753066666666667 0.5463625 0.03542999999999999 0.015992500000000062
0 0.6948833333333334 0.5620775 0.013990000000000086 0.019467499999999974
1 0.9831933333333334 0.6229 0.033613333333333384 0.04424749999999995
0 0.8467466666666666 0.7186275000000001 0.09639999999999994 0.05065000000000009
1 0.9184733333333334 0.678 0.12126333333333332 0.09061249999999996
4 0.9853333333333333 0.70875 0.029333333333333333 0.1285
1 0.8844266666666667 0.7982100000000001 0.15626666666666672 0.11079999999999995
0 0.8259466666666667 0.848375 0.07909000000000015 0.052072499999999994
0 0.8938 0.879025 0.03423666666666668 0.024482500000000074
0 0.8978166666666666 0.9435549999999999 0.0759333333333334 0.045332499999999984
1 0.7338999999999999 0.9446725 0.09295666666666663 0.09043250000000012
5 0.8236266666666667 0.8612424999999999 0.3527466666666666 0.27751250000000005