1 0.025166666666666667 0.157625 0.042333333333333334 0.034
1 0.11533333333333333 0.3665 0.07066666666666667 0.034
5 0.1815 0.32125 0.09166666666666666 0.0945
1 0.24266666666666667 0.242125 0.06366666666666666 0.034
1 0.3466666666666667 0.244875 0.060333333333333336 0.034
1 0.24216666666666667 0.36575 0.08633333333333333 0.03975
2 0.43883333333333335 0.323125 0.06366666666666666 0.037
0 0.022333333333333334 0.706 0.044333333333333336 0.0325
0 0.1795 0.5065 0.05533333333333333 0.03475
1 0.45366666666666666 0.250375 0.04833333333333333 0.03475
3 0.558 0.412625 0.043 0.03075
1 0.6946666666666667 0.50375 0.09166666666666666 0.031
0 0.39366666666666666 0.206125 0.05433333333333333 0.02675
0 0.04733333333333333 0.41775 0.051333333333333335 0.034
1 0.13366666666666666 0.07775 0.079 0.0375
4 0.04766666666666667 0.51125 0.04 0.03875
0 0.02666666666666667 0.452125 0.037 0.025
1 0.547 0.251875 0.041666666666666664 0.03175
0 0.7365 0.02925 0.023666666666666666 0.01925
0 0.8806666666666667 0.743125 0.069 0.0355
0 0.24733333333333332 0.455 0.044 0.0355
1 0.4708333333333333 0.76125 0.050666666666666665 0.04875
1 0.5006666666666667 0.458375 0.04733333333333333 0.02525
0 0.8005 0.749125 0.027333333333333334 0.018
0 0.7961666666666667 0.415 0.059333333333333335 0.043
0 0.1365 0.24525 0.053 0.0305
3 0.37533333333333335 0.47375 0.054 0.04475
0 0.07783333333333334 0.124625 0.052 0.03425
5 0.9191666666666667 0.3025 0.16166666666666665 0.1305
1 0.9723333333333334 0.0285 0.05533333333333333 0.05675
1 0.6793333333333333 0.541 0.04933333333333333 0.03625
0 0.6123333333333333 0.42 0.035333333333333335 0.02475
1 0.7568333333333334 0.464 0.05733333333333333 0.0425
1 0.6431666666666667 0.252 0.059666666666666666 0.0365
0 0.8705 0.460125 0.058 0.03425
1 0.43666666666666665 0.608 0.067 0.05375
0 0.6231666666666666 0.462375 0.026333333333333334 0.02475
2 0.31433333333333335 0.317375 0.05 0.02975
1 0.10833333333333334 0.9105 0.050666666666666665 0.04925
2 0.8081666666666667 0.81575 0.074 0.03475
4 0.439 0.41825 0.052333333333333336 0.04425
0 0.119 0.461125 0.05733333333333333 0.029
0 0.20183333333333334 0.83925 0.07 0.02775
0 0.291 0.765 0.062 0.0255
0 0.9713333333333334 0.811625 0.034 0.02475
0 0.49433333333333335 0.2095 0.057 0.0295
1 0.184 0.606375 0.06566666666666666 0.04275
0 0.0215 0.987 0.043 0.026
4 0.7903333333333333 0.216125 0.03866666666666667 0.03025
2 0.379 0.970875 0.059666666666666666 0.03575
1 0.315 0.40825 0.07866666666666666 0.03275
0 0.026333333333333334 0.24075 0.05266666666666667 0.03125
1 0.5111666666666667 0.375875 0.07033333333333333 0.057
0 0.819 0.950375 0.024 0.0185
1 0.042333333333333334 0.596 0.06666666666666667 0.03675
0 0.9471666666666667 0.53625 0.035333333333333335 0.01825
1 0.6955 0.142 0.04733333333333333 0.04575
3 0.939 0.60925 0.049 0.04025
2 0.7388333333333333 0.367 0.06266666666666666 0.031
4 0.6258333333333334 0.3685 0.03866666666666667 0.02825
2 0.23716666666666666 0.165125 0.04566666666666667 0.05275
0 0.2455 0.559 0.032 0.02075
0 0.5563333333333333 0.8925 0.035333333333333335 0.02925
0 0.18416666666666667 0.199625 0.03966666666666667 0.02375
0 0.8638333333333333 0.182125 0.025333333333333333 0.0255
0 0.1995 0.979 0.033 0.01825
0 0.809 0.120125 0.021666666666666667 0.023
0 0.294 0.90875 0.05266666666666667 0.03575
0 0.4711666666666667 0.96875 0.030666666666666665 0.034
0 0.111 0.84 0.027333333333333334 0.01775
1 0.20216666666666666 0.701125 0.03833333333333333 0.0365
0 0.4696666666666667 0.6905 0.025666666666666667 0.01725
1 0.632 0.6855 0.064 0.03
4 0.6428333333333334 0.75725 0.08833333333333333 0.048
0 0.5535 0.823 0.027 0.01725
0 0.645 0.88825 0.04033333333333333 0.02225
0 0.725 0.818375 0.03233333333333333 0.021
0 0.7306666666666667 0.952375 0.031 0.02025
0 0.9 0.945625 0.042 0.029
0 0.9855 0.94275 0.029 0.0235
0 0.8771666666666667 0.682 0.03833333333333333 0.03
2 0.11916666666666667 0.5595 0.038 0.0345
2 0.31066666666666665 0.6005 0.06666666666666667 0.0775
0 0.37666666666666665 0.637625 0.03766666666666667 0.022
1 0.5696666666666667 0.598375 0.047 0.03275
1 0.696 0.599 0.045 0.0295
1 0.823 0.59525 0.052 0.03575
1 0.8705 0.550875 0.069 0.04275
1 0.7531666666666667 0.55275 0.041666666666666664 0.0285
0 0.622 0.524125 0.061 0.037
0 0.5103333333333333 0.554 0.03966666666666667 0.022
1 0.4593333333333333 0.516375 0.091 0.062
0 0.3125 0.508125 0.057 0.02125
2 0.377 0.362375 0.03 0.027
0 0.3883333333333333 0.3265 0.034666666666666665 0.02625
0 0.6888333333333333 0.41275 0.05 0.03825
3 0.6618333333333334 0.30825 0.04833333333333333 0.031
0 0.7373333333333333 0.308875 0.04666666666666667 0.0165
0 0.8048333333333333 0.324875 0.06266666666666666 0.02575
0 0.7428333333333333 0.25625 0.059 0.033
1 0.8906666666666667 0.263875 0.053 0.035
1 0.9223333333333333 0.29575 0.048 0.03125
0 0.9728333333333333 0.271375 0.03233333333333333 0.0305
0 0.962 0.3325 0.025666666666666667 0.0305
0 0.6073333333333333 0.17925 0.04533333333333334 0.02075
0 0.7433333333333333 0.180875 0.058 0.04
2 0.44533333333333336 0.168875 0.049666666666666665 0.0405
4 0.49316666666666664 0.134 0.04766666666666667 0.03475
0 0.3395 0.091625 0.06833333333333333 0.0275
1 0.23333333333333334 0.019125 0.083 0.03825
0 0.44916666666666666 0.0555 0.060333333333333336 0.03
0 0.5596666666666666 0.08 0.024333333333333332 0.019
1 0.6421666666666667 0.10025 0.04733333333333333 0.034