1 0.7115 0.16625 0.18066666666666667 0.0975
3 0.49333333333333335 0.278 0.143 0.0675
1 0.19316666666666665 0.715625 0.12833333333333333 0.06275
1 0.25116666666666665 0.827625 0.172 0.11925
1 0.9426666666666667 0.286125 0.11466666666666667 0.08475
1 0.8223333333333334 0.714375 0.10966666666666666 0.06925
4 0.37366666666666665 0.373625 0.11366666666666667 0.07875
1 0.36583333333333334 0.088875 0.11966666666666667 0.05675
2 0.9261666666666667 0.793375 0.14766666666666667 0.07975
1 0.48 0.166125 0.09633333333333334 0.07175
1 0.6093333333333333 0.550125 0.10833333333333334 0.097
0 0.7165 0.64175 0.075 0.0565
1 0.82 0.881375 0.12333333333333334 0.08325
2 0.6208333333333333 0.372875 0.13466666666666666 0.06075
1 0.7141666666666666 0.296875 0.08433333333333333 0.0735
1 0.9511666666666667 0.17375 0.09633333333333334 0.06425
0 0.2773333333333333 0.470875 0.08766666666666667 0.0505
1 0.9311666666666667 0.64025 0.11766666666666667 0.06225
2 0.3933333333333333 0.707375 0.08 0.06975
3 0.09066666666666667 0.485625 0.16466666666666666 0.11675
1 0.2776666666666667 0.634125 0.09333333333333334 0.063
1 0.391 0.547125 0.08533333333333333 0.074
1 0.48733333333333334 0.628125 0.08066666666666666 0.072
1 0.5006666666666667 0.793125 0.122 0.06175
4 0.263 0.292 0.082 0.05575
1 0.25916666666666666 0.17975 0.11133333333333334 0.075
1 0.6061666666666666 0.71925 0.07566666666666666 0.048
0 0.8341666666666666 0.55275 0.092 0.0585
1 0.8441666666666666 0.070875 0.17566666666666667 0.0575
4 0.22983333333333333 0.02325 0.12366666666666666 0.0465
0 0.17066666666666666 0.386875 0.12566666666666668 0.08875
3 0.725 0.78875 0.11933333333333333 0.087
1 0.49883333333333335 0.9615 0.146 0.0645
2 0.6101666666666666 0.874125 0.07933333333333334 0.06125
2 0.7254033333333334 0.016125 0.0871933333333333 0.03225
2 0.9625 0.469125 0.075 0.113