2 0.06897 0.23704499999999998 0.06027666666666666 0.06228000000000003
4 0.35945666666666665 0.23402249999999997 0.06757666666666667 0.047297499999999985
4 0.5072833333333333 0.241705 0.05131333333333335 0.04103000000000003
1 0.34441666666666665 0.1364575 0.0416266666666667 0.035587499999999994
1 0.36134333333333335 0.2990925 0.03339999999999994 0.035565000000000055
0 0.38898333333333335 0.33981 0.025929999999999988 0.022
1 0.5287866666666666 0.41402 0.0299066666666666 0.0291875
1 0.4243666666666666 0.20363499999999998 0.0385 0.03
4 0.48233 0.3623225 0.03679333333333337 0.02963250000000005
1 0.6804133333333333 0.32488 0.04599999999999992 0.021284999999999967
1 0.6235033333333333 0.29653500000000005 0.019030000000000047 0.019422500000000013
1 0.52946 0.2801325 0.021940000000000053 0.01686749999999995
1 0.5871666666666666 0.2794975 0.0460033333333334 0.025592499999999973
0 0.32792666666666664 0.731985 0.024683333333333318 0.017904999999999973
0 0.49883333333333335 0.748875 0.025333333333333333 0.01525
2 0.4433866666666667 0.39482999999999996 0.04191333333333326 0.02825
1 0.4398066666666667 0.437 0.027333333333333334 0.02225
0 0.24803666666666668 0.2951125 0.06069333333333331 0.026967499999999974
1 0.47747666666666666 0.6183500000000001 0.026246666666666595 0.019285000000000083
1 0.5440966666666667 0.5404075 0.033566666666666606 0.024842499999999972
0 0.42933333333333334 0.71825 0.016 0.0125
1 0.3943333333333333 0.430625 0.03133333333333333 0.023
4 0.39174000000000003 0.524115 0.03262999999999996 0.03125999999999999
0 0.47274333333333335 0.8475 0.017333333333333333 0.015
0 0.4782366666666667 0.4573 0.02201999999999998 0.017590000000000033
0 0.27387 0.6791525 0.0195 0.01768249999999989
2 0.6040033333333333 0.434415 0.017556666666666693 0.019377500000000054
0 0.5210033333333334 0.832465 0.01403666666666671 0.012397500000000037
0 0.5869033333333333 0.45346 0.01761333333333338 0.017065000000000056
2 0.39228999999999997 0.6382125 0.025179999999999987 0.04384999999999991
0 0.26613666666666663 0.736125 0.024933333333333318 0.027309999999999945
1 0.61935 0.499025 0.03301666666666673 0.022537500000000023
1 0.3453333333333333 0.3715 0.04235000000000002 0.02375
4 0.6949333333333334 0.42641 0.01988666666666662 0.018465000000000033
1 0.3513533333333333 0.8086625000000001 0.0270866666666667 0.0219224999999999
1 0.5911766666666667 0.5117225000000001 0.01999333333333334 0.016560000000000002
1 0.44833 0.2457425 0.025323333333333267 0.023527500000000003
1 0.49906666666666666 0.5365375 0.022596666666666654 0.018680000000000065
1 0.7230866666666668 0.616615 0.026759999999999916 0.019375
0 0.4965 0.807 0.017 0.01325
1 0.48579333333333335 0.31207999999999997 0.022606666666666723 0.02213250000000005
1 0.47586999999999996 0.5047950000000001 0.024353333333333314 0.023250000000000055
1 0.8078633333333334 0.370925 0.01492333333333348 0.018850000000000023
0 0.5204733333333333 0.8933075 0.013703333333333376 0.011602499999999964
0 0.5497833333333333 0.31334500000000004 0.014510000000000066 0.013985000000000013
0 0.7168 0.433705 0.014973333333333358 0.013129999999999996
0 0.5451733333333333 0.8551224999999999 0.013076666666666672 0.011950000000000046
4 0.7506833333333334 0.321635 0.027703333333333226 0.027269999999999982
2 0.69497 0.5494825 0.0181866666666668 0.02204500000000007
1 0.31639666666666666 0.48857 0.026313333333333352 0.01880499999999995
2 0.59324 0.593055 0.022903333333333345 0.030632499999999938
0 0.4969533333333333 0.8706825 0.011696666666666715 0.01256750000000011
0 0.5579533333333333 0.49851 0.019 0.01475
0 0.6531533333333334 0.673505 0.011773333333333387 0.009532500000000027
1 0.5515733333333334 0.3626225 0.019526666666666644 0.02790499999999997
4 0.8114666666666667 0.433565 0.019333333333333334 0.02275
0 0.6937933333333334 0.4530625 0.015746666666666593 0.01425
1 0.08717333333333332 0.35897 0.09865333333333334 0.079365
0 0.7062600000000001 0.41203500000000004 0.01811333333333338 0.01907000000000005
1 0.6049433333333333 0.52107 0.01730000000000003 0.021242500000000008
0 0.7065 0.518 0.014 0.01275
0 0.6646233333333333 0.421935 0.018 0.019169999999999958
0 0.6046666666666667 0.7025 0.013 0.01175
2 0.5462833333333333 0.7970775 0.023566666666666607 0.01865249999999992
0 0.6677633333333334 0.5327925 0.01688666666666662 0.017522500000000038
4 0.6822733333333333 0.5120125000000001 0.017839999999999995 0.019192500000000053
0 0.6856666666666666 0.80779 0.013386666666666618 0.011652499999999918
0 0.66445 0.37782 0.015449999999999969 0.018277500000000033
0 0.6193333333333333 0.72775 0.01633333333333333 0.01125
1 0.47827 0.5614025 0.01942999999999999 0.024674999999999954
1 0.6503533333333333 0.392875 0.016809999999999947 0.0115
0 0.7204733333333334 0.6458524999999999 0.00988000000000011 0.0128900000000001
0 0.48024666666666666 0.40206000000000003 0.029666666666666668 0.02208000000000004
0 0.7744633333333333 0.47747500000000004 0.010616666666666788 0.012622499999999946
1 0.6847166666666668 0.7173674999999999 0.014063333333333275 0.020710000000000037
2 0.5027433333333333 0.485675 0.019526666666666644 0.02765999999999997
0 0.7059433333333333 0.4778725 0.017979999999999868 0.012230000000000019
1 0.7052033333333334 0.372545 0.013256666666666812 0.014682500000000005
0 0.39966666666666667 0.891375 0.021 0.02125
1 0.60526 0.39783999999999997 0.015526666666666642 0.018662500000000023
4 0.76227 0.5379400000000001 0.015359999999999976 0.021342499999999973
1 0.5223766666666667 0.56536 0.016789999999999965 0.015075000000000045
0 0.4388433333333333 0.3107825 0.01405000000000003 0.02169749999999999
2 0.50605 0.43739249999999996 0.022513333333333323 0.024524999999999977
2 0.6520199999999999 0.35256 0.0179066666666666 0.021592499999999973
2 0.6207166666666667 0.7763300000000001 0.012783333333333303 0.01447499999999991
2 0.5239766666666666 0.46475 0.029606666666666722 0.018700000000000046
2 0.5283466666666666 0.3785075 0.024113333333333382 0.026982499999999958
1 0.6227433333333333 0.3415425 0.01842000000000007 0.017847499999999968
0 0.622 0.828 0.012 0.009
2 0.6066466666666667 0.4779125 0.02037000000000004 0.022157500000000028
0 0.7926633333333333 0.4581025 0.011530000000000049 0.01395500000000004
0 0.6818966666666667 0.472175 0.017109999999999976 0.015934999999999946
0 0.3953333333333333 0.3842175 0.019 0.016184999999999946
2 0.40534333333333333 0.7465 0.01955666666666669 0.02038000000000011
0 0.6386666666666667 0.698375 0.012666666666666666 0.011
1 0.7526666666666667 0.48878750000000004 0.019 0.020825000000000045
0 0.6033566666666667 0.80828 0.016713333333333292 0.015442500000000109
2 0.7304566666666666 0.48233499999999996 0.015266666666666727 0.020909999999999967
2 0.44504 0.47908 0.03539666666666669 0.035485000000000017
1 0.62161 0.38566 0.020753333333333405 0.023335000000000036
1 0.6974666666666667 0.645025 0.015 0.0135
1 0.6207966666666667 0.5941675000000001 0.015253333333333407 0.015152499999999918
0 0.7409566666666666 0.4038175 0.015183333333333394 0.014965000000000032
1 0.26022666666666666 0.42413249999999997 0.03547333333333336 0.025152500000000032
1 0.56707 0.42234249999999995 0.023940000000000055 0.01985749999999996
1 0.7861166666666667 0.5617375 0.012549999999999879 0.012650000000000092
1 0.6346666666666667 0.484625 0.017666666666666667 0.01475
1 0.6074533333333333 0.5696475000000001 0.024196666666666714 0.011894999999999982
0 0.5701233333333333 0.3426325 0.012716666666666697 0.011860000000000013
1 0.24686666666666668 0.4918275 0.07833333333333334 0.06105250000000001
2 0.6781733333333333 0.3598225 0.02144333333333331 0.029172500000000014
1 0.72866 0.41897500000000004 0.013439999999999903 0.014610000000000014
1 0.22730666666666666 0.1823225 0.07035999999999998 0.04347000000000003
0 0.6373333333333333 0.74825 0.014 0.0105
2 0.5857266666666667 0.5436749999999999 0.019823333333333266 0.02258750000000009
1 0.6386033333333333 0.5257375 0.021683333333333395 0.017307499999999892
1 0.66879 0.44914 0.01514333333333328 0.01975750000000005
1 0.6232300000000001 0.4534825 0.02 0.02416750000000002
1 0.7471366666666667 0.4388875 0.024816666666666605 0.023865000000000008
4 0.6679033333333333 0.48940249999999996 0.018246666666666595 0.015612499999999955
0 0.5691033333333333 0.4719675 0.0168433333333334 0.018407500000000028
0 0.7613333333333333 0.506875 0.013333333333333334 0.0125
1 0.7775833333333333 0.5070899999999999 0.014670000000000074 0.014182500000000004
1 0.7181866666666666 0.4611225 0.013706666666666631 0.01354499999999996
0 0.6388533333333333 0.7992575000000001 0.0123433333333334 0.0127650000000001
4 0.7449533333333334 0.577175 0.02329333333333337 0.021002500000000056
1 0.7394366666666666 0.36857 0.014546666666666775 0.013212499999999978
1 0.7738233333333333 0.3507625 0.011409999999999854 0.01148249999999996
3 0.5456300000000001 0.6038525 0.03474333333333334 0.037012500000000045
0 0.65392 0.4664325 0.015530000000000049 0.019615000000000007
1 0.67911 0.4019425 0.009696666666666715 0.01449249999999995
1 0.7527066666666666 0.558875 0.011926666666666582 0.011877500000000055
1 0.6362533333333333 0.5738225 0.01971333333333329 0.02016249999999991
1 0.7498366666666667 0.425425 0.015280000000000049 0.010147500000000037
4 0.39433999999999997 0.47406 0.03573333333333327 0.024149999999999977
1 0.37267 0.449625 0.03545333333333338 0.028282500000000026
1 0.7445833333333334 0.5412125 0.017340000000000147 0.02393249999999989
1 0.7326666666666667 0.52075 0.024666666666666667 0.01625
0 0.7407600000000001 0.4678175 0.016603333333333466 0.015434999999999945
4 0.62321 0.547625 0.02008666666666674 0.017125
0 0.6921666666666667 0.38775 0.015 0.014
2 0.43976 0.5097875000000001 0.017960000000000035 0.024839999999999977
0 0.7231833333333334 0.7298675 0.011256666666666812 0.011960000000000037
1 0.8130666666666666 0.48745 0.014983333333333272 0.020254999999999995
0 0.6552366666666667 0.7680975 0.01095666666666663 0.0110150000000001
1 0.7286666666666667 0.3428625 0.0338100000000001 0.038080000000000044
1 0.23183333333333334 0.34075 0.03866666666666667 0.039
2 0.4355133333333333 0.5670225 0.028186666666666648 0.0281400000000001
4 0.7536499999999999 0.5980875 0.015759999999999916 0.017579999999999926
1 0.7782733333333334 0.5768375 0.01311999999999989 0.013894999999999982
0 0.7084533333333334 0.5985275 0.012759999999999916 0.015152499999999918
1 0.7599733333333334 0.4460575 0.013983333333333273 0.013629999999999996
2 0.30915333333333334 0.588 0.03956000000000002 0.028309999999999946
1 0.6061066666666667 0.6194375 0.021346666666666656 0.028632499999999936
1 0.5713133333333333 0.66259 0.02851666666666673 0.029412499999999907
0 0.66825 0.648365 0.01030000000000003 0.0106400000000001
0 0.7220433333333334 0.6867525000000001 0.007696666666666715 0.006477499999999963
0 0.7103033333333333 0.7110599999999999 0.010783333333333455 0.012575000000000046
2 0.73427 0.6627975 0.01464333333333343 0.0125474999999999
4 0.76681 0.6808525 0.010533333333333455 0.01259999999999991
0 0.8002600000000001 0.62802 0.010506666666666812 0.022157500000000028
0 0.7917766666666667 0.6990075 0.010009999999999915 0.009397500000000036
1 0.5016766666666667 0.6892324999999999 0.01635000000000006 0.02610750000000007
0 0.4038366666666667 0.7990475 0.021046666666666623 0.01739249999999993
0 0.6045933333333333 0.8602675000000001 0.01691333333333326 0.018444999999999937
0 0.67065 0.7885875 0.010233333333333273 0.013132499999999936
0 0.65388 0.8180025000000001 0.012483333333333273 0.0120625
0 0.6998133333333334 0.8266849999999999 0.011476666666666763 0.011680000000000064
0 0.6989866666666666 0.7809375 0.011596666666666654 0.014910000000000081
0 0.6853366666666667 0.7607200000000001 0.009729999999999942 0.01019250000000011
0 0.6695099999999999 0.7397324999999999 0.011803333333333286 0.013920000000000073
0 0.69841 0.734715 0.00985000000000006 0.01053749999999991
2 0.7589733333333334 0.74222 0.010590000000000146 0.01224000000000001
0 0.7125033333333334 0.753135 0.00904999999999988 0.007670000000000073
0 0.72555 0.7717025 0.01632666666666652 0.01219250000000011
0 0.7375866666666667 0.790945 0.0121866666666668 0.011852499999999964
0 0.74871 0.7657825 0.011416666666666667 0.013217499999999972
0 0.7606900000000001 0.7821725 0.011950000000000122 0.011832499999999982
0 0.7854166666666667 0.754345 0.011416666666666667 0.011420000000000072
1 0.36301 0.592495 0.030483333333333272 0.020707499999999983
1 0.43524 0.6190375 0.030373333333333297 0.03511500000000001
2 0.45219333333333334 0.1957775 0.019089999999999992 0.023347500000000024
0 0.29772333333333334 0.35492 0.02143666666666665 0.021092499999999972
4 0.7784566666666667 0.60938 0.007983333333333273 0.017647500000000035
2 0.79793 0.57269 0.015100000000000061 0.020032500000000026
1 0.8124166666666667 0.5463775000000001 0.010026666666666642 0.00828749999999991
0 0.7761966666666668 0.54476 0.011060000000000098 0.012779999999999972
0 0.7946333333333334 0.513085 0.013113333333333381 0.0131875
2 0.7827433333333333 0.4395925 0.008573333333333419 0.01063250000000005
0 0.7997566666666667 0.412655 0.011259999999999916 0.013940000000000055
1 0.7834366666666667 0.40363499999999997 0.013826666666666522 0.011977499999999964
1 0.8081466666666667 0.39954 0.009416666666666667 0.010897500000000036
0 0.7481066666666667 0.35733499999999996 0.012626666666666703 0.01525
0 0.7038166666666666 0.3364425 0.014229999999999866 0.015355000000000018
2 0.6686566666666667 0.339115 0.01970666666666663 0.023637500000000044
0 0.6474033333333333 0.3760425 0.009063333333333352 0.00932249999999999
0 0.7586466666666667 0.412065 0.006216666666666546 0.006884999999999991
0 0.5211433333333334 0.6173225 0.01998666666666668 0.02469749999999999
1 0.6697566666666667 0.619185 0.014776666666666643 0.0188275000000001
3 0.6476933333333333 0.6200675 0.03260999999999997 0.03225500000000011
1 0.6827766666666666 0.5975625 0.01346999999999995 0.019795000000000073
0 0.7278266666666666 0.582465 0.008503333333333406 0.007657500000000027
1 0.76318 0.57933 0.011640000000000024 0.014197499999999991
1 0.7327733333333334 0.5587725 0.014049999999999879 0.017950000000000046
1 0.71095 0.5599925 0.017789999999999962 0.027407500000000026
1 0.6796166666666666 0.555045 0.021593333333333325 0.01896499999999992
2 0.65205 0.5462875 0.028183333333333394 0.023700000000000044
0 0.75973 0.46908 0.015439999999999903 0.02695749999999998
0 0.6390966666666666 0.285985 0.013179999999999989 0.014067499999999995
1 0.53023 0.32987 0.01896333333333329 0.016727499999999965
0 0.6667533333333333 0.5744049999999999 0.015223333333333358 0.01604250000000002
4 0.6918766666666667 0.57668 0.019280000000000047 0.016069999999999935