1 0.644 0.931625 0.07933333333333334 0.06975
3 0.13616666666666666 0.56625 0.12133333333333333 0.06675
1 0.042666666666666665 0.342875 0.07766666666666666 0.04225
1 0.7215 0.7125 0.08533333333333333 0.071
0 0.8936666666666667 0.7305 0.06566666666666666 0.06225
1 0.6901666666666667 0.2955 0.07433333333333333 0.05
1 0.29633333333333334 0.661125 0.11133333333333334 0.077
2 0.8475 0.406875 0.077 0.051
2 0.14666666666666667 0.450125 0.049 0.0465
1 0.5726666666666667 0.902 0.087 0.05375
0 0.7705 0.256625 0.069 0.0325
1 0.966 0.66675 0.056 0.0635
4 0.24133333333333334 0.2895 0.17066666666666666 0.082
1 0.798 0.796625 0.091 0.05375
2 0.06216666666666667 0.246 0.054 0.04225
2 0.9313333333333333 0.35675 0.095 0.05325
1 0.8166666666666667 0.932 0.092 0.06375
2 0.6341666666666667 0.795125 0.06466666666666666 0.073
1 0.6971666666666667 0.404 0.068 0.0475
4 0.9713333333333334 0.7935 0.05733333333333333 0.0525
0 0.122 0.66025 0.10066666666666667 0.06
2 0.6255 0.66525 0.066 0.0565
1 0.5331666666666667 0.29325 0.161 0.05625
0 0.5506666666666666 0.730875 0.076 0.05125
1 0.39766666666666667 0.51625 0.071 0.06925
2 0.9706666666666667 0.399125 0.058666666666666666 0.08075
1 0.3105 0.457625 0.076 0.04175
0 0.9426666666666667 0.58475 0.08166666666666667 0.05825
1 0.8498333333333333 0.512875 0.07133333333333333 0.0355
1 0.0835 0.926125 0.09066666666666667 0.07025
0 0.9265 0.461125 0.07033333333333333 0.052
0 0.4655 0.79525 0.066 0.0545
2 0.9333333333333333 0.974875 0.04766666666666667 0.05025
1 0.706 0.850375 0.13466666666666666 0.07475
0 0.389 0.402375 0.050666666666666665 0.03175
2 0.2985 0.572875 0.08266666666666667 0.06125
0 0.9766666666666667 0.941875 0.04666666666666667 0.059
1 0.6293333333333333 0.568875 0.06166666666666667 0.049
0 0.8356666666666667 0.472375 0.03833333333333333 0.026
0 0.4645 0.455125 0.050666666666666665 0.02825
2 0.313 0.3465 0.07066666666666667 0.03625
1 0.4628333333333333 0.655625 0.09966666666666667 0.05275
2 0.20483333333333334 0.73375 0.07233333333333333 0.066
1 0.313 0.346375 0.07033333333333333 0.0365
1 0.9371666666666667 0.3025 0.12566666666666668 0.06
1 0.7058333333333333 0.52175 0.08233333333333333 0.0735
0 0.10283333333333333 0.796875 0.07433333333333333 0.04925
2 0.2635 0.797 0.10266666666666667 0.059
2 0.18666666666666668 0.863375 0.06266666666666666 0.0735
0 0.4231666666666667 0.8775 0.07966666666666666 0.0425
1 0.3715 0.9815 0.11866666666666667 0.037