4 0.22266666666666668 0.3685 0.09766666666666667 0.081
1 0.09383333333333334 0.253875 0.07933333333333334 0.0615
1 0.2 0.50625 0.11566666666666667 0.067
0 0.4135 0.0695 0.09 0.06425
0 0.3526666666666667 0.632875 0.07833333333333334 0.06225
0 0.4945 0.782 0.084 0.09025
1 0.5183333333333333 0.503375 0.125 0.0725
2 0.3531666666666667 0.506375 0.07466666666666667 0.068
2 0.5386666666666666 0.374375 0.068 0.0825
0 0.052833333333333336 0.09475 0.078 0.0605
1 0.6805 0.649875 0.09633333333333334 0.067
0 0.8056666666666666 0.434875 0.069 0.046
0 0.5086666666666667 0.644875 0.051666666666666666 0.034
1 0.9663333333333334 0.833625 0.06733333333333333 0.08725
0 0.7111666666666666 0.371125 0.10266666666666667 0.076
0 0.833 0.042875 0.06133333333333333 0.041
0 0.972 0.5035 0.056 0.05025
1 0.3958333333333333 0.249 0.09466666666666666 0.07125
1 0.7753333333333333 0.76 0.2773333333333333 0.17975
0 0.781 0.544375 0.09066666666666667 0.06325
0 0.7258333333333333 0.243125 0.08333333333333333 0.063
1 0.6376666666666667 0.163375 0.07966666666666666 0.05975
1 0.13916666666666666 0.040875 0.14333333333333334 0.08175
1 0.9803166666666666 0.0394375 0.03936333333333338 0.0640875