1 0.2355 0.45575 0.09233333333333334 0.05475
0 0.4186666666666667 0.688 0.08766666666666667 0.05075
1 0.23616666666666666 0.212 0.17466666666666666 0.0915
0 0.4025 0.332875 0.062 0.048
0 0.32516666666666666 0.518 0.075 0.0575
1 0.6325 0.289 0.10133333333333333 0.06925
1 0.7383333333333333 0.458875 0.14666666666666667 0.103
0 0.5876666666666667 0.580125 0.07966666666666666 0.051
2 0.3953333333333333 0.458625 0.07633333333333334 0.061
5 0.09933333333333333 0.677625 0.19866666666666666 0.23525
0 0.116 0.619 0.07066666666666667 0.0535
0 0.0675 0.734 0.055 0.05225
1 0.016166666666666666 0.667125 0.03233333333333333 0.0485
0 0.22783333333333333 0.824 0.08066666666666666 0.06825
0 0.25566666666666665 0.949875 0.189 0.10025
1 0.516 0.88275 0.08766666666666667 0.0685