5 0.7342733333333333 0.373035 0.21528333333333338 0.16275249999999994
5 0.20128666666666667 0.40203 0.15527333333333332 0.13954499999999995
4 0.3736733333333333 0.3734225 0.20505000000000004 0.10311000000000001
5 0.7365333333333333 0.6656675 0.43278999999999995 0.24863750000000004
1 0.5216666666666666 0.08325 0.16466666666666666 0.07875
1 0.34374 0.29821749999999997 0.046853333333333316 0.03806500000000006
1 0.48583333333333334 0.174875 0.049 0.039
1 0.7823333333333333 0.124125 0.04533333333333334 0.03
1 0.83611 0.1960275 0.045553333333333286 0.040777499999999973
0 0.7313366666666667 0.7573075 0.0481899999999999 0.0342650000000001
1 0.752 0.275375 0.038 0.03025
1 0.6036666666666667 0.36275 0.04933333333333333 0.03675
1 0.44533333333333336 0.242875 0.16 0.09975
2 0.5846666666666667 0.1245 0.051 0.04
4 0.6894566666666666 0.16881000000000002 0.07749666666666659 0.05854250000000002
1 0.8020799999999999 0.43119 0.0556866666666668 0.034872500000000056
1 0.30361 0.434405 0.04125333333333333 0.023335000000000036
0 0.40302 0.9307975 0.032123333333333295 0.022279999999999973
0 0.134 0.481375 0.029 0.01925
0 0.6153166666666667 0.904 0.031370000000000044 0.02525
0 0.5748333333333333 0.3 0.027666666666666666 0.017
1 0.72601 0.2221575 0.07221333333333345 0.04730250000000001
4 0.61492 0.6819275 0.040036666666666706 0.03262750000000005
4 0.40301666666666663 0.733015 0.06345666666666663 0.04921499999999992
1 0.09035666666666667 0.22135749999999998 0.13791666666666666 0.0645675
0 0.7397633333333333 0.533875 0.04519333333333331 0.021
2 0.6878166666666666 0.4094825 0.02540999999999993 0.024522500000000037
4 0.022613333333333336 0.462335 0.028443333333333327 0.017537500000000022
0 0.4195 0.087375 0.03266666666666666 0.0195
4 0.18201666666666666 0.7885825 0.09678999999999999 0.10214499999999999
0 0.8190833333333334 0.8177725 0.0649399999999999 0.03338000000000011
0 0.23185333333333333 0.9159375 0.028036666666666633 0.018372499999999944
1 0.80923 0.66872 0.051460000000000033 0.038595000000000025
0 0.8862666666666668 0.3433175 0.026719999999999952 0.026857499999999958
1 0.9841633333333333 0.3770025 0.027566666666666607 0.02425
2 0.7509966666666666 0.9699075 0.059579999999999925 0.035377500000000055
2 0.4358733333333333 0.6141175 0.045126666666666704 0.05633750000000009
0 0.6371433333333334 0.167815 0.03467333333333333 0.03397000000000003
2 0.8237766666666666 0.5013425 0.03197999999999987 0.02125
4 0.9230533333333333 0.8179825 0.1274366666666668 0.08385249999999997
1 0.39332666666666666 0.3402675 0.024303333333333284 0.023787500000000024
2 0.35408333333333336 0.8008474999999999 0.03975 0.031
1 0.24885 0.275225 0.023896666666666684 0.022200000000000046
1 0.3386166666666666 0.19494999999999998 0.02822999999999998 0.026399999999999976
0 0.2533533333333333 0.536 0.027960000000000037 0.01375
0 0.9786666666666667 0.973875 0.017 0.015
0 0.48286999999999997 0.41087250000000003 0.020246666666666593 0.014677500000000008
0 0.13780333333333333 0.67936 0.034 0.022
4 0.17821333333333333 0.39797750000000004 0.08898000000000002 0.05091999999999996
1 0.34703999999999996 0.4599 0.02646333333333333 0.02416999999999996
0 0.6670533333333334 0.578985 0.024739999999999932 0.01682999999999993
1 0.5057666666666667 0.556475 0.11619999999999997 0.08640000000000009
2 0.38033333333333336 0.825125 0.03966666666666667 0.025
0 0.515 0.3375 0.030666666666666665 0.021
1 0.6486766666666667 0.0825275 0.05076999999999998 0.03875
2 0.728 0.0959 0.04585999999999998 0.024302500000000008
2 0.6465 0.238125 0.06566666666666666 0.03225
0 0.34313333333333335 0.155575 0.037929999999999985 0.020149999999999977
2 0.10033333333333333 0.7885 0.031 0.024
4 0.413 0.133375 0.074 0.0415
2 0.38616666666666666 0.503875 0.050666666666666665 0.04875
2 0.9042 0.6512325 0.0661833333333334 0.03325
4 0.6834366666666667 0.5212374999999999 0.06860666666666665 0.09640249999999997
1 0.6033333333333334 0.404 0.043 0.0285
0 0.78385 0.20660750000000003 0.08878000000000005 0.10600500000000003
0 0.8030866666666667 0.27083999999999997 0.028506666666666812 0.01457000000000005
0 0.9898333333333333 0.8846225 0.02033333333333333 0.018572499999999992
2 0.6035 0.404 0.043 0.02825
4 0.9096766666666667 0.1961 0.1082433333333335 0.07570749999999998
0 0.9701200000000001 0.3265225 0.017509999999999915 0.016889999999999985
2 0.9863533333333333 0.4128175 0.027289999999999964 0.02180499999999995
0 0.9006766666666667 0.43999 0.03454999999999988 0.02933000000000004
0 0.9450066666666667 0.4806125 0.017203333333333223 0.013177500000000009
2 0.9380766666666667 0.4971125 0.025273333333333238 0.01890750000000003
2 0.94111 0.540365 0.06515666666666675 0.07208500000000004
0 0.72684 0.51593 0.020210000000000037 0.01175
0 0.91141 0.5553724999999999 0.025409999999999853 0.016569999999999935
4 0.9072899999999999 0.5908225 0.05211333333333338 0.03163750000000005
1 0.8563766666666667 0.60946 0.037406666666666755 0.02276999999999998
0 0.9017666666666667 0.681265 0.036323333333333416 0.02514249999999993
2 0.9485033333333334 0.6294099999999999 0.021653333333333344 0.03058249999999998
2 0.95158 0.6534800000000001 0.021890000000000024 0.01933249999999998
0 0.8411266666666667 0.730315 0.027566666666666607 0.013650000000000091
0 0.8682833333333333 0.7300449999999999 0.047090000000000146 0.03973250000000007
0 0.92109 0.779355 0.030506666666666814 0.018059999999999944
0 0.9407666666666668 0.8703825000000001 0.02876666666666673 0.017727499999999962
0 0.9660133333333333 0.8681875 0.027303333333333284 0.020022500000000037
1 0.7067666666666668 0.7145975 0.06266333333333327 0.035877500000000055
0 0.60293 0.73772 0.029466666666666697 0.02453749999999991
0 0.6714166666666667 0.6546150000000001 0.02130000000000003 0.01622499999999991
0 0.55191 0.7253025 0.022539999999999963 0.014097500000000082
2 0.5607 0.65991 0.047703333333333375 0.05752749999999992
0 0.5497333333333333 0.6121925 0.02075 0.01575500000000011
1 0.5192 0.6155925 0.0415 0.031472500000000084
0 0.7837533333333334 0.9149475 0.02564999999999994 0.01732249999999999
2 0.50557 0.855625 0.03317999999999999 0.020867500000000063
2 0.44582666666666665 0.9186675 0.028426666666666732 0.023035000000000083
0 0.3530533333333334 0.9303075 0.029816666666666644 0.022167500000000017
0 0.16801333333333335 0.9138674999999999 0.022799999999999994 0.015045000000000072
2 0.2739066666666667 0.840295 0.026016666666666653 0.02246499999999992
0 0.43983333333333335 0.7670525 0.022873333333333298 0.018487499999999955
5 0.07585666666666667 0.9040175 0.15171333333333334 0.12662999999999988
2 0.028046666666666668 0.730615 0.037766666666666664 0.02165000000000009
0 0.15169 0.7118375 0.029809999999999982 0.013759999999999991
2 0.09174666666666667 0.7146875 0.03521 0.04983500000000004
0 0.09723 0.7348775000000001 0.01722666666666665 0.0120474999999999
2 0.13359666666666667 0.7303525 0.03398666666666668 0.018305000000000064
0 0.09867333333333332 0.6479775 0.014766666666666652 0.02318249999999989
0 0.16740666666666668 0.6346649999999999 0.02847666666666669 0.018532500000000028
0 0.20475 0.6101325000000001 0.04092999999999999 0.01927749999999992
0 0.2661466666666667 0.5739875 0.03595666666666663 0.01745499999999993
2 0.29588666666666663 0.5348350000000001 0.03997333333333336 0.019484999999999898
1 0.21092 0.57362 0.04589000000000002 0.0270775000000001
5 0.15826666666666667 0.6783025 0.14854 0.1309324999999999
0 0.30373333333333336 0.6486225 0.020536666666666634 0.019542500000000018
1 0.34653666666666666 0.6519874999999999 0.028320000000000012 0.018972500000000083
0 0.34761666666666663 0.6872675 0.0343733333333333 0.027607500000000073
2 0.39512333333333327 0.650385 0.03339999999999994 0.025092499999999972
0 0.3446166666666666 0.5808099999999999 0.02253666666666667 0.012722500000000083
0 0.5800299999999999 0.50774 0.019346666666666654 0.009752500000000055
1 0.4485866666666667 0.528285 0.02483666666666674 0.019799999999999953
0 0.4344133333333333 0.5064125 0.044629999999999954 0.028690000000000056
1 0.4954666666666667 0.490315 0.06267000000000007 0.04214250000000004
2 0.4518766666666667 0.4672725 0.06508333333333334 0.04581499999999994
4 0.20871333333333333 0.4905575 0.16458333333333333 0.10479749999999996
0 0.12414666666666667 0.4098525 0.010376666666666666 0.024402500000000032
0 0.21848333333333333 0.34461 0.03119666666666664 0.01596500000000003
0 0.16735333333333333 0.351935 0.03197999999999998 0.016227499999999964
0 0.12073666666666666 0.39695749999999996 0.015066666666666681 0.018862499999999956
0 0.20262 0.277335 0.02324666666666667 0.020139999999999988
0 0.22218666666666664 0.27619499999999997 0.028503333333333332 0.03362999999999999
0 0.27867 0.234715 0.029673333333333326 0.03828500000000003
2 0.3256866666666666 0.2409525 0.07487999999999996 0.06258749999999998
2 0.30667666666666665 0.1678375 0.0776266666666667 0.07056
0 0.40118 0.2216275 0.0325333333333333 0.037957499999999984
2 0.5344233333333334 0.1798675 0.04745666666666663 0.024954999999999984
2 0.5983733333333333 0.2283425 0.06655999999999994 0.06985750000000002
0 0.6451166666666667 0.13390000000000002 0.04802333333333339 0.027592500000000016
0 0.6616166666666666 0.2635 0.030973333333333356 0.03013499999999999
1 0.6661633333333333 0.357135 0.047796666666666626 0.05587999999999999
2 0.721 0.36190750000000005 0.03501333333333332 0.017627500000000053
0 0.64532 0.423625 0.027603333333333317 0.023977499999999964
1 0.04663666666666667 0.1682 0.04301000000000001 0.04263249999999999
5 0.06616666666666667 0.03025 0.13233333333333333 0.0605
1 0.5593466666666667 0.4356975 0.12949333333333335 0.12000749999999993