1 0.18316666666666667 0.40525 0.11 0.0665
1 0.19283333333333333 0.116 0.20966666666666667 0.1115
1 0.5236666666666666 0.93175 0.107 0.08175
0 0.39016666666666666 0.258 0.07866666666666666 0.058
0 0.4033333333333333 0.69125 0.10366666666666667 0.06175
0 0.128 0.974375 0.095 0.05125
4 0.2901666666666667 0.4815 0.085 0.06875
0 0.6176666666666667 0.560125 0.10166666666666667 0.0605
0 0.092 0.78375 0.009 0.00825
0 0.16283333333333333 0.85325 0.09766666666666667 0.08325
1 0.6765 0.205 0.12266666666666666 0.08
2 0.3785 0.407625 0.094 0.0745
1 0.8051666666666667 0.41025 0.18133333333333335 0.12625
5 0.06766666666666667 0.677875 0.13533333333333333 0.28225
0 0.0365 0.602 0.073 0.065