5 0.6167766666666666 0.7289575 0.3373233333333334 0.131365
4 0.9376666666666666 0.6925525 0.12466666666666666 0.09067750000000001
1 0.45938 0.4775525 0.0867133333333333 0.05525
1 0.9415 0.254125 0.07333333333333333 0.052
1 0.9213333333333333 0.114875 0.07166666666666667 0.05175
4 0.31639 0.31833 0.07012666666666663 0.06682749999999998
1 0.5025 0.19725 0.09633333333333334 0.07525
1 0.6017533333333334 0.502875 0.12867333333333333 0.07488249999999994
4 0.845 0.20054249999999998 0.11772666666666676 0.09525
1 0.8145733333333333 0.6540175 0.05614333333333343 0.03625
4 0.3368633333333334 0.2173775 0.09952666666666668 0.08939250000000001
1 0.7259466666666667 0.186145 0.06144666666666671 0.04275
1 0.5606666666666666 0.152375 0.041 0.029
4 0.4686666666666667 0.358 0.10766666666666666 0.083
0 0.05290333333333334 0.42596249999999997 0.04227333333333333 0.04711500000000001
1 0.36766666666666664 0.45 0.04466666666666667 0.03125
4 0.20443333333333333 0.314185 0.06628999999999996 0.061832499999999985
0 0.9195 0.9355 0.026333333333333334 0.01725
5 0.42 0.8774525 0.07166333333333326 0.09621749999999997
1 0.13083333333333333 0.343625 0.03233333333333333 0.02825
0 0.7302366666666666 0.223165 0.04169333333333331 0.02825
4 0.20819666666666667 0.449185 0.06464000000000003 0.06836749999999996
4 0.36133 0.37810750000000004 0.07267333333333333 0.062212499999999976
1 0.43 0.220875 0.044 0.0385
1 0.743 0.609375 0.049666666666666665 0.027
2 0.57967 0.580015 0.04494333333333331 0.03472000000000003
2 0.9725 0.950125 0.055 0.0345
4 0.23238333333333333 0.190905 0.08838000000000003 0.07955000000000001
1 0.24547666666666665 0.23872 0.04975666666666666 0.04188749999999999
4 0.7009733333333333 0.0755575 0.18986333333333338 0.14407499999999998
4 0.4546233333333333 0.5614724999999999 0.08070333333333338 0.07530500000000007
1 0.02632666666666667 0.38428500000000004 0.02204333333333333 0.020552500000000008
0 0.02184 0.51137 0.04367666666666667 0.041990000000000006
0 0.7903333333333333 0.97925 0.04 0.02725
1 0.039806666666666664 0.4726275 0.020949999999999996 0.01960749999999996
0 0.06756333333333334 0.5611675 0.03020666666666667 0.028335000000000037
1 0.06151666666666667 0.6220425 0.021879999999999997 0.021605000000000017
1 0.476 0.282625 0.04766666666666667 0.0385
0 0.5928766666666667 0.7360475 0.022916666666666665 0.015529999999999973
0 0.8431933333333334 0.1543025 0.09236666666666679 0.0568125
0 0.8136966666666667 0.1664775 0.08821666666666654 0.05680500000000001
1 0.5217333333333334 0.2396475 0.025683333333333395 0.017795000000000016
5 0.6304433333333334 0.30316000000000004 0.2657966666666667 0.1071925
1 0.6363266666666667 0.287125 0.12167000000000007 0.053657500000000025
4 0.8420733333333332 0.33558499999999997 0.18866666666666668 0.10882249999999999
4 0.9652733333333334 0.44106 0.06945000000000012 0.09763750000000004
4 0.8658633333333334 0.4375725 0.13020333333333323 0.09755250000000001
1 0.6887166666666666 0.37611500000000003 0.08516333333333326 0.04544749999999999
5 0.7041299999999999 0.4990025 0.1069333333333334 0.18672500000000003
0 0.6751266666666667 0.505375 0.01641333333333326 0.02186750000000001
0 0.7154566666666666 0.500355 0.02430666666666669 0.01705250000000001
2 0.7997633333333333 0.5515275000000001 0.059453333333333226 0.03346749999999997
0 0.6771766666666666 0.55801 0.013546666666666624 0.021464999999999918
4 0.7139866666666667 0.5721225 0.0792733333333333 0.03740000000000009
0 0.7831566666666666 0.6018724999999999 0.04157000000000001 0.01977999999999997
0 0.8726066666666668 0.65632 0.029726666666666762 0.021842499999999973
1 0.5934333333333334 0.6626825 0.06700333333333325 0.04426999999999998
0 0.66936 0.6920824999999999 0.027890000000000026 0.014927500000000008
5 0.95089 0.79869 0.09821999999999995 0.12423250000000008
0 0.9551233333333333 0.7911900000000001 0.023046666666666774 0.016387500000000044
0 0.73687 0.86787 0.02185000000000006 0.01741000000000008
2 0.7918833333333334 0.8959675 0.09687666666666671 0.07847250000000008
4 0.66227 0.8854325 0.13383666666666674 0.08006500000000005
2 0.65385 0.7564075 0.059316666666666684 0.0270150000000001
2 0.5334966666666666 0.7846075 0.03677333333333339 0.027055000000000065
1 0.5622466666666667 0.6949974999999999 0.04289999999999994 0.025132499999999936
0 0.52011 0.7182225 0.022836666666666738 0.014125
0 0.48166000000000003 0.7186024999999999 0.02239999999999994 0.019809999999999946
0 0.5026366666666667 0.7238275 0.020576666666666674 0.0132974999999999
4 0.4582733333333333 0.706865 0.030789999999999963 0.04503749999999991
0 0.40297000000000005 0.7519600000000001 0.02071999999999995 0.015387500000000045
0 0.37776 0.7623274999999999 0.033196666666666715 0.014779999999999972
0 0.3975666666666667 0.8939525 0.019396666666666684 0.022477499999999963
0 0.3914866666666667 0.910485 0.009730000000000018 0.011105000000000018
4 0.4691633333333333 0.8659349999999999 0.06080999999999995 0.0642974999999999
0 0.43305000000000005 0.6479 0.035996666666666594 0.017007499999999936
1 0.5234166666666666 0.584415 0.03555666666666669 0.02525500000000011
1 0.52131 0.5445425 0.03285333333333332 0.025137500000000045
1 0.5360033333333333 0.39095749999999996 0.0338433333333334 0.023299999999999956
0 0.41790333333333335 0.387335 0.05344999999999997 0.046659999999999965
0 0.3207966666666666 0.6135025000000001 0.045639999999999986 0.009492500000000063
0 0.32176666666666665 0.6534525 0.0294533333333333 0.013867500000000064
0 0.29923 0.6669149999999999 0.016413333333333335 0.01430250000000001
2 0.3314533333333334 0.66907 0.028610000000000014 0.0277974999999999
0 0.33269000000000004 0.6893674999999999 0.020150000000000015 0.0126400000000001
5 0.31389666666666666 0.6625075 0.06276666666666669 0.04586750000000006
4 0.36576666666666663 0.55862 0.06786666666666663 0.0543900000000001
0 0.3549366666666666 0.478235 0.02451333333333332 0.017335000000000038
0 0.32250999999999996 0.4717 0.01799666666666667 0.013965000000000031
0 0.3547533333333333 0.49807 0.023323333333333265 0.015502500000000054
0 0.39205 0.3027025 0.06313666666666662 0.018917500000000018
0 0.4119466666666666 0.30897 0.06255000000000004 0.01691999999999996
2 0.35264 0.2510075 0.051363333333333344 0.019517500000000014
2 0.17423666666666668 0.248885 0.04094666666666666 0.03779499999999999
0 0.18024666666666667 0.207505 0.031856666666666644 0.052875
0 0.16004333333333334 0.218875 0.03474000000000001 0.04458249999999998
2 0.10070333333333334 0.26750999999999997 0.05976999999999999 0.09139499999999998
0 0.23255666666666666 0.32528250000000003 0.01702333333333331 0.01619500000000005
4 0.17798666666666668 0.38136000000000003 0.052843333333333325 0.04541250000000002
0 0.25475 0.3579725 0.07851666666666665 0.09802499999999997
5 0.2548933333333333 0.49306 0.21220999999999995 0.16005000000000008
1 0.21857666666666667 0.5165575 0.04741000000000001 0.037180000000000005
5 0.2629 0.542265 0.07123000000000002 0.04758999999999992
0 0.25555666666666665 0.5157425 0.02155666666666669 0.01211500000000001
1 0.2679866666666667 0.4622425 0.037169999999999995 0.028852499999999965
0 0.3083666666666667 0.5139400000000001 0.06272000000000003 0.012842499999999972
0 0.24787333333333333 0.5923875000000001 0.024716666666666696 0.01928749999999991
1 0.22007666666666667 0.6108674999999999 0.037593333333333326 0.03136500000000001
4 0.21662333333333333 0.7020675 0.15902999999999998 0.14073250000000007
0 0.19083999999999998 0.65915 0.014096666666666655 0.01908249999999998
0 0.16500333333333334 0.682995 0.028660000000000005 0.02976999999999998
2 0.15731 0.7011175 0.015389999999999987 0.011845000000000027
4 0.18304 0.6987875 0.03900333333333333 0.0714275
4 0.22977666666666668 0.7282725 0.051376666666666626 0.03177749999999992
0 0.19252666666666668 0.761105 0.011073333333333343 0.013474999999999909
2 0.17592333333333332 0.74534 0.016929999999999987 0.012817500000000108
0 0.17297666666666664 0.7337100000000001 0.008123333333333316 0.009779999999999973
0 0.16621 0.7363575 0.009063333333333352 0.008682499999999892
0 0.16233 0.73029 0.00927666666666668 0.008230000000000019
2 0.25666333333333335 0.8474325 0.040563333333333354 0.026597500000000083
5 0.20219666666666666 0.8039700000000001 0.09627999999999998 0.0757025000000001
2 0.18299333333333334 0.7946749999999999 0.021169999999999998 0.013535000000000082
2 0.15406666666666666 0.8163175 0.015556666666666653 0.010829999999999926
0 0.16782666666666668 0.8102374999999999 0.009326666666666672 0.0113599999999999
0 0.07056333333333334 0.2593825 0.007886666666666675 0.025825000000000018
0 0.07817 0.25604750000000004 0.007323333333333342 0.014085000000000007
1 0.017043333333333337 0.28057499999999996 0.01915666666666667 0.024899999999999978
0 0.03481666666666667 0.29282749999999996 0.02135333333333334 0.017289999999999965
0 0.04791666666666667 0.3284925 0.008393333333333336 0.02671500000000003
0 0.04287333333333333 0.331975 0.012506666666666666 0.04171000000000004
0 0.05897333333333333 0.3420075 0.005436666666666668 0.006845000000000027
4 0.016166666666666666 0.345125 0.03233333333333333 0.04475
5 0.09784 0.364725 0.10133666666666666 0.1090675
1 0.04912999999999999 0.37584249999999997 0.029120000000000004 0.0394375
1 0.09422333333333334 0.41696249999999996 0.028616666666666676 0.025684999999999944
1 0.04025 0.41927 0.021213333333333327 0.013512500000000045
1 0.014570000000000003 0.42247500000000004 0.022106666666666663 0.017914999999999962
1 0.004246666666666668 0.42428 0.00849 0.020934999999999947
1 0.047760000000000004 0.4623275 0.018649999999999996 0.015162500000000023
4 0.08235333333333333 0.4751175 0.07689999999999998 0.08627499999999998
1 0.03971666666666667 0.49251 0.01659333333333334 0.014297500000000013
1 0.08013999999999999 0.5117149999999999 0.020476666666666667 0.01590250000000003
1 0.058886666666666664 0.52552 0.02951333333333334 0.023652499999999917
0 0.07401333333333333 0.541395 0.00801333333333334 0.008007499999999937
4 0.1333433333333333 0.5228225 0.07955666666666668 0.08136750000000006
1 0.032780000000000004 0.54934 0.04308 0.0385
1 0.04646666666666667 0.5845750000000001 0.026086666666666664 0.021309999999999947
1 0.11935 0.5999375 0.04529333333333333 0.04731999999999994
0 0.16328666666666666 0.5579525 0.02056333333333335 0.015674999999999953
2 0.1456 0.573605 0.06770999999999999 0.03036500000000001
5 0.05058666666666666 0.5358725 0.10117333333333332 0.14029750000000007
1 0.008333333333333333 0.629 0.016666666666666666 0.015
0 0.0807 0.62952 0.01349666666666666 0.008227499999999964
1 0.08688333333333333 0.6139675 0.02925666666666666 0.014752500000000054
2 0.12822666666666666 0.6399125 0.018419999999999995 0.013039999999999963
2 0.14266 0.6653625 0.027379999999999995 0.019644999999999982
1 0.11062000000000001 0.657265 0.05599666666666667 0.0450625
1 0.06078 0.6651925 0.03571666666666668 0.018872499999999945
0 0.07899333333333333 0.6721775 0.008520000000000002 0.006232500000000073
5 0.06360333333333333 0.6748725 0.07253333333333334 0.0525
5 0.02716 0.6836875 0.05432 0.04631999999999994
4 0.010563333333333334 0.67868 0.02112333333333333 0.026509999999999992
0 0.00444 0.7002675 0.00888 0.010207499999999982
2 0.009123333333333334 0.725005 0.018246666666666668 0.016882499999999936
0 0.027530000000000002 0.7332925 0.01622 0.01569250000000011
0 0.07339333333333334 0.7556875 0.013913333333333337 0.008282500000000028
2 0.023253333333333334 0.7803450000000001 0.030159999999999996 0.02579500000000007
5 0.008886666666666666 0.7559075000000001 0.01777 0.03240000000000009
0 0.012806666666666668 0.8051024999999999 0.012973333333333333 0.012454999999999928
0 0.011956666666666666 0.792235 0.015943333333333334 0.014579999999999928