0 0.1465 0.3225 0.025666666666666667 0.01725
1 0.0505 0.235125 0.044 0.0225
1 0.4518333333333333 0.32427249999999996 0.03 0.016524999999999977
0 0.019 0.260625 0.024333333333333332 0.0185
2 0.6773333333333333 0.61875 0.037 0.01625
1 0.12233333333333334 0.3005 0.020666666666666667 0.0135
0 0.096 0.2805 0.018666666666666668 0.013
0 0.414 0.71875 0.019 0.01125
4 0.14466666666666667 0.3675 0.021 0.018
1 0.29483333333333334 0.28225 0.02 0.01625
0 0.3665 0.505125 0.034 0.0225
0 0.416 0.583875 0.028666666666666667 0.01325
0 0.37283333333333335 0.6171725 0.03166666666666667 0.013345000000000027
0 0.32283333333333336 0.7175 0.012666666666666666 0.01025
0 0.7215 0.436625 0.03233333333333333 0.017
1 0.3999333333333333 0.323325 0.031246666666666593 0.01711500000000001
0 0.8623333333333333 0.35775 0.025666666666666667 0.0155
0 0.8056666666666666 0.5685 0.019333333333333334 0.01275
2 0.13990333333333332 0.430375 0.020806666666666654 0.01625
0 0.2275 0.261875 0.024 0.017
1 0.6241666666666666 0.50725 0.021333333333333333 0.01675
0 0.5878333333333333 0.288625 0.023333333333333334 0.01125
2 0.5078333333333334 0.2255 0.033666666666666664 0.01525
1 0.65952 0.4384075 0.02970666666666663 0.023815000000000055
1 0.059 0.36575 0.024 0.0165
3 0.61412 0.3566825 0.024823333333333267 0.016754999999999996
2 0.43316666666666664 0.36125 0.024 0.015
0 0.6608333333333334 0.207625 0.013666666666666667 0.0105
0 0.09966666666666667 0.240125 0.023 0.012
0 0.32066666666666666 0.2645 0.024 0.01625
3 0.5563333333333333 0.41075 0.024666666666666667 0.016
4 0.593 0.38825 0.018 0.01525
1 0.6051666666666666 0.327125 0.032 0.0185
1 0.8909699999999999 0.4141 0.025 0.01814499999999998
0 0.5843333333333334 0.414875 0.017666666666666667 0.01275
1 0.09669 0.430875 0.03171333333333333 0.01679250000000002
1 0.3266233333333333 0.6487050000000001 0.020910000000000005 0.022910000000000083
0 0.33666666666666667 0.43275 0.026723333333333356 0.014957499999999981
1 0.43233333333333335 0.40725 0.03933333333333333 0.018
0 0.32968 0.6164974999999999 0.013963333333333368 0.009222500000000081
1 0.18366666666666667 0.429 0.034 0.0185
0 0.6986666666666667 0.256125 0.013666666666666667 0.01175
1 0.5084266666666667 0.168375 0.030813333333333352 0.02075
0 0.6531233333333333 0.3564875 0.027546666666666626 0.010532500000000028
0 0.22733333333333333 0.30075 0.023666666666666666 0.01375
1 0.9151666666666667 0.32525 0.02666666666666667 0.01625
1 0.5048333333333334 0.326375 0.022 0.01725
0 0.7241666666666666 0.6865 0.015333333333333332 0.012
1 0.09716666666666667 0.200375 0.027333333333333334 0.0275
0 0.22757666666666668 0.3986825 0.024866666666666638 0.018127500000000053
2 0.653 0.387875 0.03266666666666666 0.01625
0 0.6245 0.410625 0.02666666666666667 0.0195
0 0.5885 0.436875 0.015 0.01375
0 0.24087333333333333 0.5779225 0.02649333333333334 0.011882499999999937
1 0.5822333333333334 0.18075 0.04019999999999997 0.0285
4 0.09948666666666665 0.3964925 0.025693333333333346 0.020514999999999985
1 0.5545 0.32725 0.021333333333333333 0.01575
0 0.2826666666666667 0.6855 0.029666666666666668 0.01675
2 0.1838533333333333 0.3986275 0.014716666666666697 0.01875
0 0.37133333333333335 0.302375 0.018666666666666668 0.0125
1 0.62642 0.45867250000000004 0.04833333333333333 0.016522500000000037
0 0.838 0.493625 0.012 0.0105
0 0.36523 0.4555 0.027210000000000036 0.01775
4 0.5923333333333334 0.586375 0.041666666666666664 0.0225
0 0.042 0.3235 0.023666666666666666 0.0165
0 0.6605 0.32875 0.02666666666666667 0.01625
4 0.49616666666666664 0.413 0.029 0.02225
1 0.22633333333333333 0.4615 0.025 0.016
0 0.45127999999999996 0.246325 0.03546000000000003 0.01347750000000002
0 0.5279133333333333 0.3056925 0.02877666666666664 0.015129999999999996
0 0.39648666666666665 0.48207 0.014640000000000025 0.011360000000000014
1 0.3978333333333333 0.386375 0.045 0.02125
3 0.4623333333333333 0.4405 0.028333333333333332 0.0215
0 0.25081 0.413155 0.015119999999999967 0.01091999999999996
2 0.45666666666666667 0.684125 0.027666666666666666 0.01625
0 0.24679 0.438 0.020960000000000038 0.014470000000000028
0 0.39854333333333336 0.430625 0.021753333333333406 0.01775
1 0.6905 0.507 0.028666666666666667 0.0175
1 0.2951666666666667 0.3235 0.025 0.015
1 0.37466666666666665 0.550875 0.019 0.01525
1 0.525 0.434 0.024666666666666667 0.01375
0 0.8588033333333333 0.244375 0.022603333333333468 0.016
5 0.36941666666666667 0.3635625 0.04347333333333336 0.04611500000000001
1 0.4036266666666667 0.16324 0.03550666666666666 0.016389999999999988
0 0.5891366666666666 0.72026 0.01997666666666661 0.012424999999999955
0 0.25333333333333335 0.322375 0.017 0.0105
0 0.5874266666666667 0.4687725 0.029476666666666613 0.019544999999999958
1 0.6359566666666666 0.268625 0.025420000000000074 0.0245
0 0.177 0.22375 0.027666666666666666 0.0185
2 0.14633333333333334 0.2825 0.026 0.0235
1 0.0635 0.305 0.047 0.033
1 0.206 0.3485 0.019 0.0135
0 0.2295 0.368125 0.021 0.01425
0 0.18116666666666667 0.46175 0.012333333333333333 0.008
1 0.141 0.461125 0.018666666666666668 0.0155
1 0.18183333333333335 0.49425 0.019 0.02075
1 0.24733333333333332 0.485375 0.06433333333333334 0.04025
0 0.20033333333333334 0.545125 0.01633333333333333 0.011
0 0.241 0.611755 0.02666666666666667 0.013762500000000046
0 0.2346033333333333 0.67869 0.018 0.0145
1 0.3998333333333333 0.2005 0.043333333333333335 0.03925
1 0.3486666666666667 0.24008500000000002 0.03766666666666667 0.017670000000000016
0 0.5656666666666667 0.23775 0.013333333333333334 0.00875
4 0.52927 0.26675 0.022809999999999945 0.0185
1 0.6085 0.2465 0.024333333333333332 0.0175
2 0.39866666666666667 0.284875 0.023 0.0275
0 0.3478333333333333 0.325375 0.027 0.016
0 0.7265 0.2885 0.012 0.0115
0 0.6605 0.2885 0.03266666666666666 0.02375
4 0.686 0.306875 0.021 0.01475
2 0.5038666666666667 0.28456 0.024516666666666728 0.02011749999999995
0 0.4766666666666667 0.304 0.029 0.01325
1 0.3351633333333333 0.386255 0.03133333333333333 0.0155
0 0.30233333333333334 0.41075 0.023333333333333334 0.01675
0 0.29214666666666667 0.4272575 0.016369999999999968 0.011485000000000014
4 0.30216666666666664 0.456625 0.017333333333333333 0.019
2 0.3354666666666667 0.48106 0.01678333333333334 0.017182500000000003
1 0.2986666666666667 0.49775 0.03133333333333333 0.0185
0 0.4708333333333333 0.365625 0.016666666666666666 0.0145
2 0.4645 0.3845 0.014666666666666666 0.01375
0 0.4300966666666666 0.457945 0.028140000000000023 0.011129999999999996
0 0.4595 0.52275 0.018333333333333333 0.01175
1 0.4881666666666667 0.5085 0.03666666666666667 0.027
1 0.5581666666666667 0.50625 0.024 0.0175
0 0.529 0.483375 0.02 0.012
1 0.5328333333333334 0.39125 0.035666666666666666 0.0285
2 0.49716666666666665 0.36375 0.03233333333333333 0.01875
1 0.6165 0.47825 0.025666666666666667 0.019
0 0.6831666666666667 0.412875 0.029 0.024
0 0.69 0.3652575 0.03333333333333333 0.013762500000000046
0 0.7611666666666667 0.477625 0.019 0.0115
3 0.7541666666666667 0.51525 0.026 0.02125
5 0.7543333333333333 0.35375 0.08833333333333333 0.07
1 0.735 0.332125 0.026333333333333334 0.01775
1 0.7493333333333333 0.35 0.024 0.01525
0 0.7705 0.3695 0.014 0.017
0 0.7798333333333334 0.337 0.018333333333333333 0.01725
0 0.2881666666666667 0.55075 0.021 0.01625
0 0.5055 0.55075 0.013666666666666667 0.00975
1 0.5046666666666667 0.585 0.023666666666666666 0.02375
1 0.5891666666666666 0.5506625 0.033666666666666664 0.0148275000000001
0 0.7185533333333333 0.552125 0.019776666666666644 0.015
0 0.71811 0.58421 0.03409000000000015 0.018407500000000028
0 0.7638333333333334 0.619625 0.019 0.016
0 0.7695 0.68725 0.016666666666666666 0.012
0 0.6793333333333333 0.68575 0.012666666666666666 0.0105
0 0.6330333333333333 0.685545 0.014603333333333315 0.009910000000000082
0 0.6356666666666667 0.719875 0.014666666666666666 0.01075
0 0.5006666666666667 0.71975 0.017 0.0145
0 0.5016966666666667 0.6858325 0.0150933333333334 0.016585000000000037
0 0.54488 0.65131 0.015816666666666607 0.015674999999999953
0 0.5910299999999999 0.651045 0.021703333333333377 0.012039999999999964
0 0.41583333333333333 0.652125 0.026 0.017
0 0.36966666666666664 0.684125 0.019 0.01125
0 0.5458333333333333 0.616625 0.014333333333333333 0.00925
0 0.6337766666666667 0.6186174999999999 0.016666666666666666 0.010085000000000037
0 0.67529 0.5855 0.014179999999999988 0.008942500000000108
1 0.8045 0.202125 0.058333333333333334 0.03275
1 0.936 0.2265 0.035333333333333335 0.02575
1 0.9673333333333334 0.285875 0.052333333333333336 0.0365
0 0.83502 0.306085 0.021789999999999962 0.018389999999999986
2 0.8573066666666667 0.28676999999999997 0.025700000000000122 0.019384999999999993
1 0.8080166666666667 0.28614999999999996 0.028929999999999987 0.01694749999999999
0 0.8085 0.395625 0.023666666666666666 0.019
0 0.822 0.445625 0.061 0.06025
0 0.8108333333333333 0.52775 0.015666666666666666 0.00875
0 0.724 0.722875 0.022333333333333334 0.01325
1 0.6553366666666667 0.4848775 0.021339999999999994 0.01525999999999999
1 0.7193733333333333 0.48461750000000003 0.036746666666666594 0.022737499999999956
1 0.5023333333333333 0.464375 0.046 0.03425
2 0.4275 0.50275 0.034666666666666665 0.037