5 0.7899166666666667 0.635815 0.4201633333333333 0.14640000000000009
1 0.6328333333333334 0.441375 0.12666666666666668 0.12825
1 0.8041400000000001 0.5123925 0.046950000000000124 0.03825749999999999
1 0.7209566666666666 0.2289875 0.032 0.02625
2 0.026520000000000002 0.709305 0.05303666666666667 0.028277499999999917
4 0.22152 0.474375 0.07966666666666666 0.0705
2 0.6568233333333333 0.8254675 0.08112666666666662 0.04267750000000001
0 0.8863333333333333 0.4597875 0.13196666666666654 0.04888999999999999
2 0.69398 0.727255 0.1067033333333333 0.02986999999999989
2 0.36688000000000004 0.9802274999999999 0.14545333333333338 0.03954500000000007
2 0.65566 0.69759 0.0681733333333334 0.02525
4 0.5810966666666667 0.689295 0.11749333333333334 0.07912249999999994
1 0.03647666666666667 0.2826125 0.043083333333333335 0.045644999999999984
4 0.13233333333333333 0.3565975 0.11060666666666664 0.27231000000000005
4 0.05030333333333333 0.36021749999999997 0.10060666666666666 0.13615250000000004
4 0.05944 0.452515 0.11023666666666664 0.07899500000000001
5 0.2318933333333333 0.3504525 0.08233666666666667 0.19428750000000003
2 0.24522333333333332 0.39804500000000004 0.05468666666666665 0.06726999999999998
0 0.19097 0.3227025 0.009133333333333363 0.07582749999999999
4 0.3525 0.3795175 0.17640333333333336 0.23945500000000003
0 0.26442 0.46618 0.02148000000000002 0.042442499999999994
4 0.5192733333333334 0.3364425 0.23047333333333336 0.17089250000000003
0 0.6596066666666667 0.33103750000000004 0.03791333333333326 0.025577499999999986
1 0.9152866666666667 0.1418475 0.07365666666666675 0.0779375
1 0.9164633333333333 0.144155 0.11732666666666683 0.127245
1 0.9536233333333333 0.19571 0.040926666666666583 0.035027499999999975
5 0.9674466666666667 0.23316000000000003 0.06510666666666656 0.08864500000000002
0 0.98167 0.21794249999999998 0.036656666666666754 0.039055000000000006
0 0.9827800000000001 0.35047500000000004 0.0344366666666668 0.028049999999999953
0 0.9885133333333334 0.36048250000000004 0.022973333333333356 0.019682500000000006
2 0.92603 0.36178 0.07255666666666669 0.052252500000000056
0 0.99147 0.430705 0.017056666666666692 0.02202499999999998
4 0.9700233333333333 0.5162825 0.05995333333333323 0.10553749999999996
0 0.8844566666666667 0.5846 0.10803333333333345 0.03416750000000002
4 0.9580799999999999 0.6360125000000001 0.07825999999999991 0.06661999999999989
1 0.8093233333333333 0.5837925 0.04645333333333322 0.03215000000000009
0 0.7595566666666667 0.5829525 0.033259999999999915 0.016122499999999946
2 0.7023333333333334 0.602205 0.11209000000000006 0.07375499999999988
0 0.7742966666666666 0.6204700000000001 0.04370666666666663 0.028977499999999965
0 0.8572233333333333 0.6191 0.07407333333333342 0.04733999999999992
2 0.8728833333333333 0.6696025 0.032039999999999964 0.018625
2 0.81093 0.280175 0.0366866666666668 0.021912500000000022
1 0.80106 0.2985625 0.032899999999999936 0.030274999999999976
2 0.9241666666666667 0.68203 0.06960000000000006 0.030267499999999926
0 0.9647966666666666 0.6851575 0.021866666666666788 0.01738000000000011
0 0.8816233333333333 0.6961625 0.02399333333333319 0.017055000000000063
0 0.85295 0.6971849999999999 0.022463333333333443 0.015267499999999927
0 0.84395 0.70071 0.029566666666666606 0.013065000000000054
0 0.6626133333333333 0.64938 0.05711333333333331 0.042762500000000044
0 0.7496766666666668 0.7390675 0.044969999999999954 0.025852499999999962
0 0.8810866666666667 0.7581325000000001 0.018899999999999938 0.0062300000000000185
0 0.8797933333333333 0.7639475 0.021486666666666678 0.0063699999999998905
0 0.8510366666666667 0.76655 0.03731666666666661 0.013372499999999945
0 0.6043566666666667 0.7572450000000001 0.026833333333333334 0.011007499999999936
2 0.8324533333333334 0.3229375 0.02235000000000006 0.02466250000000002
0 0.729 0.31236 0.0289366666666668 0.09232500000000005
1 0.7212033333333334 0.4126525 0.0286866666666668 0.028337499999999977
1 0.7512266666666666 0.42884750000000005 0.053373333333333293 0.02945500000000004
1 0.7782866666666667 0.4530525 0.02460000000000006 0.015942499999999995
0 0.8411666666666666 0.36936250000000004 0.10982999999999993 0.08936749999999995
0 0.7912533333333334 0.39860500000000004 0.015343333333333249 0.020879999999999996
5 0.7606 0.36541500000000005 0.13794666666666672 0.21044500000000005
4 0.7302166666666667 0.49636 0.0720633333333332 0.04841000000000002
0 0.6232433333333334 0.54869 0.024053333333333284 0.022194999999999937
0 0.5906066666666666 0.539625 0.035160000000000004 0.01417750000000001
0 0.58106 0.551775 0.015696666666666716 0.008470000000000028
0 0.6086933333333333 0.5577424999999999 0.024876666666666703 0.014825000000000045
5 0.53374 0.5447649999999999 0.18437666666666672 0.03749749999999995
5 0.5186566666666667 0.81377 0.20180333333333328 0.10698000000000002
0 0.48678666666666665 0.8028350000000001 0.012716666666666697 0.011694999999999936
0 0.5723566666666666 0.8545275 0.06709 0.028184999999999946
0 0.5706333333333333 0.8775475 0.051886666666666616 0.021579999999999926
4 0.3995766666666667 0.84356 0.14853999999999995 0.16428250000000003
0 0.09681999999999999 0.9247875 0.043803333333333326 0.02402999999999997
0 0.051620000000000006 0.7750625 0.02430666666666667 0.01844749999999999
0 0.07006 0.7166925 0.02653333333333334 0.030507499999999937
5 0.25196666666666667 0.700175 0.06732666666666667 0.10840750000000003
0 0.22100666666666666 0.742865 0.01125 0.012674999999999954
0 0.23679999999999998 0.6966100000000001 0.03375 0.03415499999999997
4 0.22193666666666664 0.6451125 0.08444333333333331 0.10292000000000007
4 0.15006666666666665 0.597995 0.04777000000000002 0.039599999999999906
1 0.25734666666666667 0.6155499999999999 0.04545666666666663 0.028137500000000044
0 0.26980666666666664 0.5888150000000001 0.01876666666666665 0.01442750000000001
2 0.30763 0.6134525 0.04627666666666664 0.020992500000000063
1 0.06140333333333334 0.5516525 0.12280666666666668 0.11429749999999995
0 0.031020000000000002 0.5017625 0.018696666666666667 0.012409999999999968
0 0.10149000000000001 0.5483674999999999 0.022070000000000013 0.015039999999999963
0 0.08094666666666665 0.5612174999999999 0.029079999999999995 0.015102499999999963
0 0.07566333333333333 0.5885925 0.03448000000000001 0.01952500000000009
0 0.024833333333333332 0.572625 0.049666666666666665 0.03825
0 0.024166666666666666 0.596325 0.024866666666666665 0.021309999999999947
5 0.46712 0.6716525 0.1233166666666666 0.05908999999999992
0 0.4635666666666667 0.6473574999999999 0.02469999999999997 0.013220000000000027
0 0.5124566666666667 0.6502025 0.022103333333333315 0.012717499999999972
0 0.4758366666666667 0.661245 0.02973333333333327 0.03426999999999998
0 0.50168 0.6670475 0.027140000000000025 0.02498000000000002
0 0.46162 0.6908 0.03213333333333336 0.018099999999999908
0 0.42228666666666664 0.6523150000000001 0.030953333333333374 0.0172349999999999
4 0.40330000000000005 0.6541975 0.1716033333333333 0.1148125
0 0.4215566666666667 0.5685075 0.08967999999999998 0.014924999999999954
0 0.4265133333333333 0.556925 0.02369999999999997 0.0071724999999999
0 0.4463566666666666 0.5606625000000001 0.022706666666666632 0.0055299999999999724
0 0.4031466666666667 0.5602525 0.02680000000000003 0.005622499999999945
0 0.4224533333333333 0.5446275 0.03729333333333337 0.019190000000000054
0 0.43588000000000005 0.5291075 0.015739999999999935 0.010779999999999972
0 0.36125 0.549635 0.0324066666666666 0.020845000000000027
0 0.3149633333333333 0.553975 0.022349999999999984 0.008339999999999919
0 0.49073 0.4464325 0.007226666666666612 0.024184999999999946
5 0.38655333333333336 0.4903925 0.21712999999999996 0.14389