4 0.7859033333333334 0.6036525 0.10974666666666659 0.06645749999999997
4 0.7870333333333333 0.4300025 0.12545000000000012 0.14989499999999997
4 0.6573166666666667 0.114875 0.04561333333333338 0.034342499999999984
2 0.33352 0.1481625 0.13476333333333332 0.07096999999999999
1 0.152 0.07925 0.042333333333333334 0.03025
0 0.5656933333333333 0.1543425 0.04689000000000002 0.022107500000000016
1 0.5682633333333333 0.25098750000000003 0.03933333333333333 0.03132749999999999
1 0.3491666666666667 0.393 0.09066666666666667 0.06125
1 0.2993766666666667 0.860155 0.04264333333333335 0.04140750000000003
1 0.08966666666666667 0.089 0.051666666666666666 0.0395
1 0.5346 0.1133225 0.02608666666666674 0.02175
1 0.31623333333333337 0.5072425 0.06096333333333329 0.08213999999999999
0 0.42589000000000005 0.094235 0.109 0.04825
4 0.049166666666666664 0.80077 0.09833333333333333 0.0829324999999999
1 0.7754466666666667 0.1536125 0.08561333333333339 0.07367000000000001
2 0.39060666666666666 0.5587875 0.047946666666666714 0.03200500000000011
2 0.5124166666666666 0.640865 0.04072666666666661 0.02022250000000008
2 0.19366666666666665 0.65628 0.03384666666666666 0.0240474999999999
4 0.7979866666666667 0.4975 0.0513100000000001 0.038
4 0.18569000000000002 0.57182 0.1319566666666667 0.09732249999999999
0 0.6379966666666667 0.26841750000000003 0.02364999999999994 0.01432000000000005
0 0.6742066666666666 0.23729499999999998 0.023323333333333342 0.014324999999999989
0 0.5857333333333333 0.21035749999999998 0.03705000000000003 0.012464999999999974
4 0.6338666666666667 0.39992500000000003 0.05281666666666661 0.06931000000000007
4 0.11917333333333333 0.7461875 0.045700000000000005 0.03257500000000005
0 0.4621 0.7535775 0.024486666666666677 0.02040000000000009
1 0.33 0.265375 0.044 0.028
0 0.038096666666666675 0.090875 0.03366666666666667 0.018610000000000012
0 0.10116 0.9011549999999999 0.03424333333333334 0.024775000000000092
1 0.4781366666666667 0.15567250000000002 0.035166666666666666 0.02888499999999999
1 0.44092333333333333 0.5364450000000001 0.03910666666666672 0.0321099999999999
4 0.53763 0.345 0.09802333333333339 0.08042750000000001
0 0.49202999999999997 0.18916249999999998 0.03432333333333327 0.018392499999999985
1 0.25139 0.2287575 0.021036666666666634 0.02168000000000001
4 0.10724000000000002 0.8143325 0.04078333333333334 0.030362499999999955
1 0.3313333333333333 0.83725 0.030333333333333334 0.01975
1 0.5546766666666667 0.447915 0.08301999999999998 0.04884000000000003
0 0.056 0.3422125 0.027666666666666666 0.021462499999999978
0 0.6042866666666666 0.2698425 0.030126666666666704 0.02264250000000004
2 0.4059966666666667 0.7485824999999999 0.018376666666666704 0.011
1 0.7539333333333333 0.3750625 0.034863333333333385 0.027825000000000044
0 0.030293333333333332 0.12193999999999999 0.030216666666666663 0.018829999999999986
4 0.1300933333333333 0.18133000000000002 0.20434666666666665 0.12040500000000001
1 0.36067333333333335 0.19541 0.06907666666666668 0.02798000000000002
0 0.34238 0.20949 0.049339999999999995 0.027257499999999994
1 0.020733333333333333 0.22421000000000002 0.041466666666666666 0.03385750000000001
4 0.09920666666666667 0.271125 0.08968666666666665 0.09620000000000002
4 0.026556666666666666 0.303255 0.053110000000000004 0.06463499999999998
1 0.13041333333333333 0.3951 0.054393333333333356 0.057177500000000006
0 0.17667 0.404415 0.060390000000000006 0.07099000000000001
1 0.11531666666666666 0.46159249999999996 0.05375 0.05813999999999998
4 0.04636333333333333 0.45308 0.09272666666666667 0.10503750000000002
2 0.21339666666666668 0.5119425 0.035333333333333335 0.031319999999999994
2 0.12206333333333333 0.5361950000000001 0.027839999999999993 0.017184999999999947
5 0.06273666666666666 0.601225 0.12547333333333333 0.11535500000000001
0 0.11501333333333334 0.5491675 0.017416666666666667 0.009982500000000073
0 0.11131666666666666 0.577015 0.01725333333333333 0.011214999999999918
4 0.08313666666666666 0.5994425 0.03548999999999999 0.02748000000000002
0 0.09086 0.6368425 0.051919999999999994 0.029082499999999983
4 0.17595333333333335 0.7885599999999999 0.06390333333333334 0.049607500000000075
5 0.24115 0.7643375 0.060976666666666686 0.06937249999999995
2 0.06493666666666667 0.8795725 0.10541666666666667 0.055162499999999906
2 0.34723333333333334 0.7613825000000001 0.06289999999999998 0.045125
0 0.5415266666666666 0.79065 0.02398000000000002 0.015357500000000072
2 0.66984 0.8115225 0.05968666666666672 0.027747499999999946
4 0.7053766666666667 0.7201649999999999 0.07603666666666663 0.1043599999999999
0 0.52081 0.6881325 0.01741333333333326 0.012597500000000083
0 0.5457466666666667 0.6458225 0.013703333333333376 0.022102499999999962
1 0.33383666666666667 0.6123825 0.05243333333333335 0.020237499999999953
4 0.44251999999999997 0.5857625000000001 0.05901999999999998 0.07288000000000011
4 0.26589666666666667 0.5861325000000001 0.07939333333333336 0.0619525000000001
0 0.24724333333333334 0.6978125 0.019119999999999967 0.032424999999999954
2 0.33458 0.6936975 0.019553333333333322 0.014095000000000028
5 0.21149666666666667 0.29771 0.20341666666666666 0.15528250000000002
0 0.22627666666666668 0.3723475 0.01851999999999998 0.011392500000000041
0 0.25275333333333333 0.2973675 0.027490000000000007 0.017252500000000056
0 0.22873666666666667 0.30377 0.02806666666666668 0.014215000000000031
0 0.21275 0.3065925 0.029369999999999966 0.017252500000000056
2 0.21774000000000002 0.33247000000000004 0.0162033333333333 0.019315000000000054
2 0.19191666666666668 0.32455 0.046153333333333345 0.03515750000000003
1 0.31148333333333333 0.34951499999999996 0.02781666666666668 0.01674249999999995
5 0.4031166666666666 0.33314499999999997 0.12273000000000002 0.10352250000000003
1 0.4030333333333333 0.3175525 0.05970333333333338 0.03217999999999995
0 0.4452733333333333 0.29597500000000004 0.018460000000000035 0.009230000000000018
0 0.42207333333333336 0.3299625 0.01995666666666663 0.010850000000000023
0 0.43421333333333334 0.3386325 0.010643333333333279 0.009480000000000018
0 0.54671 0.227155 0.03533666666666674 0.014327499999999986
0 0.5229366666666666 0.25166499999999997 0.04783333333333333 0.02262499999999997
0 0.59433 0.26039249999999997 0.020539999999999965 0.013575000000000018
1 0.5493766666666667 0.289275 0.1210666666666666 0.049879999999999994
1 0.6124833333333334 0.33193 0.03777333333333339 0.025917500000000017
1 0.6405333333333333 0.3521825 0.03427666666666664 0.026335000000000035
1 0.58849 0.384865 0.07904333333333337 0.051202499999999984
0 0.5379166666666667 0.41078250000000005 0.05539999999999994 0.023922500000000013
5 0.5589866666666666 0.49339749999999993 0.25621999999999995 0.15489749999999997
0 0.46645666666666663 0.45798 0.02363666666666662 0.011982499999999958
0 0.5169900000000001 0.4727125 0.040263333333333325 0.021149999999999978
0 0.5528533333333333 0.48353250000000003 0.015486666666666678 0.01075999999999999
0 0.5476366666666667 0.511835 0.03830666666666669 0.01772750000000002
0 0.6388900000000001 0.49984249999999997 0.015003333333333407 0.009282500000000027
1 0.46365 0.5125700000000001 0.038816666666666604 0.035299999999999956
2 0.5524433333333333 0.5560275 0.019876666666666702 0.011954999999999927
0 0.5891966666666666 0.5602474999999999 0.03187999999999996 0.012517499999999928
0 0.6075733333333333 0.5450575 0.054379999999999956 0.03136249999999995
0 0.6140433333333334 0.5635525 0.01781333333333335 0.011815000000000055
0 0.6594233333333334 0.5414725 0.021190000000000056 0.011252500000000054
0 0.6746133333333333 0.5339475 0.015190000000000054 0.009704999999999927
0 0.6942066666666666 0.47141000000000005 0.06278666666666663 0.052782500000000024
0 0.6712100000000001 0.4369975 0.013570000000000013 0.011557500000000005
1 0.7106499999999999 0.41595499999999996 0.06945666666666662 0.08641750000000002
2 0.6751 0.5658475 0.038019999999999984 0.026022500000000035
1 0.68835 0.5973025 0.0898666666666667 0.0657974999999999
5 0.70383 0.631745 0.08899000000000008 0.0689849999999999
0 0.6771866666666666 0.658455 0.011079999999999927 0.00817750000000001
0 0.6987300000000001 0.6294375 0.0358766666666667 0.0226875
0 0.7525466666666666 0.6915625 0.01020000000000012 0.0068599999999999
0 0.7964266666666667 0.6629400000000001 0.013543333333333369 0.006595000000000027
0 0.76688 0.7206475 0.024093333333333248 0.016752500000000056
0 0.7638 0.7333099999999999 0.019696666666666716 0.01384999999999991
2 0.80478 0.700335 0.032006666666666815 0.024137500000000044
5 0.75061 0.6994775 0.07808666666666673 0.0677974999999999
0 0.7759400000000001 0.564 0.016096666666666655 0.008779999999999972
2 0.7793766666666667 0.5795925 0.02444333333333331 0.012527499999999919
4 0.7503166666666666 0.5796950000000001 0.04264333333333343 0.016397500000000037
0 0.6583333333333333 0.249735 0.04959333333333332 0.05599749999999997
4 0.6957633333333333 0.2239275 0.1120766666666666 0.14726750000000005
0 0.8696433333333333 0.6635700000000001 0.014909999999999854 0.007182499999999891
2 0.9729866666666667 0.6708525 0.014773333333333236 0.008207499999999982
2 0.96656 0.68737 0.016140000000000026 0.00882249999999999
1 0.97504 0.68137 0.007659999999999854 0.005642499999999927
2 0.9734666666666667 0.6934750000000001 0.025853333333333468 0.01672250000000008
5 0.9472733333333334 0.6836775 0.06182999999999993 0.0592974999999999
2 0.841 0.64334 0.042233333333333276 0.016887500000000045
0 0.85143 0.649365 0.023066666666666607 0.015160000000000081
0 0.8705433333333333 0.60088 0.014939999999999903 0.0223275000000001
4 0.83087 0.622505 0.051443333333333306 0.04399499999999989
5 0.80291 0.6134175000000001 0.05613333333333321 0.03288750000000005
0 0.79917 0.6245425 0.016613333333333383 0.009799999999999955
0 0.8132033333333334 0.6075750000000001 0.013710000000000036 0.01893249999999989
0 0.8263900000000001 0.6008300000000001 0.0075 0.0070174999999999274
5 0.9217933333333334 0.5924475 0.1121833333333334 0.07446499999999992
2 0.92778 0.576275 0.04453666666666656 0.03895499999999993
1 0.9502633333333333 0.5674975 0.016770000000000132 0.016497499999999946
0 0.9670333333333333 0.5681900000000001 0.027439999999999902 0.015434999999999945
0 0.9366000000000001 0.56574 0.010996666666666594 0.006615000000000009
0 0.9592466666666666 0.58587 0.019490000000000084 0.02384750000000008
2 0.96529 0.6105349999999999 0.01241333333333326 0.008982500000000072
0 0.95925 0.6244375 0.006679999999999988 0.007404999999999972
0 0.95223 0.626 0.011616666666666787 0.005589999999999918
2 0.9691233333333333 0.61776 0.013066666666666607 0.012487499999999955
4 0.9760933333333334 0.592785 0.016746666666666594 0.02642750000000001
5 0.9855 0.600625 0.029 0.02775
5 0.8571833333333334 0.5154875 0.11569666666666671 0.07499250000000006
0 0.8252733333333334 0.5464175 0.014006666666666813 0.0047349999999999
0 0.8536833333333333 0.5455549999999999 0.019399999999999938 0.011795000000000073
0 0.90827 0.5431875 0.013546666666666776 0.007920000000000073
0 0.9021866666666667 0.5494724999999999 0.0071166666666667875 0.004305000000000064
0 0.90471 0.55253 0.014693333333333308 0.006974999999999909
0 0.9138933333333332 0.5477949999999999 0.006200000000000121 0.00921250000000009
5 0.8823266666666667 0.5458575 0.06015333333333334 0.0170474999999999
0 0.8411700000000001 0.5549400000000001 0.0288133333333332 0.008694999999999937
4 0.88472 0.4566325 0.11721666666666654 0.11750750000000006
0 0.82868 0.4957725 0.017746666666666595 0.021715000000000033
0 0.8437399999999999 0.45383 0.012376666666666702 0.00717999999999995
0 0.84094 0.46670249999999996 0.013310000000000098 0.008404999999999973
0 0.84841 0.4151275 0.03011999999999989 0.04921000000000004
5 0.8404733333333334 0.433165 0.08429333333333337 0.10525
2 0.8579100000000001 0.4619325 0.031086666666666738 0.033677500000000006
4 0.94637 0.4418475 0.09484666666666665 0.07583500000000004
0 0.9856466666666667 0.4433375 0.01336999999999989 0.010497499999999946
4 0.9467866666666667 0.494495 0.06016666666666667 0.06329999999999995
5 0.9844666666666667 0.471775 0.031066666666666607 0.06079250000000002
0 0.9957266666666666 0.4514475 0.00854333333333337 0.013779999999999973
0 0.9875066666666666 0.46452 0.010646666666666534 0.010817499999999996
1 0.9837266666666666 0.48441500000000004 0.02026333333333332 0.01275
1 0.98802 0.493045 0.023696666666666717 0.01275
1 0.94724 0.525175 0.028333333333333332 0.01880250000000001
1 0.9607199999999999 0.5318075 0.01785666666666657 0.018930000000000065
0 0.98388 0.5079825 0.03224000000000009 0.02202249999999998