1 0.30433333333333334 0.1585 0.071 0.0385
1 0.322 0.361375 0.04033333333333333 0.0255
0 0.6173333333333333 0.29575 0.029 0.01675
0 0.37983333333333336 0.168 0.035 0.01975
0 0.454 0.2945 0.04066666666666666 0.0265
1 0.6818333333333333 0.2335 0.035333333333333335 0.026
0 0.96 0.2685 0.041 0.023
4 0.4535 0.363875 0.03233333333333333 0.02775
0 0.6133333333333333 0.4735 0.035 0.02275
0 0.5821666666666667 0.41225 0.041 0.02825
0 0.6886666666666666 0.652875 0.03933333333333333 0.02625
1 0.9251666666666667 0.298375 0.04833333333333333 0.02825
0 0.6211666666666666 0.435 0.030666666666666665 0.017
0 0.25633333333333336 0.19725 0.042333333333333334 0.0285
0 0.9038333333333334 0.426125 0.06633333333333333 0.03125
1 0.38333333333333336 0.461375 0.04666666666666667 0.0265
1 0.8468333333333333 0.39375 0.06433333333333334 0.03075
1 0.5141666666666667 0.4595 0.04733333333333333 0.02825
4 0.701 0.503375 0.029 0.02925
0 0.8005 0.50275 0.042666666666666665 0.028
0 0.5501666666666667 0.33525 0.03233333333333333 0.021
1 0.417 0.261125 0.033 0.0225
0 0.9075 0.821375 0.043666666666666666 0.029
0 0.5848333333333333 0.365 0.034 0.02225
0 0.7998333333333333 0.265125 0.033666666666666664 0.01875
1 0.7655 0.81525 0.04 0.03825
0 0.7646666666666667 0.931375 0.02266666666666667 0.016
1 0.6178333333333333 0.54775 0.101 0.062
0 0.696 0.875125 0.050666666666666665 0.0285
0 0.6836666666666666 0.45675 0.029 0.021
0 0.9101666666666667 0.933 0.035666666666666666 0.01775
0 0.2955 0.29525 0.045 0.02825
5 0.7995 0.35875 0.07033333333333333 0.07225
1 0.7018333333333333 0.431375 0.035333333333333335 0.026
0 0.8341666666666666 0.76175 0.054 0.01975
0 0.3765 0.229125 0.033 0.022
0 0.5145 0.51075 0.019666666666666666 0.01325
0 0.7645 0.300625 0.04466666666666667 0.025
1 0.8443333333333334 0.297375 0.05433333333333333 0.02725
1 0.37816666666666665 0.106375 0.04066666666666666 0.047
0 0.6816666666666666 0.297 0.04066666666666666 0.02375
2 0.8415 0.2375 0.03766666666666667 0.0415
2 0.755 0.542375 0.027666666666666666 0.02675
0 0.6143333333333333 0.695625 0.044333333333333336 0.0205
0 0.7525 0.465875 0.039 0.02275
1 0.5158333333333334 0.561125 0.03166666666666667 0.0335
1 0.5813333333333334 0.51075 0.033666666666666664 0.0235
0 0.7188333333333333 0.207375 0.035666666666666666 0.025
0 0.7611666666666667 0.76125 0.02 0.01575
2 0.4505 0.461625 0.034 0.0255
4 0.3868333333333333 0.408 0.044333333333333336 0.0295
1 0.8376666666666667 0.056375 0.051 0.02775
0 0.8968333333333334 0.709 0.045 0.02025
1 0.8401666666666666 0.10925 0.07133333333333333 0.06
0 0.805 0.58025 0.048666666666666664 0.0345
0 0.916 0.18025 0.05466666666666667 0.0215
0 0.8355 0.87375 0.026 0.01575
1 0.6996666666666667 0.56875 0.048 0.02875
0 0.45216666666666666 0.508625 0.032 0.0225
1 0.9016666666666666 0.35575 0.03866666666666667 0.0235
3 0.9511666666666667 0.479 0.044 0.03625
0 0.49766666666666665 0.1435 0.04466666666666667 0.032
1 0.3268333333333333 0.2655 0.07966666666666666 0.056
2 0.45466666666666666 0.233375 0.042 0.03925
0 0.5775 0.202375 0.03866666666666667 0.027
0 0.5775 0.26175 0.03766666666666667 0.0225
2 0.5178333333333334 0.412375 0.027 0.03125
0 0.5461666666666667 0.642 0.025666666666666667 0.017
0 0.6185 0.75075 0.044333333333333336 0.0245
0 0.6155 0.86275 0.027666666666666666 0.02325
1 0.7608333333333334 0.171125 0.059 0.029
1 0.748 0.39375 0.05 0.02425
0 0.9578333333333333 0.36275 0.028 0.02125
2 0.9518333333333333 0.39075 0.022333333333333334 0.0225
0 0.8495 0.461875 0.034 0.02825
0 0.9013333333333333 0.50575 0.049666666666666665 0.019
0 0.8518333333333333 0.544125 0.022333333333333334 0.0165
2 0.9053333333333333 0.57775 0.051333333333333335 0.061
0 0.9551666666666667 0.609625 0.030666666666666665 0.019
1 0.8258333333333333 0.654625 0.027333333333333334 0.0295
2 0.977 0.875 0.046 0.029