4 0.4241666666666667 0.6285 0.17266666666666666 0.1395
1 0.5606666666666666 0.451125 0.067 0.05275
1 0.6798333333333333 0.451625 0.075 0.035
1 0.363 0.311 0.04833333333333333 0.032
0 0.10459666666666667 0.89125 0.11213999999999999 0.059
1 0.16733333333333333 0.111875 0.068 0.042
4 0.9615 0.413125 0.07633333333333334 0.118
1 0.5666666666666667 0.3235 0.063 0.04675
1 0.5433333333333333 0.671875 0.12566666666666668 0.114
1 0.06816666666666667 0.099875 0.13566666666666666 0.0825
4 0.6178333333333333 0.975 0.075 0.05
1 0.36733333333333335 0.271875 0.08166666666666667 0.0405
1 0.6291666666666667 0.49625 0.076 0.0715
1 0.21092666666666665 0.978 0.09521666666666667 0.044
4 0.4826666666666667 0.36625 0.12733333333333333 0.0765
1 0.12133333333333333 0.660125 0.051666666666666666 0.04525
1 0.726 0.388625 0.052 0.03325
4 0.36466666666666664 0.159 0.23 0.14125
4 0.36433333333333334 0.159375 0.229 0.141
0 0.7258333333333333 0.388625 0.052 0.03325
4 0.97225 0.2775425 0.0554966666666666 0.043487499999999985
4 0.8517433333333333 0.328675 0.11873333333333327 0.07373500000000001
1 0.8279333333333334 0.43532499999999996 0.06682333333333342 0.04493500000000006
4 0.9153566666666667 0.54698 0.16928666666666656 0.11595250000000004
5 0.8037566666666667 0.7284425 0.12007000000000001 0.1454100000000001
4 0.94677 0.8261925 0.10645666666666663 0.15484500000000004
5 0.7370733333333332 0.9275475 0.2286266666666667 0.14490499999999998
0 0.6250133333333333 0.88367 0.03539666666666669 0.030007499999999937
0 0.6984566666666666 0.875 0.030453333333333225 0.029880000000000108
0 0.7663366666666668 0.9169275 0.04439999999999994 0.04025
2 0.8067666666666667 0.891015 0.03345666666666663 0.046019999999999985
0 0.30416666666666664 0.98825 0.04566666666666667 0.0235
0 0.18502666666666667 0.8796925 0.08391000000000001 0.03965249999999992
2 0.25921 0.7868674999999999 0.10815333333333335 0.05828749999999991
4 0.08333 0.8028200000000001 0.14341 0.092115
0 0.04001 0.7703300000000001 0.056376666666666665 0.05256750000000011
5 0.12812333333333334 0.6756925 0.25344666666666665 0.3510899999999999
4 0.04616666666666667 0.611875 0.09233333333333334 0.11425
1 0.22143666666666664 0.4554825 0.1368633333333333 0.085995
4 0.43682 0.4792925 0.20445666666666662 0.16009999999999996
0 0.46030333333333334 0.30272750000000004 0.09212000000000005 0.022735000000000012
0 0.4905366666666666 0.3222675 0.09443666666666665 0.020590000000000032
5 0.18683333333333332 0.286125 0.37366666666666665 0.25075
1 0.20791 0.31271 0.17528999999999997 0.09641750000000002
1 0.03591333333333334 0.16445500000000002 0.050963333333333326 0.03120999999999998