0 0.13416666666666666 0.584125 0.04033333333333333 0.0405
2 0.5068333333333334 0.54375 0.048666666666666664 0.037
1 0.16133333333333333 0.345625 0.06633333333333333 0.0275
1 0.14033333333333334 0.502375 0.059333333333333335 0.0395
2 0.026 0.58 0.048666666666666664 0.05725
1 0.2945 0.54 0.04633333333333333 0.0315
1 0.455 0.647 0.06133333333333333 0.0455
1 0.3605 0.351125 0.057666666666666665 0.02875
1 0.24233333333333335 0.58575 0.04633333333333333 0.0385
1 0.09016666666666667 0.54225 0.043 0.02975
1 0.9756666666666667 0.588125 0.034666666666666665 0.03275
0 0.5585 0.509625 0.035 0.04625
2 0.035166666666666666 0.646625 0.06866666666666667 0.029
1 0.3433333333333333 0.64125 0.043666666666666666 0.03025
2 0.2921666666666667 0.768 0.05266666666666667 0.036
1 0.031 0.80175 0.06166666666666667 0.04075
1 0.35 0.579625 0.044 0.02575
1 0.20866666666666667 0.39175 0.04133333333333333 0.0345
0 0.15416666666666667 0.426625 0.058666666666666666 0.02375
1 0.873 0.588625 0.050666666666666665 0.04075
1 0.9071666666666667 0.46975 0.054 0.02925
1 0.0945 0.461125 0.046 0.03125
1 0.2405 0.725875 0.038 0.03425
1 0.9221666666666667 0.547375 0.06133333333333333 0.0435
2 0.18 0.772 0.06266666666666666 0.0475
1 0.4025 0.689125 0.050666666666666665 0.0365
0 0.292 0.681125 0.04833333333333333 0.0305
1 0.864 0.504875 0.049 0.04425
2 0.083 0.683 0.05533333333333333 0.03925
0 0.08116666666666666 0.764375 0.04066666666666666 0.034
1 0.23883333333333334 0.6435 0.044 0.02625
2 0.8765 0.649625 0.05333333333333334 0.04275
1 0.1855 0.542125 0.09166666666666666 0.05225
1 0.562 0.355 0.04833333333333333 0.04475
2 0.28683333333333333 0.921375 0.057 0.032
1 0.07383333333333333 0.8405 0.060333333333333336 0.0415
1 0.029666666666666668 0.722 0.03766666666666667 0.0355
3 0.2705 0.3595 0.055 0.04525
1 0.9731666666666666 0.886 0.043666666666666666 0.033
1 0.3975 0.92825 0.04566666666666667 0.0235
0 0.918 0.84825 0.038 0.019
0 0.6621666666666667 0.58075 0.04666666666666667 0.0315
1 0.44616666666666666 0.967625 0.05333333333333334 0.03725
1 0.24 0.80575 0.03966666666666667 0.033
2 0.7516666666666667 0.360625 0.06 0.03625
1 0.3428333333333333 0.966375 0.059666666666666666 0.0275
1 0.25516666666666665 0.504125 0.042666666666666665 0.029
1 0.3465 0.72425 0.056666666666666664 0.033
0 0.25833333333333336 0.426375 0.058 0.02075
1 0.6551666666666667 0.96425 0.045 0.02775
1 0.9648333333333333 0.51 0.047 0.02875
2 0.21616666666666667 0.310625 0.06066666666666667 0.03975
1 0.36633333333333334 0.282625 0.03833333333333333 0.0395
1 0.2425 0.965875 0.039 0.0315
1 0.9255 0.69025 0.05266666666666667 0.03775
0 0.602 0.3965 0.05 0.0245
1 0.554 0.64575 0.07766666666666666 0.04175
1 0.816 0.549375 0.06833333333333333 0.02625
0 0.4058333333333333 0.46375 0.042666666666666665 0.0275
1 0.13066666666666665 0.6455 0.058333333333333334 0.04425
1 0.5098333333333334 0.392625 0.03333333333333333 0.02675
1 0.8101666666666667 0.463375 0.05633333333333333 0.04125
1 0.8738333333333334 0.89075 0.05633333333333333 0.04325
1 0.4628333333333333 0.3565 0.04633333333333333 0.03625
1 0.456 0.423 0.04733333333333333 0.03275
2 0.201 0.465125 0.034333333333333334 0.032
1 0.8496666666666667 0.35975 0.04533333333333334 0.02825
1 0.8121666666666667 0.401125 0.050333333333333334 0.0345
1 0.607 0.84875 0.046 0.04325
1 0.3475 0.505 0.041 0.03975
0 0.10466666666666667 0.38625 0.037333333333333336 0.035
2 0.7618333333333334 0.728375 0.04533333333333334 0.02725
1 0.18666666666666668 0.9275 0.044333333333333336 0.038
1 0.8993333333333333 0.394875 0.059333333333333335 0.02875
0 0.7133333333333334 0.53775 0.05633333333333333 0.0425
1 0.8081666666666667 0.92875 0.04533333333333334 0.0275
1 0.6148333333333333 0.546625 0.04833333333333333 0.026
1 0.3421666666666667 0.807 0.041 0.03575
0 0.36 0.42875 0.04666666666666667 0.01975
1 0.9648333333333333 0.509875 0.04666666666666667 0.02875
1 0.45166666666666666 0.884375 0.058666666666666666 0.03775
1 0.8603333333333333 0.96175 0.05 0.0335
1 0.7668333333333334 0.581125 0.058666666666666666 0.035
1 0.9715 0.645 0.057 0.046
1 0.5593333333333333 0.42575 0.042333333333333334 0.02525
2 0.30483333333333335 0.46675 0.04066666666666666 0.0375
2 0.1805 0.843375 0.058 0.045
1 0.6541666666666667 0.8865 0.048 0.0325
2 0.7061666666666667 0.394375 0.06266666666666666 0.04225
1 0.5416666666666666 0.888 0.06933333333333333 0.0475
1 0.5071666666666667 0.458125 0.066 0.04325
1 0.30966666666666665 0.39375 0.04733333333333333 0.02825
1 0.7065 0.468375 0.04666666666666667 0.033
1 0.4063333333333333 0.38675 0.037 0.03975
1 0.08883333333333333 0.919625 0.058 0.036
1 0.18483333333333332 0.685125 0.048 0.028
1 0.7051666666666667 0.931375 0.035 0.03625
0 0.06133333333333333 0.348875 0.044333333333333336 0.0335
1 0.8273333333333334 0.288 0.15266666666666667 0.0445
2 0.3413333333333333 0.88175 0.07833333333333334 0.05825
1 0.709 0.774 0.03966666666666667 0.02975
4 0.9171666666666667 0.771125 0.07166666666666667 0.0555
1 0.6586666666666666 0.434 0.03933333333333333 0.04025
2 0.506 0.768 0.044333333333333336 0.03375
2 0.8583333333333333 0.433125 0.03666666666666667 0.03
2 0.7546666666666667 0.432375 0.037 0.0295
1 0.815 0.771875 0.052333333333333336 0.038
2 0.81 0.688375 0.04566666666666667 0.05075
1 0.6508333333333334 0.286875 0.09566666666666666 0.052
1 0.4588333333333333 0.285125 0.08133333333333333 0.04525
1 0.259 0.272125 0.163 0.0445
1 0.07266666666666667 0.2745 0.041 0.03125
2 0.6603333333333333 0.358125 0.058333333333333334 0.0295
1 0.7621666666666667 0.506875 0.042 0.032
0 0.6738333333333333 0.50275 0.07433333333333333 0.03675
0 0.4513333333333333 0.5035 0.03666666666666667 0.029
2 0.4485 0.5835 0.061 0.04
1 0.5456666666666666 0.57825 0.06366666666666666 0.046
2 0.13433333333333333 0.724875 0.05466666666666667 0.04075
4 0.4295 0.728 0.10566666666666667 0.0695
1 0.5511666666666667 0.72575 0.05266666666666667 0.0295
2 0.664 0.7295 0.03933333333333333 0.03025
1 0.654 0.643125 0.064 0.039
1 0.6038333333333333 0.774375 0.039 0.04775
1 0.7653333333333333 0.6505 0.066 0.03275
1 0.8691666666666666 0.730125 0.050333333333333334 0.031
1 0.7771666666666667 0.803625 0.07766666666666666 0.0465
3 0.712 0.837125 0.056666666666666664 0.059
0 0.5525 0.804375 0.04733333333333333 0.03325
1 0.4488333333333333 0.798875 0.07633333333333334 0.04675
1 0.39866666666666667 0.771875 0.039 0.03625
1 0.598 0.92225 0.04066666666666666 0.04875
1 0.7616666666666667 0.884625 0.061 0.0295
4 0.9466666666666667 0.953375 0.10666666666666667 0.09325