5 0.37733 0.7837474999999999 0.5797399999999999 0.1714425000000001
5 0.8379566666666667 0.5266275 0.32408666666666675 0.24805500000000005
1 0.6468133333333334 0.5304675 0.08154333333333337 0.04812750000000005
2 0.4499033333333333 0.472375 0.0837166666666667 0.05246500000000003
4 0.13627 0.848705 0.13629 0.09947499999999991
1 0.8177666666666668 0.21137 0.05372999999999987 0.041037500000000025
1 0.23769666666666667 0.8577525 0.09098000000000002 0.0310625
1 0.44673 0.311565 0.04531666666666661 0.034310000000000056
1 0.7408333333333333 0.460375 0.094 0.0785
1 0.9398333333333333 0.331875 0.058333333333333334 0.04125
1 0.6512766666666666 0.2123325 0.041816666666666606 0.0335625
1 0.7602766666666666 0.218075 0.04158333333333333 0.022600000000000023
1 0.13138333333333332 0.34559500000000004 0.045 0.0245
4 0.565 0.34039749999999996 0.06208999999999999 0.09702250000000004
1 0.9831666666666666 0.6865 0.033666666666666664 0.038
1 0.3539933333333333 0.7179425 0.05571000000000004 0.03803999999999996
1 0.7095 0.4075 0.058333333333333334 0.04025
0 0.5480066666666666 0.5426525 0.03451666666666673 0.024
4 0.5483733333333333 0.776815 0.13559 0.08158249999999999
5 0.9793333333333333 0.83933 0.04133333333333333 0.027174999999999956
1 0.5968333333333333 0.29425 0.06 0.053
4 0.023 0.968875 0.046 0.06225
2 0.29544333333333334 0.8945025000000001 0.1267033333333333 0.0385625
0 0.4046166666666666 0.76 0.08482 0.0575
0 0.9881666666666666 0.607435 0.023666666666666666 0.0275474999999999
1 0.7566766666666668 0.6906599999999999 0.055763333333333324 0.0277650000000001
1 0.57068 0.0976825 0.13040333333333334 0.17215750000000002
0 0.9211666666666667 0.50025 0.034666666666666665 0.02575
2 0.7024566666666666 0.175715 0.06469333333333331 0.021002499999999997
0 0.57469 0.19377250000000001 0.08132333333333326 0.02110000000000002
1 0.5896266666666667 0.22658 0.07378666666666671 0.041985000000000015
0 0.8211833333333334 0.2618075 0.03995666666666663 0.014447499999999992
0 0.7613266666666667 0.3028225 0.029546666666666777 0.032230000000000016
0 0.7178733333333333 0.305305 0.021576666666666522 0.020115000000000008
5 0.79524 0.2902125 0.17479333333333336 0.08385749999999999
1 0.9854033333333333 0.13504750000000001 0.02919333333333331 0.022904999999999988
4 0.9716 0.21687 0.05679999999999988 0.06346749999999997
1 0.9835033333333334 0.3418225 0.03299333333333319 0.029659999999999968
0 0.9708933333333333 0.48088 0.05821333333333344 0.06898749999999995
4 0.8345899999999999 0.5820599999999999 0.2135066666666665 0.1126099999999999
0 0.7150766666666667 0.6388250000000001 0.029070000000000012 0.015767499999999927
0 0.71891 0.6440724999999999 0.03997333333333336 0.008095000000000028
0 0.839 0.63002 0.026579999999999927 0.014815000000000054
0 0.92682 0.6275974999999999 0.029946666666666715 0.01804500000000007
5 0.8410833333333333 0.7827424999999999 0.3113233333333334 0.09608249999999999
0 0.9432966666666667 0.7765575 0.02554999999999988 0.016779999999999972
1 0.8753633333333334 0.7641375 0.12328000000000004 0.036065000000000055
5 0.9047866666666667 0.965345 0.19042666666666658 0.06930999999999994
2 0.9693 0.9800449999999999 0.036990000000000085 0.023677500000000008
1 0.6500033333333334 0.32604500000000003 0.05439999999999994 0.040807500000000003
0 0.6979299999999999 0.346245 0.04554333333333337 0.060832499999999984
0 0.7682 0.377395 0.06155666666666669 0.035514999999999984
0 0.64764 0.4149725 0.03925666666666666 0.041727499999999966
0 0.5332466666666666 0.41295 0.0666566666666666 0.05058249999999998
5 0.49310333333333334 0.34598 0.12896000000000005 0.08348249999999996
0 0.4767266666666667 0.33029000000000003 0.03689999999999994 0.035577499999999984
2 0.5138066666666667 0.32977249999999997 0.03265333333333335 0.02494749999999999
0 0.51501 0.34614 0.025333333333333333 0.023519999999999982
0 0.51625 0.46075499999999997 0.03998666666666668 0.029745000000000004
0 0.5259266666666667 0.470795 0.025633333333333362 0.016085000000000037
0 0.65398 0.61586 0.0549066666666666 0.02142750000000001
4 0.5753699999999999 0.6377225 0.1565133333333333 0.11845749999999998
0 0.42768 0.5757125 0.14667333333333332 0.05594000000000005
1 0.3429433333333333 0.63486 0.05717000000000003 0.04302500000000009
0 0.29655 0.570945 0.02624333333333334 0.0177025000000001
1 0.33777333333333337 0.2636625 0.11677333333333331 0.1228175
1 0.27491 0.2585125 0.05042 0.08730750000000001
4 0.046419999999999996 0.43885 0.09283999999999999 0.13753250000000003
0 0.12 0.4462575 0.040943333333333345 0.02519500000000005
4 0.12060333333333334 0.5633775000000001 0.15419666666666668 0.13497499999999996
5 0.24158 0.48369999999999996 0.11742666666666665 0.21677750000000004
0 0.18617999999999998 0.42590249999999996 0.016356666666666644 0.09086500000000002
2 0.2679566666666667 0.3929025 0.04455333333333336 0.021164999999999965
1 0.23753666666666667 0.41148 0.03376666666666665 0.031355000000000015
2 0.28447 0.4363575 0.030133333333333363 0.0285
0 0.25665333333333334 0.4641825 0.011589999999999994 0.03314999999999998
0 0.2608533333333333 0.51332 0.012259999999999991 0.03252749999999997
0 0.27079333333333333 0.51618 0.008036666666666633 0.015067500000000053
1 0.19005 0.5288674999999999 0.027866666666666637 0.027690000000000055
1 0.22917333333333334 0.5450875 0.05625 0.029227499999999965
4 0.25093666666666664 0.6179724999999999 0.09024333333333334 0.05161999999999989
0 0.33998666666666666 0.482235 0.12854666666666661 0.09315750000000003
5 0.07397 0.67867 0.14794 0.03938499999999999
0 0.07266333333333333 0.685745 0.02403333333333334 0.0092349999999999
0 0.08216000000000001 0.671985 0.04029666666666667 0.015782500000000026
0 0.12454333333333333 0.6817424999999999 0.03511666666666667 0.025414999999999962
0 0.11043666666666667 0.6920475 0.029166666666666667 0.0157025000000001
2 0.22049666666666667 0.742745 0.12327666666666665 0.08861500000000001
0 0.29494333333333334 0.718955 0.03762333333333337 0.02094250000000011
0 0.4419433333333333 0.7174775 0.1281933333333333 0.040095000000000026
0 0.30499 0.7619199999999999 0.054429999999999985 0.03457249999999999
0 0.22411333333333333 0.7992075 0.08638000000000004 0.04909999999999991
2 0.4132733333333333 0.8217675000000001 0.039573333333333266 0.023194999999999938
0 0.5599633333333334 0.83786 0.04359666666666665 0.021704999999999926
2 0.4905233333333333 0.8358 0.1046266666666667 0.03842000000000007
0 0.42156333333333335 0.85588 0.036686666666666645 0.022102499999999962
0 0.38315 0.857875 0.02519333333333331 0.0184525000000001
0 0.3765266666666666 0.8614824999999999 0.02666666666666667 0.01463000000000011
0 0.5638966666666667 0.8457775000000001 0.01925 0.006997499999999946
0 0.36749 0.90792 0.04991 0.03303250000000003
0 0.20232666666666668 0.9317825000000001 0.032673333333333325 0.012897500000000036
0 0.5099266666666666 0.9440075 0.04509666666666665 0.017960000000000035
0 0.5437933333333334 0.9382999999999999 0.0256566666666666 0.008527499999999919
0 0.5431 0.931455 0.02211333333333338 0.007960000000000036
4 0.12497333333333334 0.9683825 0.19355 0.0632349999999999
0 0.05229333333333333 0.9910325 0.012576666666666673 0.013045000000000072
5 0.031496666666666666 0.8282375 0.06299333333333333 0.06999000000000001
0 0.028723333333333333 0.82297 0.030933333333333327 0.03074499999999989
0 0.041613333333333336 0.8010125 0.027739999999999994 0.015184999999999945
0 0.00761 0.812625 0.01522 0.035829999999999924