4 0.43116666666666664 0.45625 0.02 0.02275
1 0.36816666666666664 0.466625 0.018 0.01875
1 0.8828333333333334 0.6575 0.07033333333333333 0.0535
0 0.3475 0.35925 0.02033333333333333 0.0225
4 0.3965 0.497125 0.021666666666666667 0.02575
0 0.4255 0.574625 0.02033333333333333 0.01975
1 0.7111666666666666 0.336 0.051666666666666666 0.03275
1 0.6386666666666667 0.2345 0.050333333333333334 0.032
1 0.46 0.53 0.033 0.02325
1 0.7911666666666667 0.31775 0.05266666666666667 0.03175
0 0.3585 0.42125 0.019333333333333334 0.016
1 0.7073333333333334 0.15175 0.075 0.05925
0 0.5085 0.307625 0.025333333333333333 0.022
0 0.5066666666666667 0.356875 0.025333333333333333 0.01725
0 0.43416666666666665 0.4015 0.023 0.02175
0 0.5301666666666667 0.37825 0.02033333333333333 0.01525
0 0.7878333333333334 0.190125 0.058 0.0295
0 0.4588333333333333 0.57425 0.016 0.0105
1 0.4166666666666667 0.38125 0.018666666666666668 0.015
1 0.48483333333333334 0.422625 0.021666666666666667 0.01825
0 0.39916666666666667 0.3635 0.016666666666666666 0.01375
1 0.9298333333333333 0.829625 0.058 0.05825
0 0.6838333333333333 0.98425 0.028666666666666667 0.01925
0 0.7108333333333333 0.5105 0.034666666666666665 0.02975
0 0.5226666666666666 0.538 0.025 0.02075
1 0.49933333333333335 0.572875 0.028333333333333332 0.02125
0 0.5045 0.485125 0.025333333333333333 0.02425
0 0.5676666666666667 0.712 0.03 0.0265
2 0.4256666666666667 0.535375 0.021333333333333333 0.02225
1 0.36966666666666664 0.324 0.036333333333333336 0.028
0 0.755 0.799125 0.051666666666666666 0.02725
0 0.5066666666666667 0.443625 0.023333333333333334 0.02125
0 0.9258333333333333 0.750375 0.03666666666666667 0.02025
1 0.9063333333333333 0.562 0.10066666666666667 0.06625
2 0.463 0.490875 0.021666666666666667 0.0265
1 0.9553333333333334 0.412 0.07966666666666666 0.05475
0 0.9658333333333333 0.601625 0.045 0.025
1 0.7081666666666667 0.436375 0.06633333333333333 0.03475
0 0.8333333333333334 0.27375 0.050666666666666665 0.0295
0 0.6863333333333334 0.850125 0.055 0.02725
0 0.6698333333333333 0.640625 0.04733333333333333 0.039
0 0.5283333333333333 0.502125 0.019 0.0165
1 0.6228333333333333 0.449625 0.044333333333333336 0.02525
1 0.6133333333333333 0.897375 0.03766666666666667 0.04625
1 0.9498333333333333 0.4975 0.05633333333333333 0.0275
1 0.607 0.27875 0.028333333333333332 0.0245
1 0.45916666666666667 0.61875 0.022 0.02925
0 0.9338333333333333 0.248875 0.063 0.03275
0 0.5131666666666667 0.748625 0.029 0.0185
1 0.3908333333333333 0.53825 0.029333333333333333 0.02125
0 0.47583333333333333 0.692875 0.017333333333333333 0.01475
2 0.7051666666666667 0.2765 0.036333333333333336 0.04025
0 0.5826666666666667 0.49225 0.033666666666666664 0.02575
1 0.6783333333333333 0.725875 0.035666666666666666 0.03275
0 0.56 0.945625 0.03866666666666667 0.03275
1 0.4021666666666667 0.275 0.028 0.0295
5 0.6678333333333333 0.408625 0.066 0.074
2 0.8751666666666666 0.370375 0.06433333333333334 0.0365
1 0.7111666666666666 0.094375 0.046 0.0335
0 0.6701666666666667 0.314 0.028333333333333332 0.019
2 0.7618333333333334 0.388625 0.04133333333333333 0.02775
0 0.6191666666666666 0.835 0.024333333333333332 0.0165
0 0.5705 0.5185 0.023666666666666666 0.018
2 0.43783333333333335 0.35375 0.023333333333333334 0.027
1 0.8898333333333334 0.299625 0.04533333333333334 0.03375
0 0.7586666666666667 0.941125 0.04933333333333333 0.043
0 0.5755 0.369 0.031 0.0245
0 0.4666666666666667 0.2775 0.029 0.02425
0 0.4046666666666667 0.318125 0.02033333333333333 0.017
1 0.37466666666666665 0.39675 0.03666666666666667 0.0345
1 0.5243333333333333 0.607125 0.069 0.059
0 0.5125 0.802625 0.03166666666666667 0.021
0 0.504 0.914625 0.023333333333333334 0.0245
1 0.8801666666666667 0.0335 0.058666666666666666 0.04775
0 0.8875 0.121625 0.06 0.0385
4 0.9308333333333333 0.1785 0.052333333333333336 0.0375
2 0.8821666666666667 0.22425 0.048666666666666664 0.03325
1 0.9846666666666667 0.273625 0.030666666666666665 0.03425
1 0.5766666666666667 0.312375 0.024333333333333332 0.0265
0 0.8275 0.38275 0.033 0.027
2 0.8201666666666667 0.417 0.030333333333333334 0.027
0 0.6401666666666667 0.358 0.035666666666666666 0.02425
4 0.8795 0.4615 0.05533333333333333 0.044
1 0.7625 0.46425 0.06766666666666667 0.03075
0 0.6248333333333334 0.522125 0.03666666666666667 0.0225
3 0.819 0.5205 0.050666666666666665 0.04275
0 0.764 0.55575 0.050333333333333334 0.02025
4 0.5825 0.56075 0.024666666666666667 0.02925
0 0.6648333333333334 0.556125 0.038 0.032
0 0.7106666666666667 0.601 0.027 0.0195
2 0.6246666666666667 0.598875 0.025666666666666667 0.028
1 0.58 0.6275 0.043 0.0305
2 0.765 0.640875 0.06333333333333334 0.0715
0 0.8271666666666667 0.68225 0.037 0.024