4 0.2745 0.0685 0.053 0.061
1 0.4086666666666667 0.634375 0.06333333333333334 0.06225
0 0.646 0.451125 0.08133333333333333 0.03475
2 0.38416666666666666 0.1455 0.04933333333333333 0.0525
0 0.15583333333333332 0.536125 0.07733333333333334 0.03575
1 0.5156666666666667 0.35825 0.06233333333333333 0.04975
0 0.0195 0.351125 0.039 0.03025
1 0.8653333333333333 0.218875 0.10633333333333334 0.0885
0 0.29333333333333333 0.73025 0.07333333333333333 0.04275
0 0.268 0.36375 0.06733333333333333 0.04375
0 0.9005 0.726875 0.04533333333333334 0.03975
0 0.4695 0.058875 0.08233333333333333 0.0585
0 0.4026666666666667 0.545875 0.03833333333333333 0.022
1 0.2826666666666667 0.202 0.09566666666666666 0.0565
1 0.041166666666666664 0.09275 0.06666666666666667 0.04875
0 0.6708333333333333 0.057875 0.09166666666666666 0.03575
0 0.4845 0.219125 0.09266666666666666 0.06425
0 0.5271666666666667 0.547375 0.091 0.03375
3 0.7736666666666666 0.017 0.093 0.034
1 0.9073333333333333 0.4495 0.07133333333333333 0.0655
1 0.163 0.714 0.04833333333333333 0.033
0 0.14 0.4435 0.07466666666666667 0.031
0 0.09983333333333333 0.017 0.063 0.034
0 0.16316666666666665 0.714 0.048 0.0335
0 0.41333333333333333 0.8115 0.037333333333333336 0.02775
0 0.529 0.72475 0.039 0.02325
0 0.6585 0.814625 0.058666666666666666 0.0305
0 0.8988333333333334 0.813375 0.042333333333333334 0.03725
2 0.7751666666666667 0.72375 0.077 0.04375
0 0.6548333333333334 0.640375 0.07266666666666667 0.04375
0 0.9083333333333333 0.3485 0.044 0.0265
0 0.7685 0.266375 0.05566666666666667 0.033
2 0.6725 0.208875 0.09666666666666666 0.12025
0 0.5688333333333333 0.14275 0.04766666666666667 0.0345
1 0.123 0.166125 0.187 0.126
1 0.9061666666666667 0.06625 0.145 0.10625
0 0.9781666666666666 0.1295 0.043666666666666666 0.0365