1 0.7031666666666667 0.648625 0.07033333333333333 0.0325
0 0.23166666666666666 0.078875 0.07833333333333334 0.081
1 0.088 0.32825 0.06433333333333334 0.06175
1 0.6168333333333333 0.70125 0.09066666666666667 0.0405
1 0.44133333333333336 0.3335 0.06766666666666667 0.05875
0 0.18083333333333335 0.397875 0.06966666666666667 0.0575
2 0.07583333333333334 0.19675 0.11533333333333333 0.05425
2 0.17016666666666666 0.259875 0.09633333333333334 0.06975
1 0.43083333333333335 0.188625 0.08066666666666666 0.046
1 0.6225 0.3295 0.094 0.05875
1 0.6141666666666666 0.1825 0.07433333333333333 0.0545
1 0.7781666666666667 0.70375 0.08366666666666667 0.05025
1 0.2425 0.190625 0.10433333333333333 0.083
1 0.425 0.080125 0.08266666666666667 0.075
2 0.3425 0.410875 0.09966666666666667 0.07925
2 0.8505 0.81575 0.056666666666666664 0.03575
1 0.3445 0.262375 0.08133333333333333 0.0515
2 0.8193333333333334 0.18925 0.10166666666666667 0.07975
1 0.6898333333333333 0.806 0.06233333333333333 0.02625
1 0.7445 0.979625 0.053 0.027
2 0.8098333333333333 0.06975 0.11866666666666667 0.0815
1 0.53 0.637625 0.08966666666666667 0.047
1 0.9741666666666666 0.88975 0.051666666666666666 0.03675
1 0.09483333333333334 0.454125 0.11433333333333333 0.0635
1 0.8345 0.884375 0.051 0.0355
0 0.616 0.769875 0.058333333333333334 0.028
1 0.764 0.847625 0.052 0.02425
0 0.9648333333333333 0.46025 0.07033333333333333 0.058
2 0.8901666666666667 0.9825 0.05366666666666667 0.027
2 0.041833333333333333 0.073 0.08366666666666667 0.106
1 0.6155 0.84725 0.06566666666666666 0.03025
1 0.615 0.465 0.07 0.05525
0 0.5246666666666666 0.25525 0.08666666666666667 0.05475
1 0.4485 0.462875 0.06933333333333333 0.0495
4 0.7641666666666667 0.33575 0.184 0.12125
1 0.39016666666666666 0.80425 0.059333333333333335 0.0375
1 0.21866666666666668 0.63325 0.08866666666666667 0.053
1 0.6121666666666666 0.97775 0.060333333333333336 0.0315
2 0.35483333333333333 0.521375 0.087 0.063
1 0.172 0.84425 0.06633333333333333 0.03375
1 0.371 0.64675 0.06366666666666666 0.0535
1 0.4625 0.698875 0.05333333333333334 0.0435
1 0.793 0.5835 0.09533333333333334 0.056
2 0.33566666666666667 0.914125 0.041666666666666664 0.036
1 0.4598333333333333 0.8495 0.06933333333333333 0.03825
1 0.621 0.064875 0.08166666666666667 0.05175
1 0.5315 0.404375 0.09033333333333333 0.05875
2 0.48083333333333333 0.91775 0.07066666666666667 0.03475
1 0.9661666666666666 0.189875 0.06766666666666667 0.0755
1 0.9673333333333334 0.33225 0.06533333333333333 0.0495
1 0.72 0.26825 0.089 0.06475
2 0.26116666666666666 0.331875 0.08566666666666667 0.0695
2 0.896 0.4015 0.081 0.05725
1 0.7946666666666666 0.4515 0.12866666666666668 0.07375
1 0.7121666666666666 0.409125 0.06866666666666667 0.058
1 0.18333333333333332 0.517 0.09333333333333334 0.063
2 0.6118333333333333 0.5795 0.12366666666666666 0.0835
1 0.942 0.589125 0.11533333333333333 0.07
2 0.2673333333333333 0.7215 0.11966666666666667 0.04225
0 0.22216666666666668 0.978 0.061 0.02775
1 0.6896666666666667 0.88425 0.043333333333333335 0.0315
4 0.462 0.77075 0.08266666666666667 0.04525
0 0.9336666666666666 0.769875 0.03666666666666667 0.01625