1 0.6381666666666667 0.097125 0.08266666666666667 0.0695
2 0.373 0.15575 0.11966666666666667 0.05675
1 0.6048333333333333 0.2545 0.113 0.056
1 0.668 0.4105 0.081 0.06425
0 0.7206666666666667 0.164375 0.06833333333333333 0.04625
1 0.8743333333333333 0.3595 0.07333333333333333 0.05325
1 0.7405 0.360875 0.09433333333333334 0.05475
1 0.3401666666666667 0.250625 0.07966666666666666 0.07
2 0.5093333333333333 0.710625 0.091 0.05675
1 0.8675 0.799375 0.09266666666666666 0.0905
1 0.0625 0.149375 0.08766666666666667 0.09075
1 0.4023333333333333 0.395 0.07466666666666667 0.045
2 0.8908333333333334 0.259 0.12433333333333334 0.0615
2 0.8981666666666667 0.454375 0.10533333333333333 0.091
0 0.7425 0.257125 0.04466666666666667 0.0385
1 0.5261666666666667 0.506 0.06066666666666667 0.03825
2 0.8818333333333334 0.533 0.051666666666666666 0.062
1 0.6471666666666667 0.7245 0.077 0.044
4 0.735 0.458 0.09666666666666666 0.05775
0 0.4225 0.8915 0.04566666666666667 0.03325
1 0.7331666666666666 0.83175 0.09533333333333334 0.104
1 0.47783333333333333 0.247125 0.04833333333333333 0.0335
0 0.8776666666666667 0.065 0.041666666666666664 0.049
2 0.8691666666666666 0.67125 0.085 0.0715
1 0.060833333333333336 0.331875 0.12166666666666667 0.126
2 0.36733333333333335 0.522875 0.15166666666666667 0.12275
4 0.7331666666666666 0.572625 0.09666666666666666 0.07275