1 0.7341666666666666 0.195875 0.08666666666666667 0.0575
1 0.2215 0.078375 0.098 0.05925
1 0.398 0.209 0.12066666666666667 0.06325
1 0.5603333333333333 0.401875 0.084 0.0395
1 0.49283333333333335 0.141 0.092 0.057
4 0.20316666666666666 0.6835 0.07566666666666666 0.05125
2 0.7301666666666666 0.31725 0.10233333333333333 0.05
1 0.8228333333333333 0.1355 0.07633333333333334 0.04875
1 0.3075 0.14 0.07733333333333334 0.045
1 0.6493333333333333 0.261 0.07033333333333333 0.04675
2 0.10683333333333334 0.055625 0.213 0.11125
1 0.13533333333333333 0.14 0.066 0.04675
1 0.4256666666666667 0.738625 0.061 0.033
0 0.4185 0.5195 0.06733333333333333 0.0325
2 0.11683333333333333 0.5265 0.07033333333333333 0.04175
1 0.5071666666666667 0.261 0.09333333333333334 0.05575
1 0.6458333333333334 0.134 0.063 0.041
0 0.49183333333333334 0.57425 0.063 0.0305
0 0.498 0.68525 0.06966666666666667 0.029
2 0.6446666666666667 0.025875 0.08566666666666667 0.05175
1 0.3933333333333333 0.072375 0.086 0.0585
1 0.29983333333333334 0.01725 0.09033333333333333 0.0345
1 0.5813333333333334 0.072625 0.117 0.0415
0 0.134 0.629125 0.049666666666666665 0.02375
0 0.7201666666666666 0.6235 0.06 0.02675
0 0.28983333333333333 0.845375 0.04066666666666666 0.02725
1 0.2425 0.20525 0.06233333333333333 0.034
0 0.5018333333333334 0.792 0.03266666666666666 0.02225
1 0.0715 0.795 0.06533333333333333 0.029
4 0.4246666666666667 0.626125 0.079 0.05525
1 0.716 0.8515 0.072 0.0485
0 0.21133333333333335 0.7925 0.038 0.022
2 0.6455 0.681625 0.09 0.04575
0 0.3406666666666667 0.57775 0.044 0.022
4 0.7223333333333334 0.51925 0.08133333333333333 0.04925
4 0.35633333333333334 0.793875 0.06466666666666666 0.0345
1 0.564 0.317125 0.059333333333333335 0.05575
0 0.796 0.793875 0.044333333333333336 0.02775
0 0.2865 0.743125 0.06 0.038
1 0.018 0.262625 0.036 0.04025
2 0.8341666666666666 0.24825 0.07433333333333333 0.06975
2 0.1995 0.460875 0.15666666666666668 0.098
1 0.9735766666666666 0.2255 0.05251333333333332 0.072
1 0.15983333333333333 0.261625 0.08633333333333333 0.05575
1 0.719 0.401875 0.07666666666666666 0.066
4 0.554 0.51875 0.10866666666666666 0.07575
1 0.4013333333333333 0.394375 0.10333333333333333 0.06575
1 0.41533333333333333 0.331125 0.063 0.0535
2 0.8093333333333333 0.280375 0.053 0.047
1 0.9731366666666666 0.06632500000000001 0.05372666666666676 0.07435
2 0.09800666666666666 0.43621 0.11342666666666666 0.11426999999999998
2 0.7395733333333333 0.072125 0.09033333333333333 0.04425
2 0.577 0.844875 0.08833333333333333 0.0485
2 0.08583333333333333 0.326125 0.082 0.0455
2 0.021 0.85575 0.042 0.0735
4 0.3275 0.26825 0.09133333333333334 0.06775
1 0.9715333333333332 0.2927 0.04939333333333343 0.05174750000000006
1 0.07116666666666667 0.20475 0.11833333333333333 0.06
1 0.07133333333333333 0.20475 0.11833333333333333 0.06025
4 0.9205599999999999 0.4043225 0.06308333333333334 0.08017499999999995
2 0.9553566666666667 0.4633075 0.050483333333333276 0.04500750000000005
2 0.31059333333333333 0.3143675 0.05022666666666669 0.04537250000000006
2 0.2887866666666667 0.33720999999999995 0.06280000000000004 0.045017500000000044
2 0.09954333333333333 0.372815 0.07213999999999998 0.03144749999999999
2 0.9510933333333333 0.55372 0.03514333333333343 0.049799999999999955
2 0.9381366666666666 0.5977525 0.040780000000000045 0.04845499999999993
2 0.9224133333333333 0.7310025 0.04463333333333321 0.07402749999999991