5 0.20288333333333333 0.749145 0.20188333333333328 0.10058249999999998
5 0.3166033333333333 0.62146 0.30966 0.15854999999999994
5 0.06766666666666667 0.5906849999999999 0.13533333333333333 0.07227749999999991
4 0.26279333333333327 0.32878500000000005 0.22750666666666663 0.09997000000000003
5 0.12097333333333334 0.384355 0.24194666666666667 0.21727499999999997
5 0.35519 0.1788925 0.22011333333333338 0.1823825
5 0.5900733333333333 0.77575 0.09755333333333328 0.09614249999999992
5 0.6255266666666667 0.579105 0.08300666666666666 0.04760750000000007
5 0.6005600000000001 0.38543 0.2670833333333334 0.20772500000000002
4 0.64131 0.2400525 0.1215133333333334 0.1113125
5 0.87918 0.6276675 0.24164000000000002 0.09001250000000005
1 0.7781666666666667 0.375 0.04733333333333333 0.0335
3 0.6459266666666666 0.09270999999999999 0.07582333333333327 0.04989500000000001
1 0.12433333333333334 0.1639325 0.07304333333333334 0.024295000000000015
1 0.95664 0.161675 0.08671999999999995 0.06281999999999999
1 0.9257 0.23454 0.04654333333333337 0.03781999999999999
4 0.5299166666666667 0.2483425 0.0756266666666667 0.05196750000000003
1 0.4465 0.17475 0.051 0.04225
2 0.36747 0.4691475 0.14688666666666667 0.0468125
1 0.16318333333333335 0.2280575 0.06764999999999997 0.028827499999999985
2 0.31299 0.77847 0.0544666666666667 0.031012500000000047
1 0.49770666666666663 0.5220475 0.06166333333333326 0.03559249999999997
4 0.8199833333333333 0.49057500000000004 0.08186666666666678 0.073925
4 0.5760533333333333 0.167365 0.09889666666666669 0.07679750000000002
4 0.812 0.620875 0.04833333333333333 0.0355
0 0.16449 0.0218975 0.05751666666666665 0.025777500000000002
1 0.08249 0.217205 0.05259000000000001 0.028839999999999973
1 0.8845 0.156375 0.048 0.03825
2 0.3745 0.050375 0.15766666666666668 0.10075
1 0.7279166666666667 0.48161750000000003 0.08683333333333333 0.05373500000000001
0 0.8288533333333333 0.22754 0.07432999999999992 0.019027499999999975
1 0.5443733333333333 0.418085 0.0778766666666667 0.050797500000000016
1 0.96754 0.45403 0.06492000000000007 0.06281500000000005
1 0.28817666666666664 0.495875 0.09330000000000004 0.06269499999999999
0 0.51575 0.026600000000000002 0.06677666666666664 0.0531975
4 0.09239 0.09217499999999999 0.10374666666666667 0.083295
1 0.027626666666666664 0.208345 0.05053333333333334 0.04004500000000002
1 0.14307 0.30370749999999996 0.06360000000000002 0.02619500000000005
1 0.9430666666666666 0.5162424999999999 0.037766666666666726 0.029512500000000046
0 0.21454 0.2461825 0.10184333333333333 0.058705000000000014
1 0.535 0.06610250000000001 0.06627333333333339 0.043845
0 0.5646966666666666 0.7942125 0.02130000000000003 0.021247499999999947
2 0.9494400000000001 0.8004625 0.029429999999999987 0.01714249999999993
2 0.20293333333333333 0.732075 0.024533333333333303 0.016950000000000045
2 0.15297666666666668 0.7607725000000001 0.029589999999999995 0.01577999999999997
0 0.18361333333333335 0.7529874999999999 0.020490000000000008 0.012757499999999936
4 0.65553 0.7574875 0.06691000000000001 0.056222500000000085
0 0.5591366666666667 0.8108675 0.012813333333333352 0.011829999999999927
0 0.2855066666666667 0.01562 0.022400000000000014 0.0300375
0 0.18077333333333334 0.0926425 0.03453333333333332 0.067085
0 0.20077333333333336 0.0919075 0.021466666666666696 0.04098250000000002
0 0.30666666666666664 0.0111 0.02319999999999997 0.022197500000000002
1 0.20331666666666667 0.16704249999999998 0.07893333333333331 0.06186000000000001
0 0.27033666666666667 0.1388325 0.03346000000000004 0.03286250000000001
0 0.3643433333333333 0.207695 0.035890000000000026 0.02579000000000002
0 0.3955333333333333 0.23323750000000001 0.04019333333333331 0.028752499999999997
1 0.33815666666666666 0.25504499999999997 0.048313333333333354 0.03889249999999998
1 0.18591333333333335 0.2964275 0.025786666666666635 0.024657500000000027
1 0.14093333333333333 0.3356975 0.03474333333333334 0.02207249999999999
1 0.245 0.3759575 0.035066666666666683 0.024712499999999978
1 0.1637 0.3869825 0.07061333333333332 0.04070749999999998
0 0.06650333333333333 0.35427 0.11002999999999998 0.07211500000000001
1 0.10770333333333333 0.4155925 0.0814 0.05632749999999999
0 0.03044 0.456795 0.032183333333333335 0.02221249999999998
1 0.13932666666666668 0.46872250000000004 0.044603333333333314 0.031529999999999975
0 0.17404666666666666 0.438295 0.05440000000000002 0.0411875
1 0.18636333333333335 0.51149 0.07813000000000002 0.02377999999999997
1 0.11164666666666667 0.5190575 0.04092999999999999 0.030329999999999985
0 0.16305666666666668 0.5313275 0.024053333333333322 0.010769999999999981
1 0.04672 0.5769125 0.09343666666666667 0.02655250000000001
1 0.1880666666666667 0.56839 0.10413333333333334 0.0595775000000001
2 0.27841666666666665 0.5480625 0.029630000000000035 0.015902499999999917
1 0.2668 0.579115 0.06120999999999996 0.024839999999999918
0 0.40051 0.573345 0.032989999999999936 0.020867500000000063
0 0.30524666666666667 0.6031325000000001 0.08123333333333331 0.042357500000000076
2 0.24889666666666668 0.6177474999999999 0.04179333333333337 0.02182249999999999
0 0.29672333333333334 0.6597725 0.016880000000000034 0.012667500000000019
0 0.2591333333333333 0.657555 0.01625333333333333 0.011872499999999946
2 0.3098766666666667 0.672095 0.02848000000000002 0.0153900000000001
0 0.35835 0.6885775 0.022033333333333304 0.01399000000000001
4 0.41391666666666665 0.648925 0.04439000000000003 0.0390474999999999
4 0.3732833333333333 0.6173474999999999 0.08661333333333335 0.08281500000000006
4 0.6371666666666667 0.033350000000000005 0.12033666666666674 0.06670000000000001
0 0.6163833333333334 0.1950475 0.027313333333333353 0.02230000000000001
4 0.7722766666666666 0.1095675 0.12332333333333342 0.0814975
2 0.7892033333333334 0.157815 0.06242666666666658 0.03648500000000001
4 0.5854766666666666 0.3431375 0.11348000000000001 0.08511749999999994
4 0.3585666666666667 0.40652999999999995 0.21344333333333332 0.09094000000000005
0 0.41334 0.4547375 0.04907666666666667 0.017690000000000053
1 0.6656833333333333 0.3698175 0.03205000000000003 0.03490499999999997
0 0.7075666666666666 0.3887 0.02669333333333331 0.015450000000000045
0 0.7446499999999999 0.4006975 0.03432666666666652 0.014977499999999963
0 0.7389966666666666 0.42006 0.030039999999999963 0.014840000000000032
0 0.7076166666666667 0.432525 0.03549333333333319 0.019167500000000018
0 0.6816633333333333 0.42989499999999997 0.0151566666666666 0.01596749999999997
0 0.54972 0.5035350000000001 0.035339999999999996 0.022497500000000004
0 0.64506 0.531965 0.0615 0.010660000000000083
0 0.6453266666666667 0.5713275 0.033316666666666606 0.014132499999999937
0 0.62408 0.58386 0.022246666666666595 0.01610500000000002
0 0.6003333333333334 0.6021325000000001 0.02035000000000006 0.01977999999999997
0 0.77913 0.5686100000000001 0.04068333333333339 0.016242500000000062
0 0.62524 0.662535 0.02077666666666664 0.013362499999999954
0 0.5764033333333334 0.6738624999999999 0.042023333333333385 0.01274499999999989
2 0.7666966666666667 0.682765 0.02807666666666652 0.021112499999999954
4 0.8542433333333334 0.7487825 0.11648666666666668 0.04678500000000008
0 0.9224833333333333 0.72788 0.01797333333333336 0.011377500000000054
2 0.9615766666666666 0.7423675 0.07103000000000005 0.048285000000000085
2 0.9658166666666667 0.6534975 0.03296999999999995 0.0173599999999999
0 0.9378166666666666 0.6408425 0.013816666666666606 0.010684999999999946
1 0.9165533333333333 0.6085750000000001 0.03468333333333339 0.020825000000000045
0 0.99409 0.60533 0.011816666666666606 0.01011500000000001
0 0.8920399999999999 0.6296475 0.02164999999999994 0.012970000000000027
0 0.87905 0.6346775 0.018493333333333188 0.011599999999999909
0 0.8598566666666667 0.6306649999999999 0.01979999999999988 0.017667500000000017
1 0.9437866666666667 0.582995 0.04868333333333339 0.033102499999999965
1 0.8885133333333333 0.5176625 0.03572333333333336 0.022702500000000042
1 0.9024633333333333 0.48371749999999997 0.03318333333333339 0.02167999999999995
1 0.9676400000000001 0.349875 0.029816666666666606 0.0231875
0 0.8491966666666667 0.32114 0.06028333333333345 0.051764999999999985
4 0.7855733333333332 0.294615 0.09113000000000011 0.07514499999999998
5 0.9737033333333334 0.251605 0.05259333333333325 0.08452000000000001
0 0.9719633333333333 0.2071475 0.027123333333333298 0.017144999999999983
0 0.85136 0.2407225 0.07046999999999995 0.024370000000000006
4 0.90272 0.3042325 0.1033766666666667 0.09725
1 0.8655833333333334 0.4186525 0.09734000000000015 0.0488125
0 0.5498333333333333 0.026125 0.058333333333333334 0.05225
4 0.7378066666666667 0.21785499999999997 0.09764999999999995 0.08186499999999998
5 0.62831 0.44828250000000003 0.09371999999999996 0.06527250000000004
1 0.6427533333333333 0.5925125 0.037 0.01593249999999989
0 0.19686666666666666 0.4130275 0.021660000000000006 0.010595000000000028
0 0.09948 0.586715 0.019650000000000015 0.013934999999999946