1 0.287 0.075 0.105 0.06575
4 0.9481666666666667 0.22575 0.103 0.111
3 0.17916666666666667 0.144875 0.07966666666666666 0.0415
1 0.5885 0.206875 0.07966666666666666 0.0585
4 0.9206666666666666 0.303875 0.06633333333333333 0.04875
1 0.4196666666666667 0.15325 0.06566666666666666 0.05
4 0.8151666666666667 0.3005 0.06966666666666667 0.0545
4 0.12216666666666667 0.199875 0.06533333333333333 0.04525
4 0.05216666666666667 0.149375 0.05366666666666667 0.0345
2 0.25183333333333335 0.200875 0.07666666666666666 0.03425
1 0.773 0.154875 0.05633333333333333 0.041
1 0.15733333333333333 0.073625 0.057666666666666665 0.04775
1 0.26016666666666666 0.29725 0.06133333333333333 0.054
1 0.0785 0.019375 0.06966666666666667 0.03875
1 0.3805 0.460375 0.06133333333333333 0.03775
1 0.4146666666666667 0.083375 0.05333333333333334 0.04275
1 0.5823333333333334 0.459375 0.074 0.053
1 0.063 0.38325 0.072 0.033
1 0.7033333333333334 0.204375 0.050333333333333334 0.0285
1 0.29983333333333334 0.157125 0.04766666666666667 0.046
1 0.03183333333333333 0.07875 0.06166666666666667 0.05225
1 0.6516666666666666 0.252375 0.049666666666666665 0.0505
1 0.226 0.42075 0.058666666666666666 0.0305
4 0.8158333333333333 0.545125 0.07733333333333334 0.0405
1 0.7455 0.346875 0.054 0.0405
1 0.3468333333333333 0.016625 0.09966666666666667 0.03325
1 0.5856666666666667 0.376125 0.049 0.03975
4 0.69 0.377375 0.09 0.04825
2 0.7906666666666666 0.381 0.052333333333333336 0.0365
0 0.536 0.25375 0.049666666666666665 0.041
1 0.42483333333333334 0.345375 0.05633333333333333 0.03275
1 0.23600333333333334 0.4992475 0.07066666666666667 0.02900750000000005
1 0.207 0.338625 0.044 0.0375
0 0.48083333333333333 0.3025 0.04833333333333333 0.02775
1 0.764 0.25475 0.044333333333333336 0.04175
1 0.8218333333333333 0.203875 0.058666666666666666 0.0345
1 0.6985 0.29875 0.043 0.03975
0 0.08266666666666667 0.2535 0.048666666666666664 0.03025
1 0.37633333333333335 0.382125 0.05433333333333333 0.0345
1 0.7623333333333333 0.578 0.043666666666666666 0.02625
1 0.7222533333333334 0.497125 0.051829999999999925 0.028
4 0.8315 0.696125 0.04833333333333333 0.02625
0 0.7383333333333333 0.751875 0.027 0.01875
3 0.8671666666666666 0.241 0.087 0.0505
2 0.2846666666666667 0.45925 0.04133333333333333 0.02775
2 0.4313666666666666 0.4193825 0.07566666666666666 0.03925
2 0.17383333333333334 0.672625 0.04133333333333333 0.03375
1 0.4761666666666667 0.457125 0.056666666666666664 0.02475
1 0.9753333333333334 0.543 0.04933333333333333 0.038
2 0.6805 0.46097750000000004 0.033666666666666664 0.03379250000000002
2 0.6043333333333333 0.019375 0.058333333333333334 0.03875
0 0.15216333333333334 0.547375 0.054003333333333334 0.027747499999999946
1 0.2713333333333333 0.3845 0.041 0.02375
0 0.8561666666666666 0.336125 0.041 0.0325
2 0.6546666666666666 0.15625 0.042666666666666665 0.02275
1 0.5386666666666666 0.080375 0.044 0.04875
0 0.321 0.34625 0.038 0.02875
2 0.9051666666666667 0.545625 0.05433333333333333 0.0315
0 0.8661666666666666 0.464625 0.07866666666666666 0.02675
2 0.1485 0.756375 0.042666666666666665 0.0245
2 0.5828333333333333 0.305 0.07166666666666667 0.04175
1 0.6241666666666666 0.542375 0.04766666666666667 0.0185
1 0.1 0.342375 0.05266666666666667 0.03425
2 0.26216666666666666 0.612125 0.052333333333333336 0.01925
0 0.3745 0.300875 0.047 0.03175
0 0.783 0.723125 0.03233333333333333 0.0175
2 0.637 0.340625 0.06366666666666666 0.0395
0 0.027833333333333335 0.206375 0.05566666666666667 0.052
2 0.5288333333333334 0.72225 0.036 0.01975
1 0.4835 0.38175 0.03966666666666667 0.02925
1 0.5278333333333334 0.6095 0.038 0.02075
2 0.16733333333333333 0.379 0.037333333333333336 0.036
0 0.12283333333333334 0.64175 0.026 0.015
1 0.39466666666666667 0.57825 0.04666666666666667 0.03525
2 0.6391666666666667 0.421375 0.043 0.02875
0 0.4015 0.698125 0.02666666666666667 0.01525
4 0.30033333333333334 0.5781225 0.05067333333333333 0.03475500000000011
0 0.8813333333333333 0.6665 0.033 0.01425
0 0.6118333333333333 0.669125 0.042 0.01925
2 0.3626666666666667 0.725125 0.04066666666666666 0.022
2 0.48075999999999997 0.2185525 0.12770333333333336 0.13888499999999998
1 0.15133333333333332 0.296625 0.04766666666666667 0.03975
0 0.9325 0.72225 0.039 0.01725
1 0.3461666666666667 0.60975 0.03933333333333333 0.02425
2 0.5235 0.348375 0.05466666666666667 0.03425
1 0.7853333333333333 0.66775 0.045 0.0175
1 0.4721666666666667 0.037875 0.041666666666666664 0.07575
1 0.8926266666666667 0.15902000000000002 0.06727666666666664 0.05181999999999999
0 0.1955 0.780375 0.02666666666666667 0.01375
0 0.5278333333333334 0.77475 0.024333333333333332 0.01325
1 0.9855 0.694375 0.029 0.02025
0 0.839 0.420125 0.05333333333333334 0.03125
1 0.8543333333333333 0.776125 0.03166666666666667 0.02125
0 0.9933333333333333 0.777375 0.013333333333333334 0.0185
0 0.36223333333333335 0.779875 0.03753000000000005 0.02275
0 0.8213333333333334 0.751 0.028 0.01175
1 0.106 0.437875 0.086 0.05875
2 0.5345 0.495125 0.04733333333333333 0.03475
1 0.1 0.342375 0.052333333333333336 0.03425
1 0.6203333333333333 0.611 0.04033333333333333 0.02525
0 0.7358333333333333 0.41975 0.03766666666666667 0.0355
2 0.7346733333333333 0.028 0.08165333333333334 0.056
2 0.26566666666666666 0.669625 0.04 0.0225
0 0.7107333333333333 0.6102925 0.04066666666666666 0.02196250000000009
0 0.6991666666666667 0.724375 0.027333333333333334 0.015
0 0.9768666666666667 0.4153525 0.028479999999999867 0.04277999999999997
1 0.863 0.02375 0.06666666666666667 0.0475
0 0.9068333333333334 0.080875 0.061 0.0445
1 0.8968733333333333 0.38706999999999997 0.04564666666666653 0.03176999999999998
0 0.7356666666666667 0.41975 0.03766666666666667 0.0355
3 0.33547333333333335 0.417875 0.05933333333333337 0.043
0 0.9637766666666666 0.6076825 0.02186333333333338 0.0131875
0 0.80403 0.6089275 0.030526666666666643 0.01527500000000009
0 0.8405733333333333 0.6385974999999999 0.031023333333333236 0.02009249999999997
1 0.9901466666666667 0.387905 0.01970666666666663 0.02747249999999997
0 0.09655666666666667 0.7285575 0.027543333333333333 0.015637500000000047
2 0.2139333333333333 0.642255 0.023866666666666637 0.021762500000000046
0 0.39806 0.640245 0.02694999999999997 0.013440000000000054
0 0.27346666666666664 0.7265 0.02629000000000004 0.016549999999999954
0 0.53286 0.66716 0.032096666666666655 0.020612499999999954
0 0.6142633333333333 0.7232375 0.026176666666666733 0.013612499999999954
0 0.7046000000000001 0.6669525 0.02415666666666675 0.017049999999999954
0 0.7453799999999999 0.6958200000000001 0.018179999999999988 0.013430000000000063