5 0.6704266666666666 0.25031749999999997 0.19037666666666664 0.14665499999999998
1 0.1935 0.7085 0.113 0.05425
1 0.23583333333333334 0.13625 0.114 0.07825
1 0.745 0.147 0.13733333333333334 0.0665
2 0.9435 0.104 0.11266666666666666 0.06425
2 0.0415 0.071625 0.083 0.064
2 0.3918333333333333 0.179875 0.06266666666666666 0.04225
1 0.8821666666666667 0.337 0.06733333333333333 0.043
1 0.5536666666666666 0.132 0.057 0.04525
1 0.452 0.299625 0.051666666666666666 0.03425
1 0.149 0.29625 0.08066666666666666 0.03775
2 0.15116666666666667 0.577625 0.04033333333333333 0.0285
1 0.30766666666666664 0.331875 0.057 0.024
3 0.17816666666666667 0.17125 0.048666666666666664 0.0455
0 0.1965 0.6055 0.039 0.02375
1 0.8146666666666667 0.416 0.037 0.02825
1 0.5966666666666667 0.081 0.08766666666666667 0.04575
1 0.49866666666666665 0.44925 0.057 0.05675
2 0.21433333333333332 0.334125 0.054 0.0215
2 0.2848333333333333 0.709125 0.060333333333333336 0.034
1 0.786 0.3375 0.04566666666666667 0.0415
1 0.694 0.710125 0.046 0.0215
1 0.7911666666666667 0.25375 0.06366666666666666 0.03425
0 0.3275 0.745 0.043666666666666666 0.02375
4 0.5756666666666667 0.94025 0.038 0.0235
1 0.36133333333333334 0.485375 0.043 0.03
2 0.8955 0.26 0.043 0.05825
2 0.8353333333333334 0.295875 0.035 0.029
1 0.606 0.179125 0.048666666666666664 0.02575
1 0.7151666666666666 0.489 0.05433333333333333 0.03825
0 0.36533333333333334 0.909 0.03766666666666667 0.02325
1 0.24866666666666667 0.29275 0.04133333333333333 0.028
0 0.15866666666666668 0.94175 0.03766666666666667 0.02175
2 0.14483333333333334 0.51575 0.046 0.03025
1 0.44333333333333336 0.130125 0.07233333333333333 0.06625
1 0.274 0.415875 0.044 0.0235
1 0.578 0.575875 0.04066666666666666 0.023
2 0.7796666666666666 0.7116775 0.041666666666666664 0.03364249999999993
1 0.6193333333333333 0.60925 0.06233333333333333 0.03
1 0.727 0.368375 0.050333333333333334 0.04875
1 0.10983333333333334 0.328 0.041 0.0235
1 0.5528333333333333 0.218375 0.06166666666666667 0.03125
2 0.45216666666666666 0.777625 0.03866666666666667 0.024
1 0.44683333333333336 0.219375 0.06 0.0275
1 0.4028333333333333 0.5155 0.06266666666666666 0.02875
1 0.3225 0.5145 0.058 0.02025
1 0.5391666666666667 0.545875 0.04533333333333334 0.02775
1 0.3615 0.366875 0.04466666666666667 0.02075
1 0.5406666666666666 0.36875 0.044333333333333336 0.0315
0 0.6583333333333333 0.87325 0.03866666666666667 0.017
1 0.7183333333333334 0.545625 0.058 0.02
1 0.4103333333333333 0.634 0.035666666666666666 0.02125
1 0.8546666666666667 0.219625 0.06233333333333333 0.052
2 0.3448333333333333 0.21975 0.042333333333333334 0.03675
0 0.4565 0.837625 0.028333333333333332 0.01475
1 0.18383333333333332 0.48225 0.037333333333333336 0.02075
1 0.17916666666666667 0.412625 0.033 0.01975
1 0.49216666666666664 0.575 0.034 0.022
1 0.624 0.544875 0.04033333333333333 0.02725
1 0.3625 0.545 0.03833333333333333 0.0215
2 0.5945 0.333375 0.05266666666666667 0.03175
0 0.6166666666666667 0.775125 0.037333333333333336 0.01875
1 0.6713333333333333 0.577625 0.047 0.02775
2 0.354 0.297 0.04 0.029
4 0.2853333333333333 0.906375 0.042666666666666665 0.0315
1 0.5833333333333334 0.51225 0.042666666666666665 0.0275
0 0.656 0.807125 0.034 0.017
1 0.5455 0.298875 0.037333333333333336 0.0295
2 0.20066666666666666 0.77475 0.049666666666666665 0.02625
2 0.499 0.259 0.05633333333333333 0.0245
1 0.8483333333333334 0.515375 0.041 0.0225
2 0.6263333333333333 0.415 0.03866666666666667 0.0305
1 0.5003333333333333 0.337 0.042 0.033
2 0.6855 0.334125 0.046 0.02525
2 0.23583333333333334 0.577 0.047 0.02975
1 0.7663333333333333 0.452875 0.043666666666666666 0.02375
2 0.2805 0.66625 0.05433333333333333 0.038
1 0.36533333333333334 0.60775 0.06366666666666666 0.04
2 0.36666666666666664 0.773375 0.04566666666666667 0.02125
1 0.6173333333333333 0.906 0.033 0.02
1 0.3601666666666667 0.416125 0.039 0.0225
1 0.4535 0.48125 0.043666666666666666 0.01975
1 0.6671666666666667 0.454875 0.03833333333333333 0.03825
1 0.5401666666666667 0.606125 0.032 0.0165
2 0.8401933333333333 0.6327375 0.032916666666666664 0.034694999999999934
2 0.718 0.41275 0.05566666666666667 0.04875
0 0.846 0.449625 0.03266666666666666 0.028
4 0.7815 0.77675 0.043333333333333335 0.02675
0 0.5725 0.808375 0.024666666666666667 0.01375
1 0.3908333333333333 0.25175 0.057666666666666665 0.03875
0 0.536 0.973375 0.02266666666666667 0.01775
2 0.26768666666666663 0.4806475 0.03196000000000004 0.02124249999999995
1 0.4126666666666667 0.93975 0.03666666666666667 0.018
1 0.7923333333333333 0.606 0.045 0.0275
1 0.6971666666666667 0.665125 0.03 0.029
3 0.6196666666666667 0.36875 0.06966666666666667 0.0465
2 0.49916666666666665 0.74125 0.08333333333333333 0.05525
1 0.5381666666666667 0.482125 0.043 0.0365
0 0.4935 0.9385 0.021666666666666667 0.01375
2 0.7845 0.666625 0.05266666666666667 0.0255
1 0.3995 0.329 0.05266666666666667 0.03325
2 0.4513333333333333 0.416 0.058333333333333334 0.021
2 0.44766666666666666 0.667 0.043666666666666666 0.025
1 0.8363333333333334 0.577625 0.037333333333333336 0.022
4 0.5803333333333334 0.638625 0.050333333333333334 0.03525
1 0.408 0.45075 0.043 0.03
2 0.97922 0.537625 0.0415600000000001 0.0455
2 0.16016666666666668 0.807 0.043333333333333335 0.021
1 0.6706666666666666 0.635875 0.04666666666666667 0.02825
0 0.2846666666666667 0.775125 0.03266666666666666 0.02025
1 0.28883333333333333 0.600875 0.051333333333333335 0.0285
2 0.13683333333333333 0.448375 0.052333333333333336 0.01925
1 0.4945 0.634375 0.04066666666666666 0.02625
1 0.6100233333333334 0.704185 0.055376666666666706 0.03688000000000011
2 0.20033333333333334 0.841 0.024 0.0205
4 0.6193333333333333 0.8375 0.043666666666666666 0.03375
1 0.7820433333333334 0.9779924999999999 0.04133333333333333 0.03238000000000011
4 0.9748333333333333 0.38313749999999996 0.050333333333333334 0.07752750000000003
1 0.409 0.577 0.03833333333333333 0.026
2 0.7021666666666667 0.97275 0.051 0.03
2 0.752 0.514125 0.04066666666666666 0.044
1 0.4535 0.605375 0.05733333333333333 0.02775
1 0.9828333333333333 0.171 0.034333333333333334 0.07525
4 0.49233333333333335 0.870875 0.041666666666666664 0.03125
2 0.6436666666666667 0.487 0.043 0.02625
2 0.4463066666666667 0.726555 0.06461333333333338 0.0621400000000001
0 0.5375 0.907875 0.03666666666666667 0.0245
2 0.8125 0.481625 0.05633333333333333 0.037
2 0.24183333333333334 0.63575 0.05533333333333333 0.029
1 0.7448333333333333 0.63675 0.03866666666666667 0.02475
1 0.371 0.709 0.043 0.029
2 0.487 0.5295 0.116 0.06325
3 0.31866666666666665 0.634625 0.05533333333333333 0.03075
0 0.4533333333333333 0.36625 0.058 0.02925
4 0.28 0.544875 0.050333333333333334 0.0275
0 0.95745 0.946875 0.041566666666666606 0.019
1 0.7486666666666667 0.5755 0.033 0.01925
2 0.7973333333333333 0.54675 0.045 0.021
1 0.3665 0.665875 0.05 0.02
2 0.366 0.9715 0.051333333333333335 0.0545
0 0.19766666666666666 0.255875 0.054 0.03575
1 0.718 0.28675 0.03766666666666667 0.02325
1 0.20016666666666666 0.90775 0.043333333333333335 0.03075
2 0.19844333333333336 0.5118575 0.04355666666666669 0.02988250000000005
0 0.28683333333333333 0.84075 0.02 0.01325
1 0.31583333333333335 0.448 0.04766666666666667 0.0315
3 0.19919333333333333 0.6422224999999999 0.039 0.02675
2 0.9606666666666667 0.60125 0.029333333333333333 0.02675
4 0.6913333333333334 0.77475 0.059666666666666666 0.044
4 0.2 0.90775 0.043 0.031
2 0.21937333333333334 0.5253724999999999 0.028330000000000004 0.0264375
4 0.9528333333333333 0.4855 0.031 0.0345
1 0.6443333333333333 0.302375 0.03333333333333333 0.02075
1 0.93707 0.662395 0.03545000000000012 0.028617500000000063
1 0.62078 0.675085 0.03222333333333336 0.034170000000000075
0 0.6601666666666667 0.938875 0.01633333333333333 0.0135
4 0.36833333333333335 0.838875 0.044 0.034
1 0.9841666666666666 0.857875 0.03166666666666667 0.022
0 0.5375 0.908125 0.037 0.0245
2 0.28833333333333333 0.9755 0.04533333333333334 0.02625
0 0.6304866666666666 0.22571000000000002 0.04280000000000003 0.018670000000000016
1 0.6541333333333333 0.2103375 0.037516666666666726 0.02871999999999997
0 0.2927133333333333 0.26100249999999997 0.05692999999999999 0.03189750000000001
2 0.72501 0.22966999999999999 0.051053333333333284 0.04015249999999997
1 0.6034366666666666 0.2587175 0.05205999999999995 0.042450000000000015
1 0.6685599999999999 0.24402249999999998 0.046029999999999974 0.027119999999999977
1 0.9872666666666667 0.28046499999999996 0.025466666666666544 0.049995000000000005
4 0.9343533333333334 0.4639325 0.03092333333333348 0.06320000000000005
1 0.9876333333333334 0.4389025 0.02407000000000001 0.03603999999999996
1 0.9644333333333334 0.44933249999999997 0.033670000000000075 0.04308749999999998
1 0.9249166666666667 0.5511725000000001 0.029060000000000096 0.0363275000000001
1 0.9530766666666667 0.5411375 0.025716666666666544 0.041035000000000085
1 0.96788 0.64164 0.05607666666666652 0.05199749999999995
1 0.9181033333333333 0.6329175 0.02964999999999994 0.02015000000000009
4 0.9651900000000001 0.6657825 0.02457999999999993 0.027615000000000008
4 0.8916000000000001 0.7161325000000001 0.03963666666666662 0.042549999999999956
2 0.9280133333333334 0.7502000000000001 0.03441333333333326 0.02297499999999991
2 0.9289733333333333 0.8022225 0.02096999999999995 0.028644999999999983
2 0.9172199999999999 0.8255 0.024503333333333405 0.0285
2 0.9081933333333333 0.9030475 0.027960000000000037 0.044517499999999925
1 0.23383333333333334 0.442125 0.044333333333333336 0.04375
2 0.2707866666666667 0.496325 0.040173333333333325 0.018112499999999955
1 0.5979166666666667 0.4748525 0.06146333333333329 0.06866250000000003
2 0.8273999999999999 0.648975 0.023773333333333237 0.023309999999999945
2 0.45064000000000004 0.6910700000000001 0.03712000000000004 0.017345000000000027
2 0.5647966666666667 0.6621775 0.024723333333333358 0.023112499999999956
2 0.5514833333333333 0.6733899999999999 0.02904333333333337 0.0230150000000001
2 0.7406466666666667 0.8728075 0.04949666666666659 0.02727749999999992
0 0.7824366666666667 0.83813 0.03164666666666653 0.01695499999999993
0 0.8270666666666666 0.9422324999999999 0.027590000000000146 0.01903250000000003