1 0.5053333333333333 0.75225 0.10133333333333333 0.06225
1 0.43266666666666664 0.674125 0.079 0.04875
0 0.147 0.766125 0.07533333333333334 0.05825
1 0.16966666666666666 0.925625 0.08166666666666667 0.061
1 0.4055 0.347625 0.08 0.0875
1 0.23433333333333334 0.6985 0.14033333333333334 0.11525
0 0.391 0.4725 0.076 0.04325
1 0.245 0.466875 0.13433333333333333 0.07625
0 0.8191666666666667 0.65725 0.08766666666666667 0.0485
0 0.12866666666666668 0.55775 0.07533333333333334 0.06175
0 0.3545 0.608125 0.06166666666666667 0.04575
0 0.8098333333333333 0.93425 0.092 0.06175
2 0.5273333333333333 0.60675 0.096 0.0875
1 0.7213333333333334 0.8515 0.081 0.05625
4 0.47383333333333333 0.930375 0.08333333333333333 0.0745
0 0.9143333333333333 0.73875 0.06466666666666666 0.0425
0 0.6596666666666666 0.3985 0.097 0.06225
0 0.8321666666666667 0.515 0.09166666666666666 0.06