1 0.7078333333333333 0.063125 0.12166666666666667 0.08775
2 0.39916666666666667 0.738 0.06766666666666667 0.0355
1 0.30283333333333334 0.69975 0.07 0.04275
1 0.11616666666666667 0.151875 0.10166666666666667 0.074
1 0.7895 0.454 0.09633333333333334 0.05925
1 0.6573333333333333 0.6865 0.08833333333333333 0.03425
0 0.38516666666666666 0.556625 0.048666666666666664 0.02425
0 0.09866666666666667 0.884625 0.075 0.03425
1 0.37316666666666665 0.46375 0.098 0.049
2 0.24616666666666667 0.813375 0.06133333333333333 0.03125
2 0.10333333333333333 0.615875 0.07133333333333333 0.0455
1 0.22183333333333333 0.0765 0.09466666666666666 0.11575
1 0.12383333333333334 0.701 0.07033333333333333 0.04325
1 0.365 0.320375 0.09233333333333334 0.065
1 0.62 0.138875 0.17266666666666666 0.0965
1 0.4116666666666667 0.87425 0.049 0.02775
1 0.7763333333333333 0.549875 0.08933333333333333 0.033
1 0.6843333333333333 0.3945 0.08866666666666667 0.04825
3 0.47983333333333333 0.21525 0.11866666666666667 0.12575
1 0.25016666666666665 0.24425 0.10133333333333333 0.08625
1 0.491 0.602625 0.063 0.03725
1 0.8248333333333333 0.317 0.11233333333333333 0.08225
0 0.2793333333333333 0.607875 0.06133333333333333 0.027
1 0.024333333333333332 0.65975 0.048666666666666664 0.02975
0 0.18416666666666667 0.5565 0.042333333333333334 0.01925
4 0.9315 0.05825 0.137 0.1165
2 0.4033333333333333 0.654875 0.09666666666666666 0.0385
1 0.871 0.59375 0.086 0.04675
1 0.46066666666666667 0.0745 0.09666666666666666 0.06775
1 0.1265 0.324375 0.133 0.09425
0 0.9288333333333333 0.228375 0.07933333333333334 0.0375
4 0.9305 0.4635 0.139 0.14625
1 0.5886666666666667 0.311625 0.12733333333333333 0.05725
1 0.4721666666666667 0.402 0.063 0.066
1 0.25316666666666665 0.3935 0.077 0.0925
0 0.7601666666666667 0.6415 0.044333333333333336 0.02325
1 0.6716666666666666 0.60125 0.07233333333333333 0.02875
0 0.5653333333333334 0.544875 0.09533333333333334 0.037
0 0.9188333333333333 0.723125 0.034666666666666665 0.01975
1 0.8211666666666667 0.766125 0.07166666666666667 0.02775
1 0.7228333333333333 0.871 0.06966666666666667 0.048
2 0.5686666666666667 0.805375 0.05533333333333333 0.03025
2 0.48733333333333334 0.840625 0.07766666666666666 0.042
1 0.06916666666666667 0.817375 0.06433333333333334 0.03125