1 0.09033333333333333 0.56575 0.16 0.0815
1 0.9123333333333333 0.41525 0.072 0.04675
1 0.2786666666666667 0.37 0.084 0.05125
0 0.6568333333333334 0.02725 0.08166666666666667 0.0545
1 0.3373333333333333 0.4705 0.064 0.03825
1 0.2623333333333333 0.1376825 0.18666666666666668 0.14263499999999998
1 0.6633333333333333 0.400125 0.06966666666666667 0.03975
1 0.7641666666666667 0.071 0.06 0.078
1 0.392 0.44225 0.071 0.0575
0 0.378 0.652125 0.035666666666666666 0.01975
1 0.43833333333333335 0.29875 0.06233333333333333 0.0355
0 0.32083333333333336 0.732875 0.13233333333333333 0.03925
0 0.5791666666666667 0.09975 0.16566666666666666 0.078
0 0.9475 0.327 0.039 0.025
1 0.47833333333333333 0.6865 0.07766666666666666 0.0665
0 0.3526666666666667 0.777 0.06133333333333333 0.0245
4 0.6458333333333334 0.446 0.05533333333333333 0.0315
0 0.13216666666666665 0.4555 0.057666666666666665 0.0475
4 0.5564866666666667 0.4560325 0.11766666666666667 0.0955
1 0.16466666666666666 0.81 0.032 0.01625
1 0.6471666666666667 0.579875 0.05566666666666667 0.03375
0 0.6473333333333333 0.579875 0.05533333333333333 0.0335
4 0.132 0.4555 0.057666666666666665 0.04775
5 0.6156133333333333 0.13663999999999998 0.5061166666666667 0.27327999999999997
5 0.03134666666666666 0.1461175 0.06269 0.23683749999999998
0 0.024666666666666667 0.052465000000000005 0.049330000000000006 0.043370000000000006
0 0.055909999999999994 0.1828525 0.03617666666666667 0.07241500000000002
0 0.23770333333333335 0.53087 0.03170999999999996 0.018795000000000072
0 0.29492999999999997 0.6538275 0.034 0.026387500000000046
0 0.28298333333333336 0.6395475 0.027906666666666677 0.01225
0 0.23615333333333335 0.7384850000000001 0.09141333333333333 0.07556999999999994
5 0.5540333333333333 0.7899325 0.27429 0.07665499999999997
2 0.9341666666666667 0.7935 0.13166666666666665 0.101
0 0.88168 0.4991375 0.0796899999999999 0.09470500000000004
0 0.63105 0.5183 0.030640000000000025 0.031470000000000026
0 0.5934933333333333 0.54643 0.03216000000000001 0.017809999999999944
0 0.63733 0.418585 0.022879999999999956 0.017309999999999947
0 0.8081466666666667 0.2203125 0.03058666666666674 0.02292500000000001
0 0.7652033333333333 0.25934500000000005 0.02907999999999993 0.011534999999999997
0 0.7316033333333333 0.1437175 0.026969999999999952 0.03598750000000001
2 0.5097266666666667 0.5563575 0.06959 0.040232500000000074
0 0.46829 0.646685 0.025070000000000012 0.01713499999999999
0 0.5708933333333334 0.8165825 0.015359999999999976 0.012512500000000046
0 0.50005 0.8046125 0.033753333333333406 0.0182650000000001
0 0.09233333333333334 0.874 0.18466666666666667 0.1245