1 0.504 0.603375 0.08033333333333334 0.05925
1 0.6035 0.262 0.108 0.0525
2 0.896 0.60775 0.087 0.06775
1 0.5196666666666667 0.340875 0.08633333333333333 0.051
0 0.24516666666666667 0.407125 0.09466666666666666 0.042
1 0.14616666666666667 0.468625 0.07333333333333333 0.055
1 0.7901666666666667 0.26775 0.088 0.064
1 0.3135 0.609 0.161 0.0925
1 0.9678333333333333 0.388 0.064 0.0495
0 0.227 0.686625 0.071 0.07375
1 0.42083333333333334 0.940625 0.07 0.06375
1 0.416 0.792 0.078 0.04775
1 0.050666666666666665 0.9345 0.06633333333333333 0.0665
0 0.43083333333333335 0.399375 0.09933333333333333 0.03325
2 0.5158333333333334 0.472125 0.07433333333333333 0.0675
1 0.3393333333333333 0.34175 0.07466666666666667 0.0615
1 0.253 0.261875 0.118 0.053
1 0.6001666666666666 0.78675 0.07166666666666667 0.05225
0 0.6095 0.402625 0.088 0.0375
1 0.9616666666666667 0.258625 0.076 0.084
1 0.428 0.53975 0.06833333333333333 0.05
1 0.7846666666666666 0.38725 0.093 0.0605
1 0.4166666666666667 0.688875 0.07633333333333334 0.07075
2 0.042166666666666665 0.679625 0.08433333333333333 0.10225
1 0.9786666666666667 0.544 0.042666666666666665 0.08775
1 0.32366666666666666 0.86725 0.086 0.05175
0 0.7836666666666666 0.534625 0.06833333333333333 0.05325
0 0.6965 0.46325 0.076 0.05
1 0.693 0.322125 0.06766666666666667 0.0705
2 0.3475 0.197875 0.101 0.0715
2 0.7895 0.681125 0.11433333333333333 0.0745
1 0.8791666666666667 0.329 0.067 0.05225
1 0.596 0.539 0.072 0.06925
2 0.3338333333333333 0.472125 0.05733333333333333 0.0565
0 0.08166666666666667 0.270875 0.076 0.05825
0 0.511 0.860375 0.088 0.056
1 0.7115 0.876375 0.09566666666666666 0.0685
2 0.146 0.8645 0.09766666666666667 0.0725
2 0.8103333333333333 0.796 0.10266666666666667 0.078
2 0.059833333333333336 0.80025 0.11833333333333333 0.05675
0 0.15883333333333333 0.33525 0.06833333333333333 0.06175
1 0.6121666666666666 0.939125 0.10166666666666667 0.06125
1 0.6058333333333333 0.67625 0.072 0.04925
1 0.2305 0.539625 0.09366666666666666 0.068
3 0.44383333333333336 0.28025 0.097 0.08675
1 0.09333333333333334 0.141 0.06966666666666667 0.0535
1 0.22533333333333333 0.794625 0.10166666666666667 0.07725
1 0.8825 0.447875 0.11966666666666667 0.07675
1 0.14716666666666667 0.61225 0.07766666666666666 0.0545
4 0.7626666666666667 0.94225 0.19433333333333333 0.1155
1 0.4205 0.126125 0.28 0.07625
1 0.608 0.138375 0.06833333333333333 0.0725
1 0.7813333333333333 0.1355 0.14 0.083
1 0.9558333333333333 0.670375 0.08833333333333333 0.083
2 0.23416666666666666 0.93875 0.09033333333333333 0.0725
1 0.9596666666666667 0.80125 0.08066666666666666 0.071
1 0.9706666666666667 0.947375 0.058666666666666666 0.0535