5 0.8521533333333333 0.15029499999999998 0.2956933333333333 0.30058999999999997
4 0.9500566666666667 0.4879575 0.09988666666666662 0.09477749999999997
4 0.5867233333333334 0.52471 0.038736666666666676 0.03544499999999999
4 0.2861666666666667 0.824625 0.038 0.03075
1 0.9353333333333333 0.729125 0.08333333333333333 0.0645
1 0.5726666666666667 0.61 0.105 0.06175
4 0.4325366666666666 0.5827374999999999 0.11051000000000007 0.06972250000000008
1 0.60559 0.2850575 0.13548000000000002 0.09588499999999998
0 0.8171266666666667 0.68872 0.03374666666666659 0.018559999999999945
0 0.16908 0.13933 0.03551999999999998 0.02572250000000001
0 0.4721666666666667 0.89525 0.027333333333333334 0.01925
4 0.9080833333333334 0.08917499999999999 0.07482666666666653 0.04959999999999999
5 0.5735533333333334 0.86158 0.19567666666666672 0.0839224999999999
1 0.68363 0.443375 0.06666666666666667 0.0445
0 0.8168333333333333 0.80975 0.05633333333333333 0.023
1 0.7921666666666667 0.491 0.06633333333333333 0.0535
0 0.9125 0.686125 0.028333333333333332 0.01675
4 0.36778999999999995 0.0373425 0.13243333333333335 0.074685
4 0.17217 0.42019999999999996 0.31011 0.11930499999999995
1 0.9411499999999999 0.59476 0.08488333333333321 0.03917499999999995
0 0.656 0.8141649999999999 0.025673333333333326 0.013917500000000018
0 0.7384666666666667 0.6857375 0.031506666666666815 0.02391249999999991
0 0.8583166666666666 0.16717500000000002 0.1348266666666665 0.09585
5 0.11466666666666667 0.06225 0.22933333333333333 0.1245
0 0.11178 0.03792 0.14392000000000002 0.07584
0 0.3350933333333333 0.13998500000000003 0.08582666666666668 0.09490499999999999
0 0.36551 0.158905 0.04051666666666673 0.048855000000000016
0 0.3954666666666667 0.1334325 0.13924000000000006 0.12288749999999998
1 0.5070333333333333 0.14255 0.10671333333333329 0.09233249999999998
5 0.04335000000000001 0.33766 0.08670000000000001 0.11215750000000002
0 0.05097666666666667 0.2983825 0.036353333333333335 0.02415999999999997
0 0.13671666666666665 0.35879 0.04942666666666666 0.025715000000000033
2 0.015833333333333335 0.359375 0.03166666666666667 0.03625
4 0.24604 0.4858725 0.11192999999999999 0.0539425
4 0.10788666666666667 0.5179475 0.061593333333333326 0.03647000000000003
0 0.01633333333333333 0.52075 0.03266666666666666 0.019
5 0.29985 0.5187425 0.16589000000000004 0.07660500000000002
1 0.14208333333333334 0.58109 0.11790000000000002 0.06299499999999988
1 0.2056066666666667 0.58098 0.07323333333333334 0.046902499999999916
5 0.04402333333333333 0.607785 0.08804666666666666 0.10958500000000003
0 0.028833333333333332 0.6527075 0.019423333333333338 0.012944999999999936
5 0.3908733333333333 0.37583 0.11716 0.20511749999999995
0 0.3905 0.29159500000000005 0.10603666666666671 0.028302500000000008
4 0.39671000000000006 0.32039999999999996 0.056539999999999965 0.04350750000000005
0 0.45631000000000005 0.360985 0.021873333333333297 0.04682000000000005
1 0.41042999999999996 0.64555 0.11271000000000003 0.06467750000000001
0 0.34568666666666664 0.6338125 0.013809999999999984 0.009224999999999909
0 0.67223 0.5775 0.02363666666666662 0.015474999999999909
1 0.7447600000000001 0.522065 0.05932000000000001 0.030430000000000006
0 0.7265533333333333 0.671925 0.024670000000000074 0.011404999999999972
0 0.7050500000000001 0.7593225 0.08766333333333326 0.0742125000000001
0 0.77813 0.7644924999999999 0.12116000000000016 0.04106500000000005
5 0.9403966666666667 0.8328150000000001 0.11920666666666663 0.07682999999999993
0 0.97487 0.8557224999999999 0.038996666666666596 0.022022500000000035
0 0.30567333333333335 0.7498125 0.017566666666666682 0.011095000000000027
1 0.8007566666666667 0.35979500000000003 0.059193333333333306 0.03443999999999994
5 0.7700199999999999 0.2415675 0.1158133333333332 0.09340750000000003
0 0.9277433333333334 0.014477499999999999 0.046736666666666676 0.0289525