5 0.9535966666666666 0.3681775 0.09280333333333328 0.17601499999999998
1 0.891 0.24325 0.058 0.03925
1 0.7606666666666667 0.23525 0.056 0.0375
3 0.7003333333333334 0.415875 0.11833333333333333 0.07275
0 0.31683333333333336 0.233875 0.059666666666666666 0.04825
1 0.7963333333333333 0.37825 0.057666666666666665 0.04025
4 0.5671666666666667 0.37875 0.11733333333333333 0.117
4 0.08033333333333334 0.75525 0.16066666666666668 0.179
1 0.9558333333333333 0.64826 0.08766666666666667 0.11423250000000007
1 0.5216666666666666 0.209125 0.052333333333333336 0.0375
1 0.5292633333333333 0.7296775 0.08369999999999997 0.06175
0 0.1445 0.556125 0.025333333333333333 0.01475
0 0.4721066666666666 0.0991775 0.0875 0.030965000000000003
0 0.41058333333333336 0.12966999999999998 0.04583333333333333 0.020910000000000012
2 0.15953666666666666 0.379375 0.063 0.047
0 0.027833333333333335 0.43975 0.042 0.0365
0 0.5577166666666667 0.11642749999999999 0.031426666666666735 0.0155
3 0.6446666666666667 0.61225 0.12566666666666668 0.1
0 0.37771333333333335 0.11158 0.09104333333333336 0.016482499999999987
0 0.31316666666666665 0.689375 0.08 0.05775
0 0.20692999999999998 0.10618000000000001 0.04953666666666671 0.011757499999999994
0 0.3449233333333333 0.1266175 0.02280333333333332 0.00938499999999999
0 0.6299266666666666 0.09826 0.056416666666666664 0.0268775
0 0.7317833333333333 0.119245 0.04232999999999993 0.01626249999999999
1 0.8794766666666666 0.18617250000000002 0.06578666666666656 0.04052249999999998
0 0.7509833333333332 0.20681 0.02764999999999994 0.014475000000000023
1 0.7824033333333333 0.2970375 0.06559000000000015 0.04258500000000004
0 0.8289266666666667 0.3117825 0.024966666666666547 0.013100000000000023
0 0.8710266666666666 0.3274625 0.04875 0.03954499999999996
1 0.8928466666666667 0.3806025 0.08989999999999994 0.05638250000000005
2 0.9847233333333334 0.332455 0.030553333333333287 0.03527999999999997
0 0.9878333333333333 0.402295 0.024329999999999928 0.020157500000000026
0 0.9479833333333333 0.4424975 0.021296666666666776 0.011657500000000027
0 0.9670300000000001 0.4882775 0.0659399999999999 0.06582000000000005
0 0.9241 0.5533875 0.05739999999999994 0.03484750000000008
1 0.97128 0.641325 0.04625999999999991 0.0254525000000001
0 0.8229299999999999 0.621735 0.020183333333333393 0.013302500000000009
0 0.77847 0.5876375 0.023523333333333236 0.023737499999999953
0 0.8067466666666666 0.6359825 0.023983333333333273 0.014277499999999919
0 0.8401299999999999 0.5332075 0.05130666666666669 0.031349999999999906
0 0.73362 0.49161 0.024113333333333382 0.016462499999999977
0 0.8020266666666667 0.45039 0.026210000000000035 0.021495000000000004
1 0.7937066666666667 0.49074 0.09213000000000011 0.06435750000000001
1 0.7685766666666667 0.53286 0.05104333333333337 0.033602499999999966
5 0.83807 0.622755 0.15176666666666672 0.12219749999999999
0 0.7689666666666667 0.7215725 0.047883333333333215 0.046727499999999964
0 0.9869866666666667 0.7670650000000001 0.026026666666666642 0.030352499999999963
1 0.91366 0.7875075 0.042609999999999974 0.03356500000000005
4 0.7646533333333333 0.822215 0.08111666666666678 0.08163499999999999
0 0.6832866666666667 0.7943875 0.026369999999999966 0.0190775000000001
4 0.6439433333333333 0.8879925 0.1460766666666666 0.17803500000000008
4 0.7595066666666667 0.9431325 0.1459900000000001 0.1137349999999999
0 0.7468666666666667 0.8923225 0.03900999999999991 0.027815000000000055
1 0.5509000000000001 0.9318125 0.06127666666666664 0.04719000000000005
4 0.58094 0.6801875 0.14671999999999996 0.15331999999999993
4 0.3927633333333333 0.67072 0.10016333333333326 0.06096250000000009
0 0.2708466666666667 0.738385 0.05275 0.02271250000000009
0 0.32660999999999996 0.7692025 0.030403333333333307 0.015214999999999918
0 0.29448 0.76397 0.030109999999999977 0.019137500000000047
0 0.23671999999999999 0.7438475 0.029406666666666675 0.034684999999999945
0 0.26466333333333336 0.6934925 0.027883333333333364 0.0135
0 0.24167 0.6830700000000001 0.04328999999999996 0.04669250000000011
0 0.25423666666666667 0.622145 0.028116666666666637 0.017605000000000016
0 0.22705333333333333 0.6572125 0.020619999999999968 0.018700000000000046
2 0.20584999999999998 0.65961 0.02917333333333333 0.032737499999999954
5 0.33492666666666665 0.7065775 0.2679633333333333 0.19757500000000006
0 0.47066 0.6235425 0.02261333333333338 0.02519250000000011
5 0.39586 0.9737475 0.09122666666666661 0.052502500000000056
1 0.09183000000000001 0.9733025 0.040616666666666676 0.022517499999999926
0 0.02800666666666666 0.6415700000000001 0.04262333333333333 0.04359750000000008
0 0.00781 0.5729624999999999 0.01562 0.014954999999999927
0 0.27341333333333334 0.578095 0.036066666666666684 0.02907249999999999
0 0.26159666666666664 0.5009649999999999 0.021429999999999987 0.031562499999999945
0 0.24596333333333334 0.4792075 0.02080333333333336 0.015302500000000009
0 0.29624 0.4902575 0.032413333333333336 0.010832499999999981
0 0.32582666666666665 0.4884775 0.02374333333333334 0.011227499999999963
0 0.3578266666666667 0.45645749999999996 0.03346999999999999 0.022379999999999997
0 0.40418333333333334 0.491955 0.027436666666666647 0.017622499999999944
0 0.4091233333333333 0.5121375 0.026760000000000065 0.015019999999999981
5 0.31295333333333336 0.5240575 0.23092666666666667 0.17257500000000003
2 0.29757333333333336 0.38543 0.10599333333333334 0.061462499999999975
0 0.19449 0.30486 0.022483333333333348 0.01632249999999999
2 0.3470233333333333 0.27539749999999996 0.06991666666666667 0.06649750000000003
0 0.3370766666666667 0.3191875 0.024363333333333344 0.024115000000000008
0 0.31617999999999996 0.308105 0.02520666666666663 0.023700000000000044
0 0.18311666666666668 0.27233749999999995 0.04393333333333332 0.020690000000000056
0 0.17531 0.29248250000000003 0.043349999999999986 0.021149999999999978
0 0.22688999999999998 0.20146250000000002 0.047106666666666644 0.021329999999999984
2 0.26424333333333333 0.256775 0.05806000000000002 0.03038750000000002
2 0.14294333333333334 0.1973425 0.13270666666666667 0.0616925
0 0.08611666666666667 0.1815575 0.035120000000000005 0.03303499999999997
0 0.36656 0.14313 0.0554666666666667 0.024382499999999994
0 0.3999633333333334 0.2370225 0.026890000000000025 0.030735000000000012
0 0.4830966666666667 0.2281875 0.03635000000000006 0.02289749999999998
0 0.5808466666666666 0.25708 0.030583333333333334 0.018847499999999996
0 0.5515233333333334 0.2832425 0.023780000000000048 0.012370000000000004
0 0.6868500000000001 0.24143 0.03203666666666663 0.03942750000000001
4 0.7277833333333333 0.36249000000000003 0.06666666666666667 0.04320500000000004
2 0.47935999999999995 0.4579025 0.0550933333333334 0.052085000000000034
0 0.57711 0.500745 0.039320000000000015 0.01811500000000001
0 0.5507 0.5160225 0.020246666666666593 0.024977499999999965
0 0.5198900000000001 0.52985 0.06485000000000006 0.13926999999999998
0 0.49825 0.5273450000000001 0.023913333333333262 0.02848000000000002
0 0.49737 0.5542775 0.016873333333333296 0.027142499999999927
5 0.9493266666666667 0.9871074999999999 0.04919333333333331 0.025785000000000082