1 0.8973333333333333 0.090625 0.066 0.0465
0 0.44466666666666665 0.317125 0.03933333333333333 0.02675
1 0.5128333333333334 0.859125 0.044333333333333336 0.04425
1 0.5298333333333334 0.18575 0.062 0.03
4 0.2055 0.387625 0.034 0.02925
1 0.1705 0.282125 0.03133333333333333 0.02175
0 0.6551666666666667 0.746 0.046 0.02025
0 0.37766666666666665 0.46075 0.024666666666666667 0.01875
0 0.20883333333333334 0.316125 0.038 0.02525
0 0.43733333333333335 0.924 0.048666666666666664 0.02875
1 0.6103333333333333 0.122 0.07066666666666667 0.0615
3 0.876 0.454 0.03666666666666667 0.02725
0 0.9233333333333333 0.460875 0.03133333333333333 0.02125
0 0.3418333333333333 0.388875 0.035333333333333335 0.025
1 0.6115 0.066 0.055 0.02675
0 0.5675 0.61125 0.051 0.0375
0 0.5125 0.80225 0.02266666666666667 0.01575
0 0.37766666666666665 0.315375 0.025 0.017
3 0.9656666666666667 0.36575 0.043 0.02725
0 0.5676666666666667 0.282125 0.032 0.01875
0 0.48633333333333334 0.224625 0.04066666666666666 0.02675
0 0.9333333333333333 0.496375 0.027333333333333334 0.0215
4 0.9343333333333333 0.417375 0.037 0.0245
1 0.26666666666666666 0.487 0.049 0.03
0 0.6931666666666667 0.19225 0.057666666666666665 0.02225
1 0.6131666666666666 0.316 0.052333333333333336 0.02775
0 0.6623333333333333 0.866125 0.04466666666666667 0.031
0 0.5861666666666666 0.804125 0.058 0.026
1 0.1295 0.48975 0.052 0.0295
0 0.36133333333333334 0.734875 0.043666666666666666 0.0215
0 0.042666666666666665 0.31825 0.038 0.02875
1 0.7785 0.072125 0.04833333333333333 0.0345
0 0.34 0.437625 0.04133333333333333 0.0295
0 0.44566666666666666 0.2515 0.036333333333333336 0.02675
1 0.8268333333333333 0.492625 0.04133333333333333 0.0215
0 0.5843333333333334 0.922625 0.028 0.0185
0 0.8741666666666666 0.17825 0.025 0.016
1 0.45716666666666667 0.599875 0.050666666666666665 0.0315
0 0.6161666666666666 0.48825 0.036 0.02875
2 0.7748333333333334 0.38 0.05566666666666667 0.0305
0 0.296 0.67875 0.030333333333333334 0.019
1 0.9478333333333333 0.317875 0.05266666666666667 0.03125
2 0.6108333333333333 0.25475 0.03866666666666667 0.0435
0 0.8198333333333333 0.2855 0.048666666666666664 0.02425
1 0.06066666666666667 0.1795 0.073 0.03775
4 0.4598333333333333 0.531875 0.029 0.03075
0 0.3705 0.5005 0.036 0.024
5 0.5653333333333334 0.3795 0.073 0.07525
0 0.13083333333333333 0.250875 0.032 0.0215
0 0.7818333333333334 0.16 0.05 0.02375
2 0.2708333333333333 0.438375 0.024 0.0325
1 0.46066666666666667 0.456 0.038 0.02875
1 0.7838333333333334 0.319125 0.033666666666666664 0.02725
0 0.44333333333333336 0.48375 0.030333333333333334 0.01925
1 0.6968333333333333 0.316625 0.051333333333333335 0.02725
1 0.9818333333333333 0.566375 0.036 0.03275
1 0.9855 0.226125 0.029 0.03725
4 0.9545 0.751875 0.07133333333333333 0.038
4 0.133 0.433875 0.043666666666666666 0.03175
0 0.35633333333333334 0.91125 0.03 0.0255
0 0.014 0.220875 0.028 0.032
1 0.9788333333333333 0.533125 0.042 0.025
0 0.20116666666666666 0.538875 0.029666666666666668 0.02475
0 0.614 0.57325 0.025 0.018
0 0.5086666666666667 0.982125 0.023666666666666666 0.02075
4 0.7741666666666667 0.459 0.04633333333333333 0.03875
0 0.9155 0.2575 0.03966666666666667 0.0155
1 0.13433333333333333 0.12575 0.044 0.046
0 0.8356666666666667 0.574 0.033666666666666664 0.0195
0 0.26616666666666666 0.5405 0.021333333333333333 0.01275
0 0.7353333333333333 0.28425 0.04566666666666667 0.02125
1 0.6116666666666667 0.415125 0.04633333333333333 0.05
1 0.8058333333333333 0.748625 0.05 0.0415
0 0.33916666666666667 0.220625 0.039 0.026
0 0.13666666666666666 0.187625 0.038 0.02125
1 0.2648333333333333 0.593125 0.032 0.036
0 0.6628333333333334 0.985875 0.038 0.023
0 0.8118333333333333 0.926625 0.029 0.02975
2 0.6711666666666667 0.37625 0.03766666666666667 0.026
0 0.3383333333333333 0.281125 0.035666666666666666 0.022
0 0.5153333333333333 0.491875 0.042333333333333334 0.02375
0 0.5626666666666666 0.5295 0.043 0.02975
1 0.6696666666666666 0.4495 0.06233333333333333 0.027
4 0.8188333333333333 0.22325 0.03933333333333333 0.03
1 0.06883333333333333 0.38525 0.03933333333333333 0.0265
1 0.3358333333333333 0.539875 0.035 0.02425
0 0.8031666666666667 0.689875 0.024333333333333332 0.01675
2 0.7348333333333333 0.9235 0.049 0.03025
0 0.8128333333333333 0.9875 0.027333333333333334 0.02425
0 0.9648333333333333 0.988625 0.035333333333333335 0.02175
0 0.9621666666666666 0.86675 0.037333333333333336 0.0205
0 0.884 0.86675 0.031 0.02675
0 0.8796666666666667 0.806375 0.023666666666666666 0.01625
0 0.3645 0.791875 0.046 0.024
1 0.5833333333333334 0.68975 0.029 0.03025
0 0.441 0.68825 0.036333333333333336 0.026
1 0.9436666666666667 0.68875 0.05733333333333333 0.0245
0 0.25783333333333336 0.1615 0.045 0.0305
1 0.077 0.289125 0.07566666666666666 0.05375
2 0.20983333333333334 0.25325 0.042666666666666665 0.03775
1 0.306 0.357625 0.030666666666666665 0.02175
2 0.19816666666666666 0.489 0.03 0.027
1 0.37333333333333335 0.578375 0.106 0.06675
1 0.945 0.19225 0.041666666666666664 0.02675
2 0.7783333333333333 0.252125 0.04133333333333333 0.0325
0 0.5303333333333333 0.32025 0.043 0.02575
1 0.8653333333333333 0.319375 0.038 0.0265
0 0.7306666666666667 0.382375 0.028666666666666667 0.02225
1 0.5126666666666667 0.416625 0.052333333333333336 0.02575
2 0.7223333333333334 0.41125 0.026 0.0225
1 0.8336666666666667 0.42275 0.060333333333333336 0.0465
0 0.984 0.4545 0.032 0.0325
3 0.7205 0.504125 0.04566666666666667 0.0375
0 0.668 0.533125 0.047 0.0175
1 0.7918333333333333 0.541125 0.07833333333333334 0.05275
0 0.9328333333333333 0.55075 0.056 0.03175
1 0.8898333333333334 0.61325 0.041 0.0275
1 0.7758333333333334 0.618375 0.060333333333333336 0.0445
2 0.6698333333333333 0.609 0.05533333333333333 0.064
0 0.723 0.641875 0.03133333333333333 0.019
2 0.5153333333333333 0.570625 0.028 0.02775