1 0.6453333333333333 0.376875 0.11333333333333333 0.08775
1 0.2976666666666667 0.0635 0.078 0.055
0 0.4805 0.061875 0.083 0.0555
2 0.5765 0.128375 0.09733333333333333 0.0565
1 0.2065 0.125625 0.10733333333333334 0.04925
1 0.32816666666666666 0.29575 0.09133333333333334 0.05475
0 0.8618333333333333 0.726375 0.07933333333333334 0.03925
1 0.0515 0.23125 0.103 0.0665
1 0.0925 0.428875 0.06633333333333333 0.0455
1 0.7618333333333334 0.116625 0.11066666666666666 0.05825
2 0.0935 0.069 0.07733333333333334 0.04825
1 0.8506666666666667 0.17725 0.20833333333333334 0.05925
0 0.192 0.59425 0.059 0.045
0 0.398 0.2395 0.07033333333333333 0.04225
0 0.6473333333333333 0.585 0.06166666666666667 0.04
2 0.814 0.36125 0.06933333333333333 0.048
1 0.31933333333333336 0.19075 0.08133333333333333 0.04525
2 0.9456666666666667 0.581875 0.060333333333333336 0.035
0 0.49383333333333335 0.36625 0.05 0.0435
0 0.7925 0.5815 0.046 0.0255
1 0.030166666666666668 0.49125 0.060333333333333336 0.04
0 0.11183333333333334 0.543125 0.03966666666666667 0.02875
4 0.5751666666666667 0.24175 0.10433333333333333 0.05325
1 0.33716666666666667 0.364875 0.11333333333333333 0.0565
1 0.5848333333333333 0.01575 0.09166666666666666 0.0315
0 0.5713333333333334 0.53375 0.04466666666666667 0.0325
0 0.9445 0.122875 0.081 0.044
1 0.14166666666666666 0.19425 0.07433333333333333 0.04025
0 0.8043333333333333 0.478125 0.057 0.02975
2 0.49283333333333335 0.481625 0.06166666666666667 0.0515
0 0.4945 0.584625 0.035 0.02475
0 0.6476666666666666 0.47775 0.04566666666666667 0.01975
4 0.4205 0.536 0.07033333333333333 0.035
0 0.8881666666666667 0.419125 0.037 0.027
0 0.1825 0.48675 0.06833333333333333 0.03625
0 0.1295 0.640625 0.06566666666666666 0.0415
0 0.711 0.727125 0.03166666666666667 0.02275
1 0.4876666666666667 0.1795 0.082 0.05425
4 0.04 0.129625 0.07933333333333334 0.05875
2 0.8510366666666667 0.06522499999999999 0.10025999999999992 0.05920249999999999
1 0.1575 0.29625 0.104 0.0535
0 0.3551666666666667 0.68575 0.03866666666666667 0.0245
1 0.379 0.02 0.13066666666666665 0.04
0 0.258 0.42775 0.039 0.025
0 0.341 0.481125 0.042666666666666665 0.026
0 0.4995 0.7755 0.051 0.02475
0 0.8213333333333334 0.294375 0.059333333333333335 0.0285
0 0.49796 0.6805 0.06366666666666666 0.03075
0 0.27466666666666667 0.637125 0.06 0.0425
1 0.022833333333333334 0.366375 0.04566666666666667 0.05375
0 0.04416666666666667 0.59325 0.03666666666666667 0.02175
0 0.139 0.735875 0.04566666666666667 0.0265
2 0.16883333333333334 0.370375 0.07633333333333334 0.05625