0 0.5226666666666666 0.628 0.21233333333333335 0.206
4 0.16566666666666666 0.602375 0.111 0.0615
4 0.03716666666666667 0.148375 0.07 0.05425
2 0.6285 0.084875 0.082 0.06575
0 0.18983333333333333 0.087 0.03866666666666667 0.044
0 0.042666666666666665 0.514625 0.085 0.073
0 0.555 0.14675 0.07433333333333333 0.0605
5 0.2865 0.305125 0.30666666666666664 0.2365
4 0.2783333333333333 0.893375 0.103 0.08025
0 0.166 0.60225 0.112 0.0615
3 0.2788333333333333 0.893375 0.10333333333333333 0.08
1 0.46366666666666667 0.08025 0.09666666666666666 0.059
2 0.7593333333333333 0.511 0.087 0.064
0 0.30433333333333334 0.74975 0.062 0.03375
1 0.9525 0.09025 0.095 0.09775
0 0.8263333333333334 0.211625 0.08366666666666667 0.056
0 0.6566666666666666 0.32175 0.084 0.0565
0 0.475 0.451875 0.07966666666666666 0.064
1 0.20133333333333334 0.235 0.07933333333333334 0.061
1 0.24716666666666667 0.2955 0.06966666666666667 0.052
0 0.32 0.361875 0.054 0.0535
0 0.35683333333333334 0.248625 0.06833333333333333 0.05525
0 0.056 0.347125 0.112 0.047
1 0.15116666666666667 0.78125 0.138 0.08625
1 0.0445 0.871375 0.089 0.06875
0 0.48883333333333334 0.9335 0.06233333333333333 0.0365
0 0.5851666666666666 0.799625 0.042666666666666665 0.0365