1 0.5105 0.335625 0.203 0.12425
1 0.38066666666666665 0.412875 0.059333333333333335 0.046
1 0.7618333333333334 0.522875 0.07033333333333333 0.041
0 0.9388333333333333 0.158125 0.061 0.0345
1 0.4638333333333333 0.95725 0.06 0.0475
1 0.09283333333333334 0.67725 0.03666666666666667 0.027
1 0.5553333333333333 0.25125 0.061 0.048
1 0.3243333333333333 0.593125 0.058333333333333334 0.035
4 0.9293333333333333 0.706625 0.136 0.17675
0 0.44383333333333336 0.458 0.034666666666666665 0.0315
1 0.6075 0.664 0.106 0.06625
1 0.9523333333333334 0.32825 0.057 0.039
0 0.4695 0.1745 0.038 0.0215
1 0.6926666666666667 0.384625 0.034666666666666665 0.0235
0 0.858 0.1305 0.064 0.028
0 0.9318333333333333 0.812125 0.051 0.033
0 0.3795 0.826 0.036333333333333336 0.02175
1 0.7493333333333333 0.12975 0.06566666666666666 0.04125
0 0.107 0.92725 0.04666666666666667 0.032
1 0.38216666666666665 0.627125 0.03666666666666667 0.036
1 0.5288333333333334 0.886625 0.084 0.10725
1 0.7273333333333334 0.88025 0.04 0.0305
1 0.181 0.816875 0.069 0.04575
1 0.7486666666666667 0.462125 0.076 0.05275
1 0.7578333333333334 0.959 0.085 0.0815
1 0.44116666666666665 0.693625 0.073 0.081
2 0.6403333333333333 0.7785 0.199 0.156
0 0.6128333333333333 0.439875 0.04466666666666667 0.02875
4 0.1885 0.684 0.228 0.1655
4 0.4241666666666667 0.50875 0.28 0.12625
1 0.5401666666666667 0.730125 0.043 0.032
1 0.7515 0.2195 0.043 0.04125
1 0.9718333333333333 0.96675 0.041666666666666664 0.03775
0 0.24716666666666667 0.7535 0.04066666666666666 0.021
0 0.576 0.542875 0.033666666666666664 0.02125
0 0.8976666666666666 0.2685 0.10933333333333334 0.05875
0 0.6756666666666666 0.184375 0.058666666666666666 0.0485
1 0.31383333333333335 0.953875 0.035666666666666666 0.037
0 0.7848333333333334 0.299375 0.08833333333333333 0.042
1 0.5946666666666667 0.154375 0.199 0.09825
4 0.26366666666666666 0.3975 0.029666666666666668 0.0245
1 0.8256666666666667 0.211875 0.115 0.07125
1 0.70184 0.57911 0.2173166666666666 0.17877999999999997
0 0.8535 0.44475 0.07866666666666666 0.08475
1 0.4638333333333333 0.220375 0.087 0.05
1 0.6128333333333333 0.439875 0.044333333333333336 0.02875
1 0.9488333333333333 0.22625 0.10133333333333333 0.0765
3 0.8533333333333334 0.444875 0.079 0.08475
1 0.21966666666666668 0.481625 0.043333333333333335 0.0195
1 0.5373333333333333 0.629625 0.09966666666666667 0.07475
1 0.6188333333333333 0.25025 0.059 0.02975
0 0.33842 0.2741425 0.09039999999999998 0.07969500000000002
1 0.373 0.296 0.037 0.03125
2 0.5291666666666667 0.886625 0.08433333333333333 0.1075
1 0.20816666666666667 0.40525 0.033666666666666664 0.02325
5 0.9039566666666666 0.47909500000000005 0.19208333333333333 0.23855999999999994
5 0.18895 0.56341 0.21608 0.19123
5 0.08859333333333333 0.9452525 0.17718666666666666 0.10949499999999988
1 0.08087333333333334 0.3421375 0.16174333333333335 0.08711249999999995
0 0.2613166666666667 0.81748 0.0568766666666667 0.026887500000000047
2 0.16619333333333336 0.880865 0.06175666666666668 0.029630000000000108
2 0.30943666666666664 0.7495075000000001 0.061103333333333315 0.03041249999999991
4 0.15739333333333333 0.5531225 0.11479333333333333 0.06832999999999993
0 0.08600666666666666 0.575335 0.010693333333333338 0.03325999999999999
0 0.15169 0.49528500000000003 0.04153333333333334 0.022544999999999957
0 0.23393 0.4026375 0.030246666666666668 0.03875999999999999
1 0.3017066666666667 0.3490375 0.03732333333333334 0.04554499999999996
0 0.010320000000000001 0.946525 0.020640000000000002 0.03704999999999996
1 0.38266 0.9596825 0.04830999999999994 0.03640499999999997
2 0.7120633333333334 0.2965275 0.08197666666666668 0.08285000000000002
0 0.7574200000000001 0.1821425 0.05845666666666663 0.03788
2 0.4526866666666666 0.31811500000000004 0.041949999999999966 0.038217499999999974
2 0.9463766666666668 0.438005 0.058666666666666666 0.02665750000000003
2 0.9058099999999999 0.5162975 0.03429999999999988 0.038944999999999994
0 0.83421 0.5443225 0.04186999999999989 0.038220000000000025
0 0.7493233333333332 0.6863875 0.03446999999999995 0.015480000000000018
0 0.5173533333333333 0.6947875 0.07089666666666669 0.0470775000000001
1 0.6760833333333334 0.8871100000000001 0.07607999999999993 0.061582499999999984
0 0.38163 0.2536025 0.04603666666666671 0.02383250000000001
5 0.05642 0.052039999999999996 0.11284 0.10407999999999999
0 0.03496666666666667 0.0323675 0.053663333333333334 0.061057499999999994
0 0.36002 0.348445 0.09203666666666671 0.06838