4 0.6997866666666667 0.19147999999999998 0.08367000000000008 0.044894999999999984
0 0.7643333333333333 0.08225 0.108 0.043
0 0.32816666666666666 0.342875 0.04633333333333333 0.0235
1 0.532 0.4195 0.04666666666666667 0.044
1 0.55805 0.11369 0.030666666666666665 0.028
1 0.5066066666666666 0.2886125 0.029190000000000056 0.027297500000000013
1 0.8150633333333334 0.304325 0.07799666666666659 0.04945000000000004
1 0.19466666666666665 0.85575 0.028666666666666667 0.02
0 0.4850933333333333 0.7771125 0.024643333333333278 0.01471250000000009
0 0.23583333333333334 0.94775 0.026 0.0205
4 0.3715 0.437625 0.085 0.06125
1 0.375 0.52725 0.042 0.02075
2 0.65843 0.2415325 0.06733666666666674 0.06765749999999997
2 0.6361766666666666 0.0930675 0.059690000000000056 0.037670000000000016
0 0.6751466666666667 0.253435 0.020613333333333383 0.02642750000000001
1 0.43951666666666667 0.1667175 0.05333999999999999 0.03355500000000001
1 0.5951566666666667 0.227125 0.042030000000000046 0.04805000000000001
1 0.5743900000000001 0.26116500000000004 0.03853666666666671 0.030347499999999996
2 0.5122533333333333 0.2503775 0.038626666666666705 0.025110000000000014
1 0.5953833333333334 0.32578250000000003 0.03794666666666671 0.04996500000000003
2 0.3927966666666667 0.3523675 0.034216666666666694 0.0386825
1 0.43703333333333333 0.404665 0.04368666666666665 0.030085000000000035
1 0.31156 0.477465 0.03731333333333335 0.026754999999999994
5 0.35091666666666665 0.5464825 0.20794999999999997 0.16073499999999996
0 0.42627 0.58405 0.03036333333333338 0.034557499999999894
0 0.3876366666666667 0.5679225 0.016203333333333375 0.01925
0 0.4605766666666667 0.56439 0.02426333333333332 0.0150625
0 0.4861233333333333 0.5769725 0.02554333333333337 0.021357500000000074
0 0.47601 0.49062 0.036433333333333394 0.021082499999999983
0 0.4602366666666667 0.522995 0.02535000000000006 0.027950000000000044
0 0.29386333333333337 0.6055825 0.06423000000000002 0.10406500000000006
0 0.22122333333333333 0.6690425 0.10095000000000004 0.04748250000000007
0 0.4161566666666667 0.66383 0.029160000000000005 0.03616750000000002
4 0.39842333333333335 0.724315 0.054510000000000065 0.02640000000000009
0 0.20357333333333336 0.7530325 0.022566666666666683 0.018049999999999955
1 0.27976666666666666 0.78591 0.05877333333333331 0.06348000000000002
1 0.13445666666666667 0.871885 0.04321 0.019950000000000044
0 0.3136566666666667 0.8889425 0.03139000000000002 0.0204224999999999
0 0.3286866666666666 0.9120925 0.02577333333333335 0.01783750000000009
4 0.3739766666666667 0.8269425 0.07136333333333335 0.10990249999999992
2 0.5395666666666666 0.5161675 0.028929999999999987 0.019414999999999964
0 0.5672266666666667 0.5579775 0.03399333333333334 0.06721250000000009
5 0.48614333333333337 0.832855 0.07943666666666664 0.09709500000000003
0 0.51707 0.85022 0.015046666666666625 0.011097500000000081
0 0.5554266666666666 0.85933 0.011016666666666727 0.011377500000000054
0 0.5805866666666667 0.781775 0.015683333333333393 0.0145474999999999
0 0.53939 0.713405 0.011449999999999969 0.0102650000000001
0 0.5579366666666666 0.67647 0.012313333333333351 0.009492500000000063
0 0.52443 0.64387 0.022870000000000043 0.029242500000000064
0 0.5136966666666667 0.623565 0.01594999999999997 0.007894999999999982
2 0.45000999999999997 0.6161224999999999 0.027913333333333262 0.026002500000000053
0 0.6101866666666667 0.7631825 0.010376666666666702 0.0160150000000001
4 0.5850466666666667 0.7377525 0.05203999999999996 0.06712750000000005
4 0.6207033333333333 0.671455 0.015226666666666612 0.020825000000000045
0 0.5530733333333333 0.5836375 0.008383333333333364 0.009022500000000036
4 0.55118 0.60034 0.025453333333333376 0.027069999999999938
4 0.5683566666666666 0.629835 0.05795333333333338 0.0726400000000001
4 0.5986533333333334 0.6272274999999999 0.05591000000000001 0.09603250000000002
0 0.63405 0.6382125 0.006886666666666618 0.012565000000000055
5 0.6562233333333334 0.55835 0.06353666666666663 0.1255
0 0.6769933333333333 0.5152325 0.01806000000000002 0.015234999999999957
0 0.67527 0.517685 0.015426666666666658 0.014237499999999955
0 0.6847766666666666 0.53495 0.005486666666666679 0.0153599999999999
0 0.6726366666666667 0.5507075 0.01260000000000006 0.0124525000000001
0 0.6510433333333334 0.58978 0.03764333333333328 0.020122499999999946
4 0.6104333333333333 0.5614574999999999 0.041316666666666606 0.0368125
4 0.5910500000000001 0.5230175 0.039146666666666684 0.06684500000000003
0 0.62664 0.492705 0.009196666666666716 0.012830000000000041
0 0.6333466666666666 0.494105 0.0101566666666666 0.013172500000000014
0 0.6794466666666665 0.4365 0.009849999999999986 0.02791750000000002
0 0.6751666666666667 0.36541500000000005 0.027993333333333262 0.008769999999999983
0 0.6929866666666666 0.3847225 0.005046666666666776 0.024807500000000003
0 0.6944699999999999 0.31749 0.01753000000000005 0.01432000000000005
0 0.7779766666666666 0.35284249999999995 0.012549999999999879 0.01728750000000002
5 0.6640733333333334 0.3992075 0.05809666666666673 0.13982500000000003
4 0.7092600000000001 0.41847500000000004 0.07090333333333335 0.07485000000000003
4 0.7207 0.3508025 0.08633333333333333 0.07804499999999996
2 0.6718133333333334 0.5810625 0.003519999999999982 0.009382499999999936