4 0.6195 0.300375 0.2936666666666667 0.20525
1 0.050833333333333335 0.458625 0.10133333333333333 0.06725
4 0.7523333333333333 0.909875 0.076 0.05475
2 0.03864 0.10975 0.06986333333333333 0.13291999999999995
4 0.25483333333333336 0.75025 0.106 0.05575
4 0.8577100000000001 0.2956425 0.10659333333333325 0.1415
0 0.5039766666666667 0.5098575 0.03385000000000006 0.028462499999999977
0 0.23483333333333334 0.167625 0.05533333333333333 0.03625
4 0.3389333333333333 0.809 0.15220333333333338 0.158
1 0.0605 0.27825 0.06 0.0765
0 0.7728333333333334 0.826125 0.039 0.03325
4 0.4805 0.6595 0.21866666666666668 0.07325
4 0.3285 0.593125 0.13966666666666666 0.138
1 0.0692 0.10597 0.052893333333333334 0.05207999999999999
4 0.41939333333333334 0.189715 0.3389633333333333 0.18266249999999998
1 0.80177 0.3985 0.09013333333333322 0.12441499999999997
1 0.7900733333333333 0.24326750000000005 0.05474000000000009 0.06381750000000003
1 0.7876266666666667 0.1834675 0.04861666666666679 0.06916249999999996
1 0.8180733333333333 0.101755 0.059523333333333234 0.09642750000000001
0 0.7567600000000001 0.0775825 0.024390000000000023 0.050405
0 0.7792133333333333 0.067155 0.016646666666666532 0.04996250000000001
0 0.7801833333333333 0.12053 0.018583333333333334 0.050004999999999994
1 0.7936666666666666 0.02125 0.028 0.0425
1 0.8295433333333334 0.0339325 0.06465333333333334 0.067865
0 0.8614566666666666 0.50999 0.012846666666666654 0.010282500000000028
5 0.3328633333333333 0.3347425 0.3941033333333333 0.25279250000000003
0 0.19301 0.266245 0.048283333333333324 0.031107499999999986
2 0.2874 0.28897500000000004 0.09967999999999999 0.05315999999999997
2 0.39019 0.3815825 0.08823000000000002 0.0518125
0 0.48028666666666664 0.376815 0.05239000000000003 0.018917500000000018
0 0.47043999999999997 0.511055 0.032620000000000045 0.027287500000000024
2 0.12843000000000002 0.6053125 0.07372999999999998 0.03388499999999999
1 0.04568 0.71963 0.05890333333333333 0.03711750000000007
0 0.14026333333333335 0.79941 0.035160000000000004 0.016552500000000008
0 0.2021433333333333 0.8387425 0.08234 0.05569000000000005
0 0.24415 0.71835 0.022619999999999967 0.019657500000000026
0 0.3000466666666667 0.6671475 0.18055666666666662 0.12288750000000005
2 0.61199 0.724595 0.04807666666666667 0.04719250000000011
4 0.5163133333333334 0.79901 0.14490666666666674 0.21936750000000008
0 0.39042 0.9104475 0.057059999999999944 0.023039999999999963
0 0.3514766666666667 0.986755 0.031893333333333315 0.024492500000000063
4 0.6918866666666666 0.5241925 0.06774000000000001 0.03212750000000005
0 0.67387 0.53335 0.03222666666666661 0.0287974999999999
4 0.7432866666666668 0.5632825 0.07257666666666653 0.09558750000000009
4 0.6863733333333333 0.6086925 0.021140000000000023 0.031972500000000084
0 0.7299133333333333 0.6645 0.02636333333333338 0.04013750000000005
0 0.6746099999999999 0.7057374999999999 0.055883333333333285 0.052517499999999925
0 0.6674233333333334 0.7506625 0.02449333333333334 0.01909999999999991
1 0.8557733333333334 0.78199 0.10110999999999998 0.12407500000000005
4 0.8787966666666667 0.689075 0.06991333333333326 0.1312774999999999
0 0.8366966666666668 0.66722 0.023303333333333284 0.027309999999999945
1 0.8152733333333334 0.6104625 0.09378000000000004 0.10840750000000003
0 0.8621366666666667 0.59839 0.013403333333333345 0.0125
5 0.70124 0.6378425 0.1406133333333334 0.2929300000000001
0 0.8787466666666666 0.9540125 0.019723333333333357 0.0287025000000001
2 0.91312 0.956855 0.06980333333333329 0.05631750000000011
2 0.9895 0.874875 0.021 0.03425
0 0.8961966666666668 0.9944850000000001 0.024916666666666667 0.011029999999999972