1 0.11666666666666667 0.591375 0.071 0.03175
1 0.04783333333333333 0.383625 0.044333333333333336 0.03175
1 0.25233333333333335 0.589625 0.08933333333333333 0.03975
0 0.104 0.3525 0.05 0.03025
0 0.5186666666666667 0.42875 0.05733333333333333 0.02775
3 0.5886666666666667 0.635875 0.044 0.03275
0 0.03883333333333333 0.64725 0.052333333333333336 0.03625
5 0.19516666666666665 0.543875 0.09233333333333334 0.09425
1 0.6716666666666666 0.46875 0.059333333333333335 0.035
1 0.47683333333333333 0.469 0.04133333333333333 0.03175
0 0.17266666666666666 0.74525 0.06166666666666667 0.04125
2 0.4598333333333333 0.542 0.06766666666666667 0.036
1 0.36766666666666664 0.464125 0.06466666666666666 0.0315
3 0.39 0.70475 0.058666666666666666 0.05125
1 0.16266666666666665 0.307625 0.07466666666666667 0.03175
0 0.6475 0.64475 0.03866666666666667 0.02925
0 0.25 0.68425 0.04466666666666667 0.04
1 0.7426666666666667 0.738875 0.10066666666666667 0.03425
2 0.0995 0.806875 0.041 0.03925
0 0.1105 0.69425 0.062 0.033
1 0.26016666666666666 0.462875 0.065 0.034
0 0.41683333333333333 0.4265 0.05466666666666667 0.0255
4 0.4598333333333333 0.64325 0.05566666666666667 0.048
1 0.48033333333333333 0.754875 0.10066666666666667 0.07125
1 0.8068333333333333 0.69375 0.058 0.04675
1 0.27516666666666667 0.17825 0.064 0.02775
0 0.6616666666666666 0.691625 0.029666666666666668 0.0275
0 0.6328333333333334 0.398875 0.04566666666666667 0.019
0 0.03783333333333333 0.464 0.05333333333333334 0.0305
4 0.025666666666666667 0.752 0.04133333333333333 0.0425
0 0.49166666666666664 0.96925 0.033 0.0205
4 0.6591666666666667 0.589125 0.04 0.0295
0 0.8441666666666666 0.639 0.06066666666666667 0.04475
1 0.32516666666666666 0.633625 0.08033333333333334 0.03325
0 0.016 0.685375 0.03166666666666667 0.0275
1 0.471 0.190625 0.057666666666666665 0.03725
0 0.20533333333333334 0.422375 0.04 0.02225
2 0.2608333333333333 0.389375 0.043333333333333335 0.05
1 0.7801666666666667 0.58775 0.06633333333333333 0.032
2 0.3298333333333333 0.538125 0.05 0.0315
1 0.4543333333333333 0.86475 0.074 0.06475
0 0.31766666666666665 0.74575 0.06366666666666666 0.02375
1 0.9433333333333334 0.795125 0.075 0.05125
1 0.5265 0.687 0.050666666666666665 0.02725
0 0.5371666666666667 0.79825 0.042666666666666665 0.02475
1 0.178 0.98075 0.043333333333333335 0.0385
0 0.16883333333333334 0.863625 0.076 0.05325
0 0.311 0.855625 0.076 0.09325
4 0.8216666666666667 0.434125 0.037 0.029
1 0.5723333333333334 0.47 0.043666666666666666 0.03175
0 0.8933333333333333 0.40125 0.024 0.02275
1 0.6833333333333333 0.959125 0.075 0.03625
0 0.9675 0.956 0.043333333333333335 0.0345
1 0.023 0.852375 0.046 0.04575
0 0.385 0.901125 0.041 0.027
1 0.6065 0.852625 0.051666666666666666 0.039
1 0.7503333333333333 0.852875 0.049666666666666665 0.03575
1 0.8945 0.849 0.058666666666666666 0.04075
1 0.8126666666666666 0.797625 0.048666666666666664 0.0335
1 0.7275 0.783125 0.05333333333333334 0.04325
0 0.23983333333333334 0.80525 0.034 0.02375
0 0.6626666666666666 0.76325 0.06866666666666667 0.04
0 0.9326666666666666 0.68875 0.06266666666666666 0.0355
0 0.7293333333333333 0.636375 0.055 0.04175
2 0.3948333333333333 0.5835 0.03266666666666666 0.029
0 0.4068333333333333 0.54625 0.035333333333333335 0.028
1 0.5358333333333334 0.597375 0.07266666666666667 0.05825
3 0.695 0.525875 0.050333333333333334 0.03225
0 0.7728333333333334 0.526625 0.04833333333333333 0.01625
0 0.847 0.542875 0.065 0.0265
5 0.9391666666666667 0.521125 0.12166666666666667 0.13125
1 0.93 0.48125 0.051333333333333335 0.03375
1 0.9691666666666666 0.514625 0.050666666666666665 0.031
0 0.7758333333333334 0.473 0.057666666666666665 0.0325
0 0.15316666666666667 0.46775 0.05433333333333333 0.03125
0 0.7701666666666667 0.398625 0.06166666666666667 0.038
1 0.2658333333333333 0.238625 0.08233333333333333 0.06775
0 0.366 0.32025 0.06733333333333333 0.02475
2 0.4691666666666667 0.390625 0.049 0.0375
4 0.5185 0.357125 0.048 0.0325
0 0.582 0.307625 0.025 0.016
1 0.7195 0.3635 0.047 0.0425
1 0.6645 0.325375 0.04666666666666667 0.03025
0 0.8321666666666667 0.3425 0.021 0.0195
0 0.7548333333333334 0.260625 0.02266666666666667 0.017
1 0.6061666666666666 0.214875 0.06766666666666667 0.048
0 0.47433333333333333 0.28625 0.060333333333333336 0.02575
1 0.9776666666666667 0.255875 0.04466666666666667 0.0515