5 0.6141333333333333 0.54025 0.4539533333333332 0.24569250000000006
5 0.4603166666666667 0.30597 0.20292666666666673 0.17469000000000004
0 0.2818333333333333 0.177875 0.10966666666666666 0.03875
1 0.3958333333333333 0.892375 0.060333333333333336 0.03825
1 0.34432333333333337 0.79675 0.07 0.0485
1 0.9454400000000001 0.7869775 0.06157666666666652 0.0497349999999999
1 0.52288 0.42798250000000004 0.0560933333333334 0.038335000000000036
1 0.7096033333333334 0.7862325 0.07161666666666672 0.03878500000000008
1 0.030166666666666668 0.26775 0.060333333333333336 0.05225
4 0.21516666666666667 0.893625 0.05 0.0485
1 0.297 0.6345 0.135 0.08675
1 0.44625333333333334 0.8577224999999999 0.06407000000000002 0.06136999999999989
1 0.17266666666666666 0.984875 0.13666666666666666 0.03025
4 0.61241 0.85848 0.12840666666666675 0.10509500000000002
0 0.92306 0.6974925 0.028283333333333455 0.0246724999999999
1 0.6514533333333333 0.4880675 0.042883333333333364 0.036627500000000056
0 0.8860433333333334 0.3984975 0.02795666666666663 0.025995000000000004
0 0.66173 0.4015125 0.06205666666666669 0.031
4 0.7068433333333334 0.83854 0.0554333333333334 0.03255749999999989
0 0.6874233333333333 0.8081825 0.025303333333333285 0.0175
1 0.58174 0.979475 0.07951666666666672 0.0410474999999999
0 0.9803333333333333 0.16275 0.03933333333333333 0.0205
4 0.03716666666666667 0.961375 0.07433333333333333 0.0765
0 0.5272766666666666 0.3511375 0.02033333333333333 0.01975
4 0.9492833333333333 0.5472775000000001 0.09882999999999993 0.09770250000000004
0 0.7110266666666667 0.92502 0.041280000000000046 0.038902499999999916
0 0.5042233333333334 0.263055 0.05233999999999999 0.02811249999999998
2 0.5602966666666667 0.5216325 0.0508733333333333 0.030877500000000054
1 0.9866666666666667 0.29855000000000004 0.02666666666666667 0.05160249999999996
0 0.9183133333333333 0.36286250000000003 0.03236999999999989 0.02225
0 0.3895633333333334 0.2933525 0.021503333333333405 0.02432000000000005
0 0.9515 0.456875 0.03933333333333333 0.0225
4 0.986 0.02225 0.028 0.0445
1 0.9858333333333333 0.0225 0.028333333333333332 0.045
4 0.12240666666666668 0.3543975 0.15195 0.17838749999999992
0 0.07001333333333333 0.49137000000000003 0.06088666666666667 0.08591000000000003
0 0.09634 0.5090175 0.03440000000000001 0.04364999999999998
0 0.13026666666666667 0.4916825 0.12019000000000002 0.10552999999999997
1 0.23679 0.512535 0.0937033333333333 0.06888750000000005
0 0.39143999999999995 0.3346 0.017019999999999983 0.044384999999999994
1 0.7559699999999999 0.41278750000000003 0.17082999999999993 0.06912750000000005
0 0.8782933333333334 0.034205 0.030656666666666752 0.038862499999999994
0 0.9107666666666667 0.0680375 0.06314999999999994 0.09500499999999999
0 0.87907 0.1663375 0.030393333333333432 0.045939999999999995
1 0.9098299999999999 0.206755 0.04302333333333323 0.029605000000000017
2 0.8583733333333333 0.213385 0.04815666666666675 0.11785500000000002
2 0.9467266666666666 0.24603250000000002 0.10654666666666678 0.060505000000000024
0 0.90604 0.3012475 0.03185999999999998 0.0496875
0 0.90217 0.38239 0.041066666666666606 0.023375
5 0.9476666666666667 0.536625 0.10466666666666667 0.18475
0 0.9011533333333334 0.49844499999999997 0.014406666666666752 0.02442999999999995
0 0.9573866666666666 0.8821074999999999 0.08522333333333336 0.10775499999999988
0 0.30340666666666666 0.9664225 0.028119999999999968 0.019454999999999927
0 0.12143999999999999 0.7016475000000001 0.025616666666666673 0.04794749999999999
4 0.07048 0.6565575 0.05876666666666668 0.046125
0 0.07596 0.6279025 0.11904 0.027857500000000073
5 0.07123333333333333 0.723345 0.14246666666666666 0.22388249999999993
1 0.4661466666666667 0.7175575 0.05151333333333332 0.0318275000000001
0 0.7295933333333334 0.6566375000000001 0.0205 0.008032500000000027
0 0.7505966666666667 0.6203150000000001 0.03349000000000008 0.01582249999999999
0 0.6429933333333333 0.583295 0.020246666666666593 0.01990000000000009
2 0.6537466666666667 0.5337274999999999 0.03973666666666668 0.045582499999999984
0 0.57601 0.475185 0.03185000000000006 0.019322499999999992
0 0.52122 0.5695975 0.10233000000000007 0.054407500000000025