5 0.39793666666666666 0.5852825 0.07990333333333334 0.07081999999999994
2 0.6911666666666667 0.5255 0.03833333333333333 0.04275
1 0.7668333333333334 0.288875 0.037 0.01975
0 0.5713333333333334 0.229 0.025666666666666667 0.0115
2 0.7107266666666666 0.358875 0.03376666666666673 0.016602499999999965
1 0.5726666666666667 0.288125 0.025666666666666667 0.02075
1 0.9759333333333334 0.3744225 0.02536999999999989 0.014725000000000023
1 0.8763333333333333 0.293 0.02666666666666667 0.019
2 0.6751233333333333 0.47307499999999997 0.03166666666666667 0.039
4 0.5908666666666667 0.42260000000000003 0.08266666666666667 0.06325
1 0.9215433333333334 0.5066875 0.031689999999999906 0.04860750000000002
1 0.7328999999999999 0.4635475 0.020026666666666644 0.0134375
1 0.10787333333333333 0.6823400000000001 0.035926666666666655 0.025559999999999944
1 0.7506833333333334 0.44439249999999997 0.017223333333333358 0.013182500000000005
0 0.6433333333333333 0.38775 0.042 0.02275
4 0.5275 0.3525 0.10866666666666666 0.0855
4 0.14166666666666666 0.3415 0.08266666666666667 0.0975
1 0.905 0.2835 0.021666666666666667 0.01575
4 0.229 0.382875 0.07466666666666667 0.04875
1 0.977 0.31275 0.046 0.03975
4 0.8855 0.337 0.09766666666666667 0.05725
1 0.117 0.199125 0.044 0.02925
1 0.7255066666666666 0.549755 0.02995666666666663 0.03008249999999998
0 0.7876666666666666 0.51575 0.04766666666666667 0.0245
5 0.69037 0.42839499999999997 0.04084000000000007 0.05517750000000001
1 0.6163333333333333 0.342625 0.024333333333333332 0.019
0 0.49166666666666664 0.670375 0.034333333333333334 0.02025
1 0.35833333333333334 0.290125 0.033666666666666664 0.02425
1 0.55309 0.598095 0.04888666666666662 0.04051250000000005
1 0.7747600000000001 0.464245 0.018259999999999915 0.018184999999999944
1 0.4425 0.451125 0.022333333333333334 0.01625
4 0.8536666666666667 0.381625 0.042333333333333334 0.0475
2 0.8769133333333332 0.5891124999999999 0.016539999999999964 0.013065000000000054
4 0.8695 0.54315 0.046159999999999854 0.05368499999999995
1 0.9585 0.44225 0.05566666666666667 0.0355
1 0.6251866666666667 0.5494249999999999 0.027666666666666666 0.028132499999999935
0 0.017580000000000002 0.0724 0.035160000000000004 0.021699999999999997
0 0.021226666666666668 0.095345 0.042453333333333336 0.022297500000000015
0 0.07808 0.08396250000000001 0.07875666666666666 0.040764999999999996
0 0.14922666666666667 0.1220275 0.025333333333333333 0.014810000000000002
0 0.20604999999999998 0.12229249999999998 0.041206666666666704 0.032559999999999985
0 0.2759333333333333 0.16728 0.028580000000000005 0.014472500000000025
0 0.011936666666666667 0.1959375 0.023873333333333333 0.027875
0 0.08478 0.20618999999999998 0.031093333333333344 0.017492500000000008
0 0.16039666666666666 0.2497675 0.023573333333333325 0.015127499999999999
0 0.13676 0.2668625 0.016889999999999985 0.00992750000000001
0 0.23628000000000002 0.2555825 0.020769999999999983 0.03392000000000001
1 0.28420666666666666 0.265385 0.0324666666666667 0.02576999999999998
0 0.2801466666666667 0.23940999999999998 0.01718999999999998 0.013657500000000027
2 0.07484333333333333 0.3938325 0.04152333333333333 0.043647500000000033
0 0.017583333333333333 0.413325 0.01927333333333333 0.0138125
0 0.019683333333333334 0.42939499999999997 0.020606666666666665 0.012487499999999955
0 0.017686666666666667 0.41234249999999995 0.035370000000000006 0.035682500000000006
0 0.06638666666666666 0.509285 0.017393333333333337 0.017547500000000014
0 0.25111333333333336 0.35028750000000003 0.040939999999999976 0.030674999999999956
1 0.4407733333333333 0.40564 0.0236233333333333 0.015684999999999946
1 0.44249 0.5003924999999999 0.05658333333333333 0.04058499999999998
0 0.14489000000000002 0.433585 0.024820000000000012 0.010522500000000037
0 0.08818666666666666 0.44615 0.01755666666666666 0.01889499999999998
0 0.12585666666666667 0.4416025 0.013089999999999994 0.01698249999999996
4 0.10422666666666668 0.4482525 0.04453333333333334 0.09541499999999996
4 0.13599 0.5426925 0.08922333333333336 0.09107249999999999
2 0.10031666666666667 0.5750225 0.05139666666666665 0.033625
0 0.30058666666666667 0.46714999999999995 0.025183333333333318 0.01942999999999995
1 0.2599 0.46514249999999996 0.028376666666666703 0.02175750000000005
0 0.19217 0.60845 0.013873333333333297 0.00938499999999999
0 0.21777333333333335 0.6545675 0.01931000000000002 0.011505000000000109
1 0.49510333333333334 0.5766525 0.03222333333333336 0.02625
0 0.52157 0.5995575 0.013706666666666631 0.011914999999999964
1 0.3569833333333334 0.5312825 0.06583333333333333 0.055257499999999994
1 0.35118666666666665 0.5305225 0.021433333333333356 0.012182499999999891
1 0.27879333333333334 0.43996749999999996 0.04724333333333334 0.03939999999999998
1 0.31116333333333335 0.5997025 0.01574666666666667 0.013845000000000027
1 0.3429433333333333 0.37861 0.043660000000000004 0.04002499999999998
1 0.3572966666666667 0.6474525 0.03631666666666664 0.03495499999999993
0 0.12644333333333332 0.7623325 0.025903333333333344 0.013367500000000063
1 0.29039333333333334 0.3114775 0.036609999999999976 0.02948249999999996
1 0.35790666666666665 0.2481 0.03655333333333332 0.02885250000000002
0 0.2864233333333333 0.41513 0.013233333333333349 0.013082499999999981
0 0.24488 0.437295 0.013396666666666685 0.00944500000000005
2 0.3663966666666667 0.44983249999999997 0.027359999999999975 0.044887500000000045
0 0.3895566666666667 0.40310250000000003 0.01712000000000004 0.015057500000000005
0 0.26204 0.4968175 0.013 0.012985000000000014
0 0.27388 0.525175 0.012473333333333357 0.007722500000000082
0 0.28462 0.5168674999999999 0.010789999999999963 0.010450000000000046
0 0.3386966666666667 0.482125 0.02245999999999996 0.022595000000000028
1 0.40567 0.5162325 0.016539999999999964 0.013652499999999975
1 0.46847333333333335 0.55389 0.031873333333333295 0.023907500000000026
0 0.36918999999999996 0.5802350000000001 0.016876666666666703 0.011542500000000018
1 0.4698866666666667 0.47940249999999995 0.019903333333333346 0.01311749999999995
1 0.48500666666666664 0.504505 0.022196666666666715 0.04120000000000004
4 0.48344333333333334 0.40712 0.07794999999999996 0.08093000000000006
4 0.56455 0.482995 0.08442000000000008 0.08052749999999997
4 0.8070533333333333 0.48054250000000004 0.051479999999999866 0.05673249999999996
1 0.64463 0.4452225 0.028863333333333383 0.029700000000000046
0 0.5548033333333333 0.268425 0.011713333333333291 0.010754999999999995
0 0.6102366666666666 0.3034525 0.011693333333333309 0.016414999999999964
0 0.5784433333333333 0.31933999999999996 0.010203333333333375 0.009922500000000013
1 0.44741000000000003 0.314015 0.021546666666666624 0.017637500000000046
1 0.47365 0.364305 0.0193433333333334 0.013542500000000018
4 0.7375100000000001 0.378135 0.036156666666666754 0.06324249999999995
0 0.71411 0.37115 0.011603333333333467 0.007495000000000004
0 0.71887 0.3831675 0.01016333333333326 0.01063250000000005
2 0.7284233333333333 0.3457475 0.012123333333333297 0.013634999999999991
1 0.7274400000000001 0.318835 0.016299999999999877 0.011792500000000018
0 0.5932966666666667 0.36859 0.016026666666666644 0.011144999999999981
1 0.7935366666666667 0.34627749999999996 0.0223133333333332 0.013855000000000018
0 0.7798166666666666 0.35692 0.011656666666666751 0.011332499999999981
1 0.8120433333333333 0.36047500000000005 0.03210999999999998 0.015377500000000054
4 0.7918299999999999 0.394835 0.049196666666666715 0.042372500000000056
1 0.84446 0.4455175 0.023773333333333237 0.029752500000000053
0 0.8640399999999999 0.45035250000000004 0.03435000000000006 0.040027500000000035
4 0.18199 0.5069825 0.07693333333333331 0.06000249999999994
0 0.022783333333333333 0.5380900000000001 0.04556333333333333 0.03690499999999997
5 0.03079 0.5822174999999999 0.06158 0.06379999999999995
0 0.03337333333333334 0.7283099999999999 0.024816666666666664 0.009802500000000009
0 0.061669999999999996 0.7393725 0.026640000000000004 0.01913000000000011
5 0.042126666666666666 0.73966 0.08425333333333333 0.07912750000000006
0 0.12121 0.794505 0.026610000000000012 0.017914999999999962
2 0.13833333333333334 0.79926 0.038769999999999985 0.03271000000000004
0 0.22617666666666666 0.81621 0.0320466666666667 0.025307499999999893
5 0.31834 0.721425 0.07923666666666668 0.07878500000000008
0 0.32417999999999997 0.719875 0.015286666666666632 0.009964999999999918
1 0.31829 0.73656 0.021599999999999984 0.01706750000000011
4 0.22048333333333334 0.6798975 0.08094333333333331 0.060657500000000024
4 0.16234666666666667 0.6555225 0.08803333333333334 0.09055749999999989
4 0.23311333333333334 0.61993 0.04252999999999997 0.04061750000000006
5 0.28473333333333334 0.51528 0.07989666666666669 0.06833249999999998
0 0.24473000000000003 0.5695425000000001 0.02255333333333336 0.023012500000000047
0 0.34614 0.590355 0.01576333333333332 0.014664999999999963
0 0.37982 0.6060924999999999 0.02939333333333328 0.012579999999999928
1 0.4324 0.5895724999999999 0.020466666666666695 0.01688000000000011
0 0.36252666666666666 0.739565 0.05835333333333331 0.0554224999999999
0 0.43257 0.7556875 0.016309999999999946 0.009892499999999927
1 0.37596 0.7840425 0.018476666666666614 0.017467499999999973
0 0.3834533333333333 0.694275 0.025396666666666685 0.02116000000000008
0 0.40623000000000004 0.681315 0.014269999999999982 0.009082499999999981
1 0.29096 0.3699425 0.03220999999999996 0.025960000000000035
0 0.33737000000000006 0.34283749999999996 0.028700000000000007 0.024807500000000003
0 0.31629666666666667 0.32754500000000003 0.014650000000000015 0.011159999999999969
2 0.4052233333333334 0.36282 0.03478999999999997 0.024612499999999954
2 0.4105233333333333 0.41664 0.02591333333333326 0.019042500000000018
5 0.39002 0.3914925 0.0713433333333334 0.13239499999999998
0 0.44717 0.546535 0.010283333333333302 0.009732500000000073
0 0.5102266666666667 0.6337625 0.013769999999999982 0.022042500000000017
0 0.5483933333333334 0.6037825 0.01480666666666669 0.0109224999999999
0 0.56681 0.5878424999999999 0.017640000000000024 0.010887500000000045
2 0.59547 0.58508 0.014346666666666655 0.011502500000000054
0 0.46443 0.67177 0.012370000000000042 0.008142499999999928
1 0.44915666666666665 0.7167975 0.017583333333333333 0.015492500000000064
0 0.4683966666666667 0.722635 0.020303333333333284 0.03219499999999994
0 0.52011 0.7478125 0.017366666666666638 0.013069999999999936
0 0.5388333333333334 0.7187224999999999 0.011006666666666661 0.007464999999999918
0 0.49324666666666667 0.698585 0.011820000000000013 0.010102499999999964
5 0.5386333333333334 0.53351 0.10992333333333333 0.09962750000000005
4 0.5247333333333334 0.5202825 0.026426666666666734 0.023930000000000007
4 0.52267 0.5355275 0.005556666666666691 0.006474999999999909
0 0.5301266666666667 0.537705 0.008913333333333261 0.006904999999999973
0 0.5532866666666666 0.5375700000000001 0.007923333333333327 0.0043699999999998905
1 0.5640433333333333 0.5618325 0.014579999999999928 0.01493249999999989
0 0.57565 0.5635275000000001 0.01721999999999995 0.016335000000000037
0 0.5733133333333333 0.5746425000000001 0.01254333333333337 0.006894999999999982
0 0.5986866666666667 0.5385774999999999 0.015633333333333364 0.015714999999999917
0 0.63859 0.598895 0.041723333333333355 0.10486750000000006
0 0.6032033333333333 0.6456025 0.008353333333333315 0.009397500000000036
2 0.59194 0.73917 0.013636666666666618 0.01406750000000011
0 0.6471866666666667 0.7338775000000001 0.009023333333333388 0.007994999999999891
2 0.6731933333333333 0.7417100000000001 0.01892999999999999 0.018545000000000072
0 0.7027899999999999 0.7361625 0.011549999999999878 0.010457499999999982
1 0.7162866666666667 0.7395725 0.013193333333333309 0.013667500000000018
2 0.7391933333333333 0.71511 0.03484666666666666 0.026372499999999945
0 0.6625466666666667 0.66657 0.013113333333333381 0.008269999999999982
0 0.6730833333333334 0.659045 0.014296666666666624 0.009552500000000009
2 0.6531 0.29471749999999997 0.03138333333333336 0.022827499999999987
0 0.6528200000000001 0.27892 0.02437000000000004 0.007142500000000041
2 0.6772333333333334 0.2923075 0.024173333333333328 0.014924999999999954
0 0.7880799999999999 0.3039275 0.01611666666666679 0.010475000000000022
0 0.8517933333333334 0.296205 0.014846666666666654 0.007995000000000004
0 0.84397 0.3110025 0.015850000000000062 0.009377500000000054
0 0.4475133333333333 0.6366575 0.01885000000000006 0.012275000000000091
0 0.48944666666666664 0.30826749999999997 0.009426666666666734 0.008702499999999986
1 0.47201333333333334 0.32019749999999997 0.030710000000000036 0.030745000000000005
0 0.6371833333333333 0.37039999999999995 0.025943333333333308 0.016302500000000008
0 0.6579633333333333 0.37504750000000003 0.016703333333333376 0.01494749999999999
0 0.6252933333333334 0.447405 0.00894999999999997 0.016754999999999996
0 0.6271 0.48353500000000005 0.014216666666666697 0.008764999999999986
0 0.6479966666666667 0.48647250000000003 0.011339999999999994 0.006642500000000041
0 0.6540966666666667 0.47356 0.013800000000000031 0.012299999999999955
0 0.9924433333333333 0.3372725 0.015109999999999976 0.014220000000000028
0 0.9896633333333332 0.3450875 0.020670000000000074 0.013254999999999996
1 0.9390966666666667 0.35786 0.012403333333333346 0.009762500000000045
5 0.9115133333333333 0.3947025 0.09232333333333342 0.07578750000000002
0 0.9308500000000001 0.393955 0.01419333333333331 0.00925999999999999
0 0.92104 0.398655 0.013066666666666607 0.007639999999999986
0 0.9144933333333334 0.40122 0.013719999999999951 0.008509999999999992
2 0.89285 0.40908 0.03152666666666664 0.019237499999999956
0 0.91027 0.4131975 0.00616333333333326 0.007887500000000046
0 0.8945666666666666 0.431485 0.011496666666666594 0.005794999999999959
1 0.9485399999999999 0.41905000000000003 0.015259999999999914 0.009592499999999973
0 0.8173333333333334 0.4196675 0.012866666666666788 0.010657500000000028
5 0.9855333333333333 0.4103075 0.028929999999999987 0.028440000000000056
1 0.9843766666666667 0.5233099999999999 0.020460000000000037 0.019704999999999927
2 0.9565100000000001 0.5363600000000001 0.02894333333333331 0.01891249999999991
4 0.9811566666666666 0.5529475 0.031123333333333298 0.043122499999999946
1 0.92458 0.5669425 0.02132666666666652 0.01205250000000001
4 0.8979666666666667 0.55112 0.02767999999999999 0.03472250000000008
2 0.69701 0.41508 0.018816666666666607 0.010162500000000022
0 0.70284 0.43832499999999996 0.01007666666666652 0.005254999999999996
0 0.7245366666666667 0.445565 0.012103333333333468 0.01851999999999998
0 0.7814133333333333 0.45167250000000003 0.006189999999999903 0.009022500000000036
0 0.6965666666666666 0.48699749999999997 0.031093333333333324 0.06945999999999998
2 0.72062 0.4750275 0.023026666666666643 0.017472499999999967
0 0.73641 0.4840625 0.011340000000000145 0.00700750000000005
2 0.7601600000000001 0.4769525 0.04038666666666662 0.029777500000000033
0 0.75781 0.49974 0.007533333333333454 0.004235000000000014
0 0.7785 0.5029675 0.0067400000000000845 0.006585000000000036
0 0.7553466666666666 0.5241549999999999 0.009226666666666763 0.015950000000000044
4 0.7264866666666667 0.5045575 0.038096666666666654 0.040592499999999976
1 0.8416866666666667 0.483425 0.028146666666666532 0.03164499999999998
2 0.8765466666666666 0.5093175 0.019159999999999854 0.017400000000000033
2 0.84577 0.5238400000000001 0.011593333333333249 0.009372499999999945
0 0.7395066666666666 0.5505675 0.008556666666666692 0.010924999999999954
0 0.7383033333333333 0.572605 0.010426666666666582 0.018690000000000054
1 0.75446 0.577715 0.01504333333333337 0.01455250000000001
0 0.6759366666666666 0.5770725 0.016753333333333405 0.009892499999999927
0 0.6982433333333333 0.575715 0.012496666666666593 0.007342499999999972
2 0.6964866666666667 0.5822350000000001 0.014390000000000024 0.006805000000000064
0 0.7017266666666666 0.601735 0.008883333333333212 0.013539999999999964
0 0.6862233333333334 0.6185425 0.011686666666666724 0.009767499999999927
0 0.70777 0.630085 0.006083333333333333 0.007244999999999891
2 0.71753 0.6403075 0.01039333333333343 0.010737499999999954
0 0.7017733333333334 0.6362300000000001 0.009053333333333285 0.007174999999999955
0 0.7066433333333333 0.6450075000000001 0.010423333333333479 0.010607500000000073
0 0.6875966666666666 0.6486725 0.0164533333333333 0.009662499999999909
0 0.6869 0.6473825000000001 0.007759999999999915 0.004944999999999936
5 0.69497 0.628005 0.07693666666666672 0.07304250000000002
2 0.73754 0.6346 0.022933333333333392 0.01380250000000001
4 0.7703 0.637875 0.02045666666666663 0.015069999999999936
0 0.7437466666666666 0.65737 0.02299333333333319 0.01890750000000003
0 0.7573566666666667 0.675045 0.010170000000000073 0.009107500000000072
2 0.7406833333333334 0.677095 0.024090000000000146 0.014279999999999973
0 0.8029466666666667 0.6983524999999999 0.01225 0.006549999999999954
0 0.8279933333333334 0.7098300000000001 0.009853333333333467 0.0075
0 0.8584166666666667 0.708955 0.012696666666666715 0.011125
2 0.8463 0.6953925000000001 0.030566666666666607 0.020444999999999935
2 0.7626999999999999 0.6966775000000001 0.05778000000000005 0.04630250000000001
2 0.7912399999999999 0.6691625 0.04758333333333333 0.03008750000000009
4 0.8272766666666667 0.65685 0.05067333333333348 0.03675
4 0.80955 0.6348725 0.014676666666666581 0.015097500000000081
4 0.8556666666666667 0.6661024999999999 0.013596666666666654 0.014700000000000045
5 0.8981333333333333 0.6476375000000001 0.026533333333333454 0.039467499999999975
2 0.8557366666666667 0.6335175000000001 0.018159999999999853 0.015809999999999946
2 0.8757366666666667 0.65738 0.0238733333333333 0.023295000000000073
1 0.9248099999999999 0.701225 0.01983666666666674 0.021575000000000046
2 0.9360100000000001 0.6914225 0.014009999999999915 0.009512500000000045
2 0.9401866666666666 0.65151 0.03261666666666679 0.025730000000000017
2 0.9611200000000001 0.6472125 0.011969999999999951 0.006272500000000037
0 0.9831966666666667 0.65255 0.011570000000000013 0.012019999999999982
0 0.89747 0.612745 0.009723333333333358 0.017102499999999965
2 0.9295333333333333 0.613345 0.010093333333333248 0.008150000000000091
5 0.8098733333333333 0.5572474999999999 0.09419333333333331 0.05779250000000002
2 0.8006766666666667 0.5500900000000001 0.01600666666666681 0.009795000000000073
2 0.7849733333333334 0.5598425 0.027973333333333357 0.014144999999999982
0 0.8223766666666668 0.576585 0.007826666666666522 0.005282500000000028
0 0.7690766666666666 0.5610599999999999 0.00869333333333331 0.00575
0 0.79872 0.57673 0.007666666666666666 0.0065350000000000815
0 0.8500933333333334 0.5460875 0.006799999999999879 0.006839999999999918
4 0.84443 0.5579425 0.013759999999999915 0.014674999999999954
0 0.8405333333333334 0.5765 0.016166666666666666 0.013532500000000027
2 0.7811566666666666 0.5998225 0.014173333333333479 0.007287499999999909
0 0.8141833333333334 0.607075 0.009066666666666607 0.017434999999999947