1 0.15633333333333332 0.841625 0.19933333333333333 0.098
3 0.9416666666666667 0.222375 0.11666666666666667 0.08775
0 0.19033333333333333 0.025125 0.097 0.05025
1 0.2773333333333333 0.0855 0.076 0.0525
0 0.3943333333333333 0.910875 0.07933333333333334 0.043
1 0.3298333333333333 0.6475 0.092 0.05
1 0.6465 0.0945 0.095 0.0615
3 0.38133333333333336 0.710125 0.097 0.05575
1 0.09933333333333333 0.092625 0.14333333333333334 0.0695
1 0.8713333333333333 0.489 0.08 0.05125
1 0.9053333333333333 0.1565 0.096 0.05925
1 0.4645 0.43875 0.07566666666666666 0.054
2 0.21183333333333335 0.162625 0.09733333333333333 0.04
1 0.7885 0.55125 0.084 0.0505
1 0.9316666666666666 0.668875 0.11466666666666667 0.05675
1 0.31316666666666665 0.312375 0.079 0.041
1 0.8565 0.605125 0.075 0.0405
2 0.07766666666666666 0.4935 0.081 0.0545
1 0.8003333333333333 0.223625 0.083 0.05925
0 0.16566666666666666 0.6555 0.06666666666666667 0.04375
2 0.31266666666666665 0.76725 0.09966666666666667 0.072
2 0.6336666666666667 0.311875 0.10366666666666667 0.0385
2 0.4686666666666667 0.0915 0.07 0.0505
1 0.7898333333333334 0.43225 0.08166666666666667 0.067
1 0.8195 0.093125 0.07233333333333333 0.0555
1 0.946 0.5485 0.07733333333333334 0.04975
2 0.31883333333333336 0.845125 0.10833333333333334 0.06225
1 0.1435 0.307125 0.060333333333333336 0.0365
1 0.46465333333333336 0.6619925 0.12202666666666664 0.07348749999999996
1 0.4728333333333333 0.221625 0.079 0.03775
1 0.14766666666666667 0.433125 0.06433333333333334 0.03775
1 0.7333333333333333 0.164875 0.07666666666666666 0.06175
2 0.08666666666666667 0.604375 0.07433333333333333 0.051
1 0.698 0.603125 0.06066666666666667 0.04075
2 0.169 0.961 0.09 0.0475
1 0.7191666666666666 0.372 0.10433333333333333 0.103
1 0.3815 0.1565 0.10433333333333333 0.044
1 0.03233333333333333 0.152125 0.06466666666666666 0.04375
1 0.4663333333333333 0.546625 0.068 0.0385
1 0.633 0.4315 0.08 0.03675
1 0.4643333333333333 0.767125 0.09133333333333334 0.03575
3 0.1655 0.722125 0.069 0.04925
2 0.06583333333333333 0.370875 0.096 0.0345
1 0.5403333333333333 0.02075 0.11 0.0415
1 0.24016666666666667 0.359875 0.081 0.078
0 0.643 0.21875 0.10433333333333333 0.05425
0 0.6213333333333333 0.972125 0.073 0.04625
1 0.46488333333333337 0.3139225 0.0650666666666666 0.03665499999999997
1 0.7863333333333333 0.662375 0.058666666666666666 0.0305
2 0.2979266666666667 0.43006 0.06032333333333334 0.03892250000000001
2 0.5476666666666666 0.150875 0.099 0.062
1 0.9341666666666667 0.029527499999999998 0.10033333333333333 0.059054999999999996
0 0.9225 0.971135 0.069 0.03523250000000007
2 0.9561666666666667 0.30825 0.07366666666666667 0.057
0 0.31883333333333336 0.963875 0.058666666666666666 0.0355
1 0.552 0.375875 0.077 0.05425
2 0.23766666666666666 0.605 0.08266666666666667 0.0545
4 0.3165 0.546375 0.09 0.05025
1 0.6963333333333334 0.709875 0.07533333333333334 0.05425
0 0.3591933333333333 0.027100000000000003 0.1052833333333333 0.0541975
1 0.9300166666666667 0.788475 0.06370000000000012 0.06419749999999999
1 0.5466666666666666 0.606375 0.06466666666666666 0.044
2 0.466 0.9625 0.086 0.0395
2 0.6936366666666666 0.51836 0.21906333333333342 0.11497000000000003
1 0.5468333333333333 0.710375 0.06633333333333333 0.03725
0 0.738 0.0205 0.10666666666666667 0.041
1 0.5468333333333333 0.710125 0.066 0.03725
2 0.9713333333333334 0.4445 0.056666666666666664 0.047
1 0.626 0.658125 0.10466666666666667 0.0525
2 0.7066666666666667 0.907625 0.154 0.1025
1 0.5383333333333333 0.49375 0.112 0.05225
2 0.61515 0.7718674999999999 0.08036666666666664 0.04498749999999995
2 0.21051666666666666 0.5101175 0.05436666666666664 0.04701249999999999
2 0.1725 0.485875 0.078 0.05475
2 0.24383333333333335 0.71075 0.09766666666666667 0.0495
1 0.47333333333333333 0.845 0.08 0.055
2 0.6153333333333333 0.81475 0.07133333333333333 0.0295
4 0.8568 0.721875 0.088 0.06375
5 0.9394166666666667 0.055807499999999996 0.12116666666666667 0.11161499999999999
1 0.8980233333333334 0.4199425 0.11473333333333327 0.1269125
1 0.3873333333333333 0.37075 0.08333333333333333 0.05775
1 0.3948333333333333 0.4912625 0.102 0.03625
2 0.30333666666666664 0.458155 0.07397333333333336 0.03424249999999995
2 0.80211 0.7839175 0.05448333333333327 0.043442500000000106
2 0.8276166666666667 0.7635875 0.047200000000000124 0.043512500000000044
1 0.9103166666666666 0.8412000000000001 0.10597333333333336 0.07150500000000011
2 0.6136633333333333 0.87834 0.11572333333333336 0.11447749999999997