4 0.3983333333333333 0.029625 0.10233333333333333 0.05925
1 0.42233333333333334 0.13 0.061 0.0495
0 0.6081666666666666 0.92625 0.035666666666666666 0.02975
4 0.32466666666666666 0.158875 0.18533333333333332 0.13725
1 0.13766666666666666 0.07625 0.07966666666666666 0.05825
0 0.8803333333333333 0.66275 0.03666666666666667 0.03
1 0.872 0.73525 0.09866666666666667 0.054
1 0.374 0.098 0.043666666666666666 0.02675
4 0.7786666666666666 0.297625 0.11566666666666667 0.139
1 0.71 0.251 0.04566666666666667 0.04075
1 0.9603333333333334 0.598625 0.06 0.03575
4 0.5998333333333333 0.201125 0.06266666666666666 0.05925
1 0.9277866666666668 0.487 0.107 0.064
0 0.5514533333333334 0.10541999999999999 0.09470666666666663 0.045739999999999996
0 0.8891666666666667 0.11775 0.10266666666666667 0.0405
4 0.0795 0.477875 0.159 0.143
0 0.9948333333333333 0.483375 0.010333333333333333 0.02625
0 0.7891666666666667 0.993125 0.03133333333333333 0.01375
3 0.5541666666666667 0.3795 0.09066666666666667 0.0735
5 0.9796666666666667 0.202065 0.04066666666666666 0.15413
0 0.993 0.20175 0.014 0.02
0 0.99339 0.23526 0.013219999999999952 0.03613749999999999
1 0.8751033333333333 0.40260250000000003 0.06642999999999999 0.05525
1 0.81298 0.40241000000000005 0.07854999999999988 0.07118999999999995
0 0.79605 0.42132749999999997 0.021759999999999915 0.02891999999999996
0 0.7803533333333333 0.41128750000000003 0.04535999999999998 0.0544375
0 0.6997033333333333 0.42116000000000003 0.01917666666666658 0.014809999999999945
0 0.6731266666666667 0.36289499999999997 0.06357333333333334 0.0390625
0 0.8390133333333333 0.5471825 0.014780000000000048 0.030579999999999927
4 0.8000866666666667 0.5212975 0.03584000000000014 0.029704999999999985
0 0.7926633333333333 0.499695 0.06444666666666672 0.019422500000000013
5 0.7913966666666666 0.5577825000000001 0.09357999999999993 0.14195249999999993
0 0.9603900000000001 0.7096525 0.02192333333333348 0.01259999999999991
4 0.7417266666666666 0.70968 0.10038666666666662 0.05915249999999992
1 0.7224033333333334 0.765215 0.1056033333333334 0.05713000000000011
0 0.6622 0.7522375 0.012076666666666673 0.00874499999999989
0 0.98087 0.8617725 0.03825999999999991 0.05064499999999998
0 0.9613733333333333 0.920015 0.021766666666666726 0.014217499999999973
5 0.8844066666666666 0.961715 0.18397666666666676 0.07656999999999993
0 0.6264966666666667 0.8565925 0.016346666666666655 0.01059999999999991
5 0.6595066666666667 0.3697975 0.13798333333333326 0.09917750000000002
5 0.5523133333333333 0.28226249999999997 0.08519666666666671 0.0788075
0 0.5456566666666667 0.20007 0.022573333333333268 0.020435000000000002
1 0.5195066666666667 0.1371325 0.03725333333333341 0.02464999999999999
0 0.5588866666666666 0.1271675 0.02078666666666671 0.020992499999999994
0 0.4958966666666667 0.07036750000000001 0.06573333333333327 0.03407249999999999
0 0.5547066666666667 0.0787475 0.06883333333333333 0.03288749999999999
1 0.24380666666666664 0.0184375 0.1222933333333333 0.036875
4 0.21066666666666667 0.26877 0.2781933333333333 0.23974
4 0.4669233333333333 0.27956 0.08992999999999998 0.241485
0 0.23255333333333333 0.37548750000000003 0.053060000000000024 0.01833249999999998
2 0.27118 0.244665 0.08639333333333335 0.037045000000000015
4 0.3576233333333333 0.25068 0.0719133333333333 0.06073000000000002
0 0.38483333333333336 0.31403250000000005 0.040816666666666605 0.026592499999999974
0 0.39381333333333335 0.35769 0.06045666666666663 0.04108000000000004
0 0.3643133333333334 0.3911025 0.022823333333333265 0.012277500000000031
0 0.5667866666666667 0.2531625 0.01419999999999997 0.012067500000000024
0 0.5351400000000001 0.259825 0.03365333333333335 0.015139999999999987
0 0.5821566666666667 0.2690825 0.011953333333333377 0.026877500000000026
1 0.22298333333333334 0.512255 0.04234333333333332 0.022442500000000053
4 0.02289 0.7265925 0.04578 0.10684500000000002
5 0.4565133333333333 0.7290125000000001 0.11278666666666672 0.08582500000000004
2 0.46893999999999997 0.7436425000000001 0.04641333333333341 0.03575
0 0.4752366666666667 0.76501 0.006556666666666691 0.007832499999999982
4 0.54823 0.706955 0.08839333333333328 0.0514224999999999
4 0.58601 0.7057224999999999 0.043960000000000034 0.03844499999999994
0 0.5210066666666666 0.6633600000000001 0.02101333333333332 0.013867500000000064
4 0.5734600000000001 0.6603049999999999 0.04094000000000005 0.026950000000000047
4 0.6621 0.6359075000000001 0.06123999999999993 0.038960000000000036
5 0.6883299999999999 0.659655 0.10854999999999995 0.06174749999999995
4 0.6397533333333333 0.58994 0.18545999999999996 0.08545499999999993
0 0.6321833333333333 0.5505975 0.028489999999999932 0.016532500000000026
5 0.34906333333333334 0.6209724999999999 0.5527599999999999 0.23041499999999995
0 0.5768066666666667 0.5576475000000001 0.02528666666666671 0.022625
0 0.4793066666666667 0.5425875 0.023089999999999992 0.0135474999999999
0 0.4945366666666666 0.5905775 0.018829999999999927 0.015272500000000036
0 0.4205666666666667 0.5678350000000001 0.017693333333333307 0.012002500000000055
0 0.3305033333333333 0.55816 0.03760999999999998 0.025237499999999954
4 0.2639066666666667 0.6226799999999999 0.1764433333333333 0.11149250000000006
0 0.47276999999999997 0.6123875000000001 0.019276666666666643 0.014667500000000017
4 0.47517666666666664 0.62498 0.060660000000000006 0.03844250000000011
0 0.4472966666666667 0.6631825 0.020739999999999932 0.01127500000000009
0 0.42274 0.6592775000000001 0.02742999999999999 0.01654250000000002
0 0.4302566666666667 0.6754275 0.02323666666666668 0.009960000000000037
0 0.342 0.6634450000000001 0.1765733333333334 0.08556749999999988
0 0.5021166666666667 0.6273075 0.014166666666666666 0.012852499999999963