1 0.9203333333333333 0.0865 0.127 0.05725
1 0.7118333333333333 0.373625 0.10133333333333333 0.079
1 0.703 0.09675 0.12966666666666668 0.08975
4 0.49966666666666665 0.367875 0.10833333333333334 0.0775
1 0.3765 0.18775 0.14866666666666667 0.0665
0 0.7065 0.6505 0.060333333333333336 0.0345
1 0.36583333333333334 0.021125 0.117 0.04225
0 0.42133333333333334 0.70975 0.054 0.031
0 0.18366666666666667 0.29775 0.111 0.0605
2 0.21633333333333332 0.58275 0.088 0.0735
2 0.9751666666666666 0.710625 0.049666666666666665 0.0455
2 0.615 0.711875 0.08733333333333333 0.05025
0 0.7091666666666666 0.5165 0.06233333333333333 0.03175
0 0.9768333333333333 0.83625 0.046 0.03
2 0.41 0.446 0.114 0.04425
1 0.30533333333333335 0.51575 0.047 0.04375
1 0.5974266666666667 0.4451125 0.085 0.05575
1 0.6076666666666667 0.835 0.08166666666666667 0.04825
0 0.24616666666666667 0.82725 0.053 0.029
3 0.605 0.023 0.12366666666666666 0.046
2 0.4875 0.09475 0.08133333333333333 0.06425
1 0.8195 0.0215 0.14833333333333334 0.043
2 0.4096666666666667 0.581125 0.08566666666666667 0.04925
2 0.149 0.76825 0.09266666666666666 0.0515
1 0.14883333333333335 0.76825 0.093 0.05125
4 0.112 0.51275 0.050333333333333334 0.03275
1 0.10995333333333333 0.056945 0.17809333333333333 0.1138875
2 0.8191666666666667 0.0215 0.148 0.04275
0 0.112 0.51275 0.050333333333333334 0.03275
1 0.0462 0.7065075000000001 0.05289666666666667 0.03692000000000007