0 0.14066666666666666 0.44375 0.06833333333333333 0.03725
0 0.4385 0.928875 0.050666666666666665 0.02425
0 0.16633333333333333 0.25175 0.06766666666666667 0.04
0 0.4145 0.419 0.038 0.01925
4 0.9241666666666667 0.1915 0.15133333333333332 0.15725
4 0.3491666666666667 0.6675 0.285 0.21875
0 0.06683333333333333 0.512125 0.13366666666666666 0.1215
0 0.7521666666666667 0.56575 0.13466666666666666 0.07425
1 0.385 0.175375 0.07466666666666667 0.06575
0 0.6656666666666666 0.58875 0.09866666666666667 0.0695
0 0.2175 0.2563075 0.05366666666666667 0.0525
0 0.4185466666666667 0.067625 0.030323333333333268 0.025557500000000004
0 0.3852966666666667 0.047335 0.06108999999999999 0.031659999999999994
0 0.39430333333333334 0.019067499999999998 0.059533333333333306 0.027587499999999997
2 0.50666 0.0124 0.07502666666666664 0.0248
2 0.6221666666666666 0.0422875 0.10201333333333332 0.08457250000000001
0 0.5861733333333333 0.0790075 0.035809999999999946 0.03335
0 0.6159033333333334 0.0956925 0.030766666666666727 0.03558750000000001
0 0.8906366666666666 0.058397500000000005 0.02821333333333344 0.01731250000000001
0 0.9241266666666667 0.02413 0.03670000000000012 0.02738
2 0.5740933333333333 0.1904275 0.13293 0.08573750000000001
2 0.11126666666666667 0.41811750000000003 0.04539333333333331 0.03477250000000004
0 0.22175999999999998 0.4370975 0.030336666666666665 0.019434999999999945
0 0.27181333333333335 0.5278674999999999 0.06333666666666667 0.05413499999999999
0 0.66778 0.2910675 0.04488666666666669 0.03176250000000005
2 0.82464 0.29477749999999997 0.07671999999999995 0.07131499999999993
0 0.7388 0.3399375 0.030873333333333298 0.023662500000000024
0 0.7451166666666666 0.3665975 0.03413666666666662 0.01928499999999997
0 0.6469 0.330845 0.028629999999999958 0.014332499999999982
0 0.6141033333333333 0.333275 0.04132666666666667 0.014434999999999946
0 0.5402766666666666 0.3173075 0.03292999999999999 0.020085000000000037
0 0.56838 0.3465675 0.03226666666666673 0.03991999999999996
0 0.5894733333333334 0.44902749999999997 0.039673333333333324 0.03705499999999995
0 0.8640966666666666 0.4215475 0.021636666666666617 0.035247499999999946
0 0.8637933333333334 0.38729250000000004 0.03382666666666652 0.037375
0 0.9254266666666667 0.37473500000000004 0.0233133333333332 0.031167500000000018
0 0.9559766666666666 0.3543975 0.052109999999999976 0.019274999999999976
1 0.8460933333333334 0.5097375000000001 0.023146666666666534 0.029692499999999997
4 0.9439200000000001 0.571735 0.11215999999999986 0.17552749999999998
2 0.9316533333333333 0.6368975 0.09920000000000012 0.07458999999999992
0 0.7162866666666667 0.685175 0.03642000000000007 0.019417500000000018
0 0.6794933333333334 0.68063 0.036759999999999994 0.023470000000000026
0 0.6393033333333333 0.6485825 0.06169666666666671 0.0266400000000001
0 0.5980933333333334 0.6559524999999999 0.039070000000000014 0.04066249999999991
0 0.61695 0.59404 0.029896666666666686 0.0156875
0 0.5816166666666667 0.5812324999999999 0.04076666666666673 0.05607999999999993
0 0.5600466666666667 0.5484125 0.026839999999999992 0.02300500000000011
0 0.5750266666666667 0.505965 0.03492333333333333 0.01959000000000003
2 0.52862 0.5514 0.03125666666666666 0.0407025000000001
1 0.9749766666666666 0.8653675 0.05004333333333337 0.053887500000000046
0 0.8679933333333334 0.9655349999999999 0.04185666666666657 0.026559999999999945
0 0.9218700000000001 0.9827075 0.05755333333333328 0.03458249999999998
5 0.856 0.944125 0.19133333333333333 0.11175
5 0.6888733333333333 0.60709 0.3490033333333334 0.2369275
2 0.8942933333333334 0.3901225 0.07135999999999998 0.1814375
5 0.6103433333333333 0.37627499999999997 0.3082 0.22915750000000001