1 0.6278333333333334 0.702 0.19466666666666665 0.10225
4 0.11624333333333334 0.3032325 0.17606666666666668 0.09493500000000003
1 0.6071666666666666 0.328 0.06566666666666666 0.0475
1 0.37 0.702 0.06533333333333333 0.02975
1 0.849 0.9365 0.091 0.07575
0 0.7356666666666667 0.85025 0.06966666666666667 0.0535
0 0.7941666666666667 0.579875 0.05433333333333333 0.0355
1 0.3845 0.661625 0.07133333333333333 0.02825
1 0.25583333333333336 0.246125 0.116 0.05025
4 0.4553333333333333 0.48525 0.156 0.106
1 0.25316666666666665 0.172125 0.17866666666666667 0.1015
4 0.376 0.383 0.15033333333333335 0.10375
1 0.5623333333333334 0.8725 0.19733333333333333 0.191
1 0.3436666666666667 0.84925 0.20066666666666666 0.13725
0 0.1305 0.985625 0.16484333333333331 0.02875
4 0.9218333333333333 0.3115 0.15633333333333332 0.11
1 0.7153333333333334 0.34075 0.136 0.06425
1 0.7971666666666667 0.318125 0.04766666666666667 0.0285
1 0.09066666666666667 0.202 0.115 0.04725
1 0.4445 0.267 0.182 0.091
0 0.67 0.5125 0.19366666666666665 0.144
3 0.2703333333333333 0.719625 0.11 0.04425
0 0.04033333333333333 0.394875 0.08066666666666666 0.075
1 0.19860333333333333 0.4024325 0.23853999999999997 0.13563499999999998
0 0.9828333333333333 0.59925 0.034 0.0555
1 0.9871666666666666 0.41825 0.025666666666666667 0.0455
1 0.6841666666666667 0.41625 0.07066666666666667 0.0515
1 0.446 0.611375 0.08533333333333333 0.0675
4 0.6701666666666667 0.512375 0.19333333333333333 0.1425
0 0.5305333333333333 0.40282999999999997 0.11986666666666664 0.0265625
0 0.44616666666666666 0.611375 0.08533333333333333 0.067
0 0.13835333333333336 0.1689425 0.0994066666666667 0.04253750000000002
4 0.08043333333333334 0.17288 0.10583000000000001 0.039159999999999966
0 0.17986333333333335 0.3448725 0.04418999999999998 0.026789999999999963
0 0.57353 0.5278125 0.106 0.07514000000000004
0 0.5666566666666667 0.41922750000000003 0.11564666666666669 0.031600000000000024
1 0.93948 0.48447250000000003 0.12103999999999997 0.06220249999999999
1 0.7495333333333333 0.3898825 0.03772333333333336 0.02314499999999998
5 0.8581799999999999 0.48289249999999995 0.2836366666666666 0.18168749999999995
1 0.8918666666666666 0.7843125 0.21626666666666672 0.14167250000000012
1 0.7261633333333333 0.9387825000000001 0.08036999999999989 0.06035750000000007
0 0.1717766666666667 0.7054375 0.04605333333333334 0.029144999999999983
0 0.30676666666666663 0.6366900000000001 0.05219999999999997 0.02853500000000008
1 0.19715333333333335 0.5931825000000001 0.07236 0.06439249999999992
4 0.06790333333333333 0.54103 0.13580666666666666 0.13803999999999997
5 0.1805 0.66225 0.361 0.4035
5 0.07515 0.76834 0.15029666666666666 0.15604250000000003