0 0.12383333333333334 0.27775 0.025666666666666667 0.01725
1 0.030333333333333334 0.1915 0.044 0.0225
1 0.44783333333333336 0.279375 0.032 0.01675
2 0.697 0.590875 0.04066666666666666 0.01775
1 0.09933333333333333 0.256125 0.020666666666666667 0.0135
0 0.073 0.235875 0.018666666666666668 0.013
0 0.4003333333333333 0.704625 0.026 0.011
4 0.11866666666666667 0.323625 0.021 0.018
1 0.2836666666666667 0.236875 0.021666666666666667 0.01675
0 0.3536666666666667 0.46775 0.034 0.0225
0 0.4066666666666667 0.552125 0.029333333333333333 0.013
0 0.3565 0.589375 0.037333333333333336 0.015
0 0.298 0.70375 0.014333333333333333 0.012
0 0.7396666666666667 0.394375 0.03233333333333333 0.0185
1 0.39366666666666666 0.279375 0.034666666666666665 0.017
0 0.8861666666666667 0.314875 0.027 0.01575
0 0.8375 0.535375 0.019333333333333334 0.01275
2 0.10983333333333334 0.389 0.023 0.01625
0 0.2135 0.21775 0.024666666666666667 0.017
1 0.6358333333333334 0.46975 0.023 0.0175
0 0.5925 0.244625 0.025 0.01025
0 0.5088333333333334 0.181875 0.03166666666666667 0.01525
1 0.673 0.39625 0.031 0.0235
1 0.027166666666666665 0.322875 0.025666666666666667 0.0165
3 0.6211666666666666 0.31325 0.026333333333333334 0.017
2 0.42766666666666664 0.317 0.024 0.015
0 0.6666666666666666 0.16625 0.013666666666666667 0.0105
0 0.08066666666666666 0.196125 0.023 0.012
0 0.31133333333333335 0.220125 0.025 0.0165
3 0.5616666666666666 0.36775 0.024666666666666667 0.016
4 0.599 0.3445 0.02 0.01575
1 0.611 0.283 0.033 0.01875
1 0.9213333333333333 0.372 0.025 0.01975
0 0.5908333333333333 0.37225 0.018333333333333333 0.013
1 0.06316666666666666 0.388875 0.035333333333333335 0.01825
1 0.30316666666666664 0.62425 0.024333333333333332 0.02425
0 0.32233333333333336 0.39075 0.028333333333333332 0.01475
1 0.42683333333333334 0.3645 0.03933333333333333 0.018
0 0.30833333333333335 0.5885 0.015 0.00975
1 0.15633333333333332 0.3865 0.034 0.0185
0 0.707 0.21275 0.013666666666666667 0.01175
1 0.508 0.127625 0.030666666666666665 0.022
0 0.6641666666666667 0.31275 0.027333333333333334 0.0105
0 0.21083333333333334 0.256 0.023666666666666666 0.01375
1 0.7378333333333333 0.44475 0.039 0.02475
0 0.939 0.282 0.029 0.01575
1 0.5045 0.282 0.022 0.0175
0 0.7513333333333333 0.666875 0.021333333333333333 0.01375
1 0.08133333333333333 0.157375 0.027 0.02825
0 0.206 0.35525 0.026 0.01825
2 0.6648333333333334 0.3445 0.033666666666666664 0.01625
0 0.6345 0.368625 0.027666666666666666 0.0195
0 0.5961666666666666 0.395125 0.015 0.01375
0 0.211 0.546875 0.028333333333333332 0.01175
1 0.5843333333333334 0.139875 0.03966666666666667 0.02875
4 0.06866666666666667 0.35325 0.029 0.0205
1 0.5578333333333333 0.282625 0.022 0.01675
0 0.25183333333333335 0.66625 0.03133333333333333 0.018
2 0.159 0.356 0.018 0.01875
0 0.36333333333333334 0.258 0.018666666666666668 0.0125
1 0.6368333333333334 0.4175 0.049666666666666665 0.01825
0 0.869 0.455125 0.012 0.0105
0 0.3541666666666667 0.414875 0.028666666666666667 0.01775
4 0.6018333333333333 0.556 0.04533333333333334 0.02375
0 0.0125 0.279 0.023666666666666666 0.01775
0 0.6685 0.284375 0.03133333333333333 0.01825
4 0.495 0.369875 0.028 0.0235
1 0.20083333333333334 0.42225 0.025 0.016
0 0.4498333333333333 0.202 0.03766666666666667 0.015
0 0.5298333333333334 0.261 0.03233333333333333 0.015
0 0.3863333333333333 0.44325 0.01633333333333333 0.013
1 0.39016666666666666 0.3425 0.043666666666666666 0.02125
3 0.459 0.3995 0.028 0.02275
0 0.23166666666666666 0.37075 0.017666666666666667 0.012
2 0.4505 0.665375 0.029666666666666668 0.01875
0 0.2245 0.396875 0.022333333333333334 0.0155
0 0.39066666666666666 0.38875 0.022 0.01775
1 0.7096666666666667 0.469875 0.028666666666666667 0.0175
0 0.2813333333333333 0.27875 0.026 0.01625
1 0.36083333333333334 0.517125 0.02 0.01875
1 0.5276666666666666 0.391625 0.024666666666666667 0.0145
0 0.8755 0.201 0.02266666666666667 0.016
5 0.35983333333333334 0.319125 0.04566666666666667 0.047
1 0.3998333333333333 0.123 0.036 0.01625
0 0.601 0.704875 0.022333333333333334 0.01325
0 0.237 0.277375 0.017 0.0105
0 0.5948333333333333 0.42925 0.032 0.0185
1 0.6436666666666667 0.224375 0.028 0.0245
0 0.1625 0.18025 0.027666666666666666 0.0185
2 0.12683333333333333 0.238125 0.026333333333333334 0.02425
1 0.0365 0.259375 0.04833333333333333 0.036
1 0.18583333333333332 0.304 0.019 0.01425
0 0.20916666666666667 0.323875 0.022333333333333334 0.01525
0 0.1525 0.42125 0.012333333333333333 0.008
0 0.1085 0.421 0.018666666666666668 0.0155
1 0.15 0.45675 0.02033333333333333 0.02175
1 0.22433333333333333 0.4465 0.07066666666666667 0.042
0 0.168 0.51125 0.018 0.01125
0 0.21033333333333334 0.583 0.030666666666666665 0.0155
0 0.19766666666666666 0.659375 0.018 0.01475
1 0.395 0.156625 0.04466666666666667 0.03775
1 0.3408333333333333 0.1965 0.03766666666666667 0.018
0 0.5676666666666667 0.195 0.013333333333333334 0.00875
4 0.5305 0.22225 0.025333333333333333 0.0185
1 0.6133333333333333 0.20325 0.024333333333333332 0.0175
2 0.3923333333333333 0.2405 0.023 0.02675
0 0.3385 0.280875 0.027 0.016
0 0.7378333333333333 0.245 0.012666666666666666 0.01225
0 0.6681666666666667 0.2465 0.03266666666666666 0.02375
4 0.696 0.263125 0.019666666666666666 0.0155
2 0.5038333333333334 0.240375 0.02666666666666667 0.02
0 0.4751666666666667 0.259875 0.029666666666666668 0.01325
1 0.323 0.342625 0.03233333333333333 0.0155
0 0.2871666666666667 0.367875 0.024666666666666667 0.01775
0 0.27516666666666667 0.385625 0.018333333333333333 0.012
4 0.2838333333333333 0.416625 0.018 0.01925
2 0.32066666666666666 0.442125 0.018333333333333333 0.017
1 0.2801666666666667 0.46 0.03333333333333333 0.02075
2 0.421 0.465875 0.035333333333333335 0.03975
0 0.4686666666666667 0.32275 0.018 0.01475
2 0.4625 0.340625 0.015333333333333332 0.014
0 0.42383333333333334 0.417375 0.030333333333333334 0.01225
0 0.4555 0.48675 0.018333333333333333 0.01175
1 0.48933333333333334 0.4715 0.03666666666666667 0.02875
1 0.5633333333333334 0.46825 0.024 0.0175
1 0.504 0.422625 0.04833333333333333 0.03375
0 0.5316666666666666 0.444375 0.02 0.012
1 0.5346666666666666 0.348375 0.036333333333333336 0.029
2 0.4955 0.320625 0.03266666666666666 0.01825
1 0.6271666666666667 0.438625 0.02666666666666667 0.02
1 0.6693333333333333 0.445875 0.022333333333333334 0.0165
0 0.697 0.3705 0.03133333333333333 0.0225
0 0.7028333333333333 0.3215 0.033 0.0145
0 0.7823333333333333 0.438 0.02033333333333333 0.01075
3 0.7783333333333333 0.478875 0.026333333333333334 0.02125
5 0.7718333333333334 0.308 0.09466666666666666 0.07325
1 0.751 0.286875 0.029 0.02025
1 0.7671666666666667 0.302625 0.024 0.01725
0 0.7901666666666667 0.323125 0.014666666666666666 0.01625
0 0.798 0.290875 0.019333333333333334 0.01625
0 0.26566666666666666 0.517375 0.023 0.01675
0 0.5053333333333333 0.517375 0.013666666666666667 0.00975
1 0.5036666666666667 0.553625 0.025666666666666667 0.02475
1 0.5983333333333334 0.515625 0.033666666666666664 0.0155
0 0.7401666666666666 0.51775 0.02 0.0145
0 0.7413333333333333 0.552375 0.036333333333333336 0.01925
0 0.7945 0.592125 0.019 0.014
0 0.803 0.66775 0.016666666666666666 0.012
0 0.7535 0.708625 0.024666666666666667 0.014
0 0.7018333333333333 0.6665 0.012666666666666666 0.0105
0 0.6501666666666667 0.665 0.01633333333333333 0.0105
0 0.652 0.705375 0.014666666666666666 0.01075
0 0.5001666666666666 0.705125 0.017333333333333333 0.01625
0 0.5013333333333333 0.666125 0.016666666666666666 0.018
0 0.5498333333333333 0.626625 0.018333333333333333 0.0165
0 0.601 0.627 0.022333333333333334 0.014
0 0.4061666666666667 0.62825 0.029333333333333333 0.01775
0 0.351 0.664125 0.017333333333333333 0.01025
0 0.55 0.58975 0.014333333333333333 0.00925
0 0.6485 0.590875 0.017666666666666667 0.0115
0 0.6938333333333333 0.55475 0.015666666666666666 0.01
1 0.8178333333333333 0.161 0.058333333333333334 0.03275
1 0.9533333333333334 0.185125 0.035333333333333335 0.024
1 0.983 0.243375 0.034 0.0365
0 0.8531666666666666 0.26275 0.023 0.01875
2 0.8753333333333333 0.243625 0.025 0.02175
1 0.8235 0.241625 0.030333333333333334 0.018
0 0.8313333333333334 0.35325 0.023666666666666666 0.019
0 0.8481666666666666 0.40525 0.06666666666666667 0.0605
0 0.8403333333333334 0.491625 0.017 0.00975