1 0.9338333333333333 0.10575 0.056666666666666664 0.04025
0 0.58743 0.5438099999999999 0.059 0.03675
1 0.5686666666666667 0.17375 0.08733333333333333 0.05175
1 0.129 0.54125 0.104 0.08575
0 0.6132033333333333 0.8010975 0.04235666666666672 0.06219499999999994
0 0.5298333333333334 0.911375 0.049 0.0495
2 0.4666666666666667 0.63325 0.1 0.05525
1 0.8593333333333333 0.135125 0.068 0.05075
0 0.4711666666666667 0.392625 0.035 0.02725
0 0.8210133333333334 0.48329 0.03835999999999998 0.02766999999999996
1 0.6355 0.199 0.043 0.028
4 0.7535233333333334 0.770625 0.204 0.08625
0 0.16183 0.629 0.06 0.0395
0 0.793 0.152625 0.043333333333333335 0.021
1 0.7504033333333333 0.33165 0.08911666666666679 0.05013750000000004
1 0.26059333333333334 0.2005 0.09733333333333333 0.04875
1 0.6854899999999999 0.300905 0.061313333333333275 0.042942499999999995
0 0.6221666666666666 0.7125 0.030333333333333334 0.01525
0 0.9893333333333333 0.79075 0.021333333333333333 0.0335
0 0.12030333333333335 0.674055 0.05524666666666667 0.02427500000000009
0 0.5295 0.660375 0.04566666666666667 0.0245
4 0.48283333333333334 0.73275 0.17133333333333334 0.147
0 0.24483333333333332 0.36475 0.06266666666666666 0.038
1 0.5133333333333333 0.597125 0.07 0.03975
0 0.7856666666666666 0.193 0.043 0.02775
1 0.10089666666666666 0.28402999999999995 0.07727333333333335 0.05236249999999996
2 0.173 0.38775 0.156 0.0685
0 0.03257666666666667 0.079075 0.06515333333333334 0.022965000000000003
0 0.10848333333333333 0.2113325 0.030379999999999994 0.031632499999999994
0 0.2741433333333333 0.1770125 0.07392333333333333 0.018435000000000003
2 0.3413 0.201715 0.09420000000000005 0.03765249999999998
0 0.16481333333333334 0.35172250000000005 0.1100166666666667 0.034297500000000015
0 0.046073333333333334 0.5474075 0.03537333333333333 0.04711249999999995
4 0.05956333333333333 0.4687675 0.11912666666666666 0.1505575
5 0.34371 0.5043475000000001 0.14119666666666666 0.144775
2 0.3727266666666667 0.4586225 0.06531333333333335 0.029047500000000014
0 0.3806466666666667 0.5223375 0.03639666666666669 0.014502500000000055
0 0.41267666666666664 0.46902 0.0120933333333334 0.029192499999999996
0 0.40964333333333336 0.519375 0.01319999999999997 0.03833750000000003
2 0.23807 0.62964 0.11302666666666664 0.12494749999999999
0 0.026 0.665125 0.052 0.03025
2 0.2994133333333333 0.820075 0.16047333333333336 0.17794250000000011
1 0.46419 0.9099700000000001 0.14714999999999995 0.12527250000000004
0 0.5203333333333333 0.985 0.03933333333333333 0.03
4 0.34784666666666664 0.6809550000000001 0.13011333333333333 0.23314249999999992
0 0.4866566666666667 0.54715 0.04354333333333337 0.05098000000000002
0 0.7095766666666666 0.56636 0.02007666666666652 0.024527499999999917
0 0.68616 0.6018675 0.06870000000000004 0.05285750000000007
2 0.6184966666666666 0.6402025 0.1418066666666666 0.09420000000000005
0 0.7122033333333334 0.7233725 0.02925 0.023352499999999964
4 0.5400466666666667 0.39 0.12414666666666668 0.1349225
0 0.45847333333333334 0.3659575 0.04107000000000001 0.017172500000000014
2 0.44805 0.33988999999999997 0.10770333333333337 0.03811249999999995
2 0.5123266666666667 0.31763749999999996 0.04295666666666663 0.028577499999999985
0 0.66398 0.3359275 0.03529666666666662 0.024737499999999954
2 0.49940333333333337 0.259575 0.04371999999999995 0.03051999999999998
4 0.8915 0.246 0.217 0.1345
5 0.9483466666666667 0.3708375 0.10330666666666669 0.14344499999999993
4 0.87708 0.380195 0.1263766666666667 0.12381499999999994
0 0.9914633333333333 0.4246825 0.01707333333333342 0.03078250000000003
4 0.7267033333333334 0.42601 0.1728533333333334 0.10726999999999998
1 0.9332466666666666 0.5493150000000001 0.08714999999999994 0.08544250000000005
0 0.98116 0.581495 0.03767666666666658 0.0768499999999999
1 0.94523 0.659995 0.09554666666666678 0.09560249999999997
4 0.81644 0.6556525000000001 0.2014366666666668 0.1673075000000001
5 0.8289833333333333 0.9026175 0.34203333333333336 0.19426250000000003
2 0.8238066666666667 0.8965225 0.0648133333333332 0.043997499999999946
0 0.6807133333333334 0.949975 0.03648999999999993 0.02514249999999993
2 0.7530433333333334 0.9444675 0.1220666666666666 0.06169000000000006