1 0.4548333333333333 0.21725 0.14 0.0775
1 0.07416666666666667 0.950125 0.14766666666666667 0.09425
2 0.155 0.28625 0.12033333333333333 0.0595
1 0.43166666666666664 0.94375 0.13633333333333333 0.0795
1 0.26466666666666666 0.522 0.107 0.07375
1 0.06533333333333333 0.359625 0.13066666666666665 0.08625
4 0.07666666666666666 0.215875 0.153 0.07225
0 0.24983333333333332 0.677125 0.10366666666666667 0.04675
0 0.362 0.60675 0.11166666666666666 0.076
2 0.652 0.53925 0.141 0.10825
0 0.7403333333333333 0.88475 0.118 0.04925
2 0.3435 0.3045 0.10433333333333333 0.0525
1 0.463 0.372625 0.06866666666666667 0.0675
2 0.3585 0.773 0.12866666666666668 0.0915
1 0.6393333333333333 0.9455 0.08566666666666667 0.05375
2 0.8508333333333333 0.394125 0.09133333333333334 0.08175
1 0.5408333333333334 0.87525 0.069 0.05175
1 0.3398333333333333 0.87475 0.07233333333333333 0.05025
1 0.23983333333333334 0.939875 0.072 0.0565
1 0.7498333333333334 0.76375 0.08733333333333333 0.079
1 0.274 0.380625 0.08466666666666667 0.08125
1 0.8458333333333333 0.692875 0.10466666666666667 0.058
1 0.756 0.45325 0.121 0.0455
1 0.05633333333333333 0.521625 0.08933333333333333 0.04375
1 0.6593333333333333 0.23175 0.07933333333333334 0.05375
3 0.9388333333333333 0.788375 0.10633333333333334 0.068
1 0.8338333333333333 0.95475 0.07933333333333334 0.0485
3 0.05583333333333333 0.688375 0.09566666666666666 0.0745
1 0.157 0.76 0.147 0.12575
2 0.144 0.60425 0.07866666666666666 0.05975
1 0.4921266666666667 0.5176725 0.19138333333333338 0.11459500000000003
1 0.1245 0.879125 0.096 0.0615
0 0.8498333333333333 0.540625 0.08966666666666667 0.06925
1 0.36816666666666664 0.43875 0.07933333333333334 0.05725
1 0.5355 0.759875 0.103 0.05125
2 0.666 0.375625 0.093 0.06425
1 0.16216666666666665 0.445625 0.057666666666666665 0.06175
0 0.5501666666666667 0.606375 0.08266666666666667 0.04725
1 0.038 0.13625 0.076 0.0665
0 0.6526666666666666 0.69325 0.093 0.0605
0 0.554 0.30875 0.10133333333333333 0.0475
0 0.5538333333333333 0.308625 0.101 0.0475
2 0.45016666666666666 0.687625 0.105 0.06725
1 0.3285 0.996125 0.081 0.00775