1 0.7828333333333334 0.435375 0.079 0.06
1 0.5148333333333334 0.0919775 0.12733333333333333 0.069185
1 0.15033333333333335 0.141375 0.07866666666666666 0.04925
1 0.1275 0.037125 0.05733333333333333 0.03925
1 0.9341666666666667 0.077125 0.06333333333333334 0.0405
1 0.20966666666666667 0.094375 0.068 0.046
1 0.7653333333333333 0.190875 0.06533333333333333 0.04225
1 0.3655 0.19525 0.06366666666666666 0.04525
1 0.5608333333333333 0.036875 0.06833333333333333 0.04775
3 0.3585 0.082375 0.067 0.0575
0 0.07283333333333333 0.093 0.08233333333333333 0.04375
1 0.8425 0.134375 0.05 0.03275
0 0.7066666666666667 0.14086 0.061 0.04247249999999998
1 0.6293333333333333 0.19475 0.08833333333333333 0.047
1 0.2723333333333333 0.036875 0.06933333333333333 0.04025
1 0.5668333333333333 0.13975 0.06566666666666666 0.04325
1 0.5063333333333333 0.27225 0.07133333333333333 0.0315
2 0.5723333333333334 0.426 0.07366666666666667 0.03675
1 0.5721666666666667 0.381125 0.06266666666666666 0.0365
1 0.8796666666666667 0.265375 0.07633333333333334 0.037
3 0.05266666666666667 0.353875 0.06266666666666666 0.0355
1 0.6423333333333333 0.0825 0.051 0.04325
2 0.752 0.273735 0.06733333333333333 0.03697249999999997
1 0.7186666666666667 0.028625 0.056 0.04075
1 0.033166666666666664 0.430875 0.06466666666666666 0.0425
1 0.574 0.313625 0.056 0.02875
2 0.8986666666666666 0.425875 0.04833333333333333 0.033
1 0.908 0.1785 0.07366666666666667 0.03925
1 0.18652 0.2404775 0.05103666666666669 0.038702500000000015
1 0.5028333333333334 0.18775 0.052 0.039
1 0.4071666666666667 0.466625 0.043 0.0285
0 0.4635 0.505 0.046 0.02375
1 0.316 0.236 0.052 0.038
1 0.8878333333333334 0.504 0.04 0.0205
1 0.23681 0.1918575 0.057716666666666694 0.037712499999999975
1 0.8701666666666666 0.023375 0.06 0.046
1 0.028833333333333332 0.147125 0.057666666666666665 0.03425
1 0.14 0.429875 0.051 0.0325
0 0.15383333333333332 0.507125 0.045 0.02275
1 0.3631666666666667 0.507125 0.042666666666666665 0.026
0 0.8751666666666666 0.574 0.030333333333333334 0.01625
2 0.43583333333333335 0.23675 0.050666666666666665 0.03075
1 0.9313333333333333 0.30525 0.13733333333333334 0.04
4 0.7441433333333333 0.347 0.07066666666666667 0.03475
2 0.46131333333333335 0.4295925 0.05029666666666662 0.03893499999999995
2 0.4277966666666667 0.14845750000000002 0.0494066666666666 0.03464749999999998
0 0.724 0.54 0.030666666666666665 0.022
0 0.41533333333333333 0.541625 0.027 0.01975
1 0.062 0.237375 0.05 0.0295
2 0.6225 0.345125 0.04733333333333333 0.02725
1 0.67282 0.50425 0.042333333333333334 0.03525
0 0.21283333333333335 0.542625 0.046 0.01975
0 0.2971666666666667 0.1455 0.058333333333333334 0.038
0 0.08316666666666667 0.64 0.04466666666666667 0.01975
2 0.9796666666666667 0.1304775 0.04066666666666666 0.036702499999999985
1 0.9060566666666667 0.38125 0.04386333333333338 0.019
1 0.394 0.339375 0.07033333333333333 0.0415
2 0.6668333333333333 0.637375 0.042 0.02
0 0.30566666666666664 0.468375 0.03166666666666667 0.01875
0 0.948 0.464875 0.027 0.018
1 0.09766666666666667 0.321375 0.050666666666666665 0.0335
1 0.12766666666666668 0.607125 0.04133333333333333 0.023
0 0.6681666666666667 0.57325 0.024666666666666667 0.01825
2 0.9418966666666667 0.2318225 0.06995000000000012 0.035685
0 0.26766666666666666 0.57525 0.030666666666666665 0.02025
0 0.779 0.503 0.03233333333333333 0.014
1 0.45716666666666667 0.316125 0.05 0.027
2 0.9175333333333333 0.673 0.05433333333333333 0.0265
4 0.38566 0.274015 0.06901333333333332 0.039472499999999966
0 0.28547666666666666 0.3495175 0.05266666666666667 0.03023249999999996
0 0.9803333333333333 0.57625 0.03866666666666667 0.024
1 0.24886333333333335 0.433245 0.038826666666666676 0.025777500000000033
1 0.40066666666666667 0.029875 0.08266666666666667 0.05975
0 0.4216666666666667 0.60625 0.044 0.02725
2 0.2775 0.63925 0.037333333333333336 0.025
2 0.6208333333333333 0.54025 0.04933333333333333 0.02375
0 0.6921666666666667 0.231125 0.054 0.036
0 0.6656666666666666 0.70125 0.034 0.01525
1 0.18033333333333335 0.641375 0.043333333333333335 0.0255
1 0.26535333333333333 0.27582249999999997 0.06942 0.03199000000000001
0 0.0235 0.702875 0.035333333333333335 0.02375
0 0.05 0.5055 0.024666666666666667 0.015
1 0.4583333333333333 0.38075 0.06666666666666667 0.035
0 0.6786866666666667 0.427495 0.0342966666666667 0.02899000000000001
0 0.8121666666666667 0.671625 0.023 0.01575
1 0.4651666666666667 0.576 0.041 0.0305
1 0.6886233333333333 0.30720749999999997 0.05208666666666674 0.03691499999999996
0 0.36833333333333335 0.574125 0.024666666666666667 0.01475
1 0.5709766666666667 0.2335 0.053 0.03475
1 0.10633333333333334 0.195125 0.05333333333333334 0.03425
4 0.04083333333333333 0.27613499999999996 0.08166666666666667 0.04598249999999999
0 0.7751666666666667 0.574375 0.043 0.02875
1 0.35452 0.4248975 0.048370000000000045 0.03370249999999999
1 0.16152333333333332 0.3537125 0.09899999999999998 0.03825
0 0.2591233333333333 0.5060925 0.021396666666666685 0.01675999999999999
0 0.18933333333333333 0.702875 0.03 0.0205
0 0.31616666666666665 0.5425 0.034333333333333334 0.0185
0 0.169 0.576625 0.023333333333333334 0.016
1 0.78116 0.080625 0.09949333333333349 0.06475
1 0.4008333333333333 0.029875 0.08266666666666667 0.05975
0 0.5168533333333333 0.46662 0.02503666666666671 0.01675999999999999
0 0.56948 0.502995 0.02837000000000004 0.01799000000000001
0 0.5703333333333334 0.6385 0.028333333333333332 0.018
2 0.31616666666666665 0.542625 0.034 0.01825
1 0.5201666666666667 0.605625 0.03966666666666667 0.02725
0 0.4653333333333333 0.576125 0.041 0.0305
0 0.5201666666666667 0.6055 0.03966666666666667 0.0275
0 0.4246933333333333 0.66962 0.03213333333333336 0.01990499999999997