1 0.38033333333333336 0.21975 0.07366666666666667 0.02775
1 0.2843333333333333 0.2455 0.03233333333333333 0.018
1 0.2826666666666667 0.29775 0.03166666666666667 0.02
1 0.21466666666666667 0.294125 0.023666666666666666 0.024
0 0.09216666666666666 0.347375 0.028333333333333332 0.01925
1 0.8991566666666666 0.276235 0.035516666666666724 0.019682500000000006
2 0.3858333333333333 0.56825 0.02666666666666667 0.03375
0 0.1555 0.308125 0.019 0.0205
1 0.16566666666666666 0.24375 0.035333333333333335 0.022
1 0.7803333333333333 0.328125 0.03833333333333333 0.01675
1 0.7483333333333333 0.30075 0.028333333333333332 0.02175
0 0.317 0.272375 0.022 0.0155
1 0.058333333333333334 0.32 0.036333333333333336 0.02975
4 0.05416666666666667 0.261375 0.07133333333333333 0.0415
1 0.869 0.438125 0.033 0.0225
1 0.10116666666666667 0.427 0.037333333333333336 0.02375
1 0.41533333333333333 0.54125 0.03266666666666666 0.01525
0 0.21083333333333334 0.38475 0.039 0.02575
1 0.07066666666666667 0.447 0.03666666666666667 0.0265
2 0.15983333333333333 0.3865 0.052 0.02425
4 0.6148333333333333 0.35225 0.03266666666666666 0.0245
1 0.751 0.349375 0.029 0.03925
4 0.098 0.465375 0.038 0.0215
1 0.6455 0.2755 0.023333333333333334 0.02225
1 0.034166666666666665 0.187625 0.04633333333333333 0.0255
0 0.7796666666666666 0.22825 0.034 0.0215
4 0.21383333333333332 0.344875 0.048666666666666664 0.029
1 0.238 0.513 0.03133333333333333 0.01875
0 0.8653333333333333 0.39425 0.03 0.0205
2 0.9431666666666667 0.534625 0.03666666666666667 0.032
4 0.816 0.486375 0.036333333333333336 0.03075
1 0.8128333333333333 0.35275 0.03266666666666666 0.02125
0 0.8685 0.494125 0.028 0.01975
2 0.10133333333333333 0.385 0.018333333333333333 0.0155
1 0.7465 0.249625 0.03166666666666667 0.0225
0 0.6145 0.302625 0.028666666666666667 0.02075
1 0.0455 0.3835 0.04466666666666667 0.02325
1 0.131 0.21425 0.050333333333333334 0.02425
1 0.20616666666666666 0.484375 0.03333333333333333 0.024
0 0.43966666666666665 0.832875 0.021666666666666667 0.012
0 0.47733333333333333 0.805125 0.022333333333333334 0.01575
0 0.6475 0.327875 0.031 0.024
0 0.9288333333333333 0.35675 0.023 0.021
2 0.1695 0.194875 0.026333333333333334 0.022
0 0.8126666666666666 0.303875 0.016666666666666666 0.0125
1 0.20216666666666666 0.592875 0.030666666666666665 0.01725
1 0.6496666666666666 0.523375 0.029666666666666668 0.0365
1 0.582 0.326 0.015333333333333332 0.01925
1 0.317 0.325 0.031 0.0315
0 0.5465 0.354875 0.033 0.024
4 0.44733333333333336 0.5155 0.027333333333333334 0.0195
0 0.6471666666666667 0.46925 0.029666666666666668 0.0195
2 0.246 0.41375 0.032 0.0265
0 0.9368333333333333 0.442375 0.03233333333333333 0.02075
1 0.5501666666666667 0.389625 0.024333333333333332 0.026
1 0.451 0.22025 0.027666666666666666 0.02475
1 0.7136666666666667 0.3275 0.026333333333333334 0.022
0 0.34883333333333333 0.29725 0.021 0.015
1 0.2718333333333333 0.54075 0.023333333333333334 0.01525
2 0.16283333333333333 0.46275 0.041 0.03625
1 0.86402 0.2008525 0.021909999999999853 0.020014999999999988
1 0.48083333333333333 0.48925 0.035333333333333335 0.023
4 0.25033333333333335 0.21675 0.07633333333333334 0.0405
0 0.8803333333333333 0.805375 0.024666666666666667 0.01675
1 0.7513333333333333 0.493625 0.03 0.035
4 0.5475 0.43975 0.028333333333333332 0.02075
1 0.20666666666666667 0.539125 0.027 0.02275
2 0.5066666666666667 0.510875 0.044333333333333336 0.03025
0 0.3323333333333333 0.468625 0.030333333333333334 0.01725
1 0.4775 0.44 0.036333333333333336 0.02075
2 0.8991666666666667 0.3317575 0.027333333333333334 0.017014999999999985
0 0.7925 0.832625 0.022333333333333334 0.016
0 0.476 0.690125 0.019 0.0125
1 0.45016666666666666 0.274625 0.03 0.02225
0 0.5125 0.663 0.020666666666666667 0.01125
0 0.4756666666666667 0.747625 0.017 0.01175
0 0.4038333333333333 0.8045 0.023666666666666666 0.017
2 0.439 0.773625 0.02033333333333333 0.01625
1 0.78 0.418625 0.036 0.0295
4 0.0965 0.50975 0.03833333333333333 0.02925
0 0.5466666666666666 0.544125 0.030666666666666665 0.02075
1 0.4455 0.56925 0.023333333333333334 0.01875
2 0.2425 0.462875 0.025666666666666667 0.02775
0 0.7478333333333333 0.39225 0.038 0.02075
0 0.5833333333333334 0.41475 0.029333333333333333 0.02125
2 0.15583333333333332 0.4935 0.02 0.025
2 0.6126666666666667 0.5115 0.033 0.02975
0 0.4033333333333333 0.860625 0.024666666666666667 0.01825
1 0.3445 0.384125 0.03933333333333333 0.02425
0 0.648 0.227 0.038 0.02025
1 0.144 0.59325 0.033666666666666664 0.03175
0 0.7083333333333334 0.5525 0.02 0.0115
1 0.4101666666666667 0.59675 0.02666666666666667 0.03325
0 0.7853333333333333 0.518125 0.031 0.018
2 0.14683333333333334 0.546125 0.03666666666666667 0.027
1 0.45166666666666666 0.40775 0.03333333333333333 0.0275
1 0.7176666666666667 0.5195 0.024 0.02625
2 0.7148333333333333 0.467125 0.04633333333333333 0.02675
0 0.582 0.832625 0.02033333333333333 0.01375
0 0.5826666666666667 0.775 0.015666666666666666 0.01325
1 0.28 0.386 0.044333333333333336 0.0325
0 0.5456666666666666 0.3 0.033666666666666664 0.02375
1 0.5111666666666667 0.324 0.029 0.01675
0 0.259 0.862875 0.021333333333333333 0.012
1 0.43733333333333335 0.459625 0.04833333333333333 0.0285
2 0.09416666666666666 0.6085 0.028 0.04075
1 0.681 0.38925 0.02666666666666667 0.0195
1 0.5488333333333333 0.598875 0.023333333333333334 0.02375
2 0.517 0.274375 0.034333333333333334 0.0225
2 0.4131666666666667 0.388625 0.029333333333333333 0.024
4 0.6086666666666667 0.545875 0.04466666666666667 0.02
2 0.2788333333333333 0.349125 0.03333333333333333 0.0275
4 0.5826666666666667 0.46575 0.034666666666666665 0.0265
0 0.547 0.63425 0.018 0.01275
1 0.5741666666666667 0.519625 0.043 0.02525
0 0.13916666666666666 0.681875 0.019666666666666666 0.0115
1 0.8176666666666667 0.546125 0.02666666666666667 0.0215
0 0.5455 0.803625 0.01633333333333333 0.016
0 0.6511666666666667 0.5735 0.029 0.021
1 0.4785 0.544625 0.035666666666666666 0.02425
0 0.5498333333333333 0.493625 0.036 0.023
0 0.5456666666666666 0.745125 0.019666666666666666 0.01775
2 0.27 0.43875 0.03833333333333333 0.0235
0 0.9128333333333334 0.7255 0.022333333333333334 0.01575
2 0.10883333333333334 0.702125 0.021 0.01775
0 0.6161666666666666 0.805875 0.02033333333333333 0.0195
1 0.41433333333333333 0.48825 0.029333333333333333 0.0245
0 0.6803333333333333 0.35075 0.03333333333333333 0.02075
0 0.348 0.43875 0.027666666666666666 0.023
0 0.619 0.3875 0.038 0.019
1 0.013 0.485625 0.026 0.01625
2 0.5783333333333334 0.271125 0.04766666666666667 0.038
0 0.022333333333333334 0.6815 0.022 0.01425
0 0.29533333333333334 0.834125 0.01633333333333333 0.0135
0 0.20916666666666667 0.437375 0.029333333333333333 0.02
1 0.4498333333333333 0.327625 0.038 0.03025
0 0.43716666666666665 0.719375 0.022333333333333334 0.01525
4 0.76 0.545 0.06566666666666666 0.031
1 0.8698333333333333 0.542125 0.027 0.02225
1 0.23316666666666666 0.66225 0.025333333333333333 0.0255
0 0.6875 0.803125 0.033 0.015
1 0.5843333333333334 0.720625 0.032 0.02625
1 0.6161666666666666 0.633375 0.02666666666666667 0.0185
0 0.38166666666666665 0.414625 0.029333333333333333 0.02125
1 0.30766666666666664 0.514125 0.052333333333333336 0.03075
0 0.22483333333333333 0.774125 0.021333333333333333 0.01525
0 0.5173333333333333 0.414625 0.027 0.025
0 0.4086666666666667 0.68975 0.017333333333333333 0.01275
0 0.6831666666666667 0.63575 0.023 0.0165
1 0.9028333333333334 0.5185 0.03 0.02025
0 0.7236666666666667 0.833875 0.024666666666666667 0.0165
1 0.4171666666666667 0.347875 0.024 0.01975
0 0.26066666666666666 0.803125 0.018 0.01375
2 0.37716666666666665 0.513625 0.029 0.02675
0 0.223 0.8335 0.017 0.01425
0 0.2693333333333333 0.59325 0.03166666666666667 0.025
2 0.7191666666666666 0.66175 0.034 0.01725
0 0.5098333333333334 0.831625 0.022333333333333334 0.01575
1 0.9868333333333333 0.208375 0.026333333333333334 0.03075
1 0.0455 0.74675 0.022 0.01775
0 0.10533333333333333 0.74725 0.021666666666666667 0.0165
0 0.098 0.824875 0.02033333333333333 0.0185
0 0.23083333333333333 0.7195 0.035666666666666666 0.01525
0 0.191 0.805125 0.02266666666666667 0.01525
2 0.29890666666666665 0.7755175000000001 0.030143333333333355 0.020897500000000038
0 0.6166666666666667 0.862625 0.022 0.015
0 0.7566666666666667 0.8045 0.021666666666666667 0.018
2 0.792 0.7765 0.022333333333333334 0.01825
0 0.959 0.62025 0.036 0.034
4 0.824 0.69225 0.024333333333333332 0.018
0 0.6861666666666667 0.7475 0.023333333333333334 0.01375
0 0.6543333333333333 0.775625 0.016 0.01225
0 0.5118333333333334 0.7745 0.015666666666666666 0.01425
0 0.6166666666666667 0.7465 0.01633333333333333 0.015
0 0.651 0.71925 0.023333333333333334 0.0145
0 0.6843333333333333 0.690625 0.015666666666666666 0.009
0 0.4051666666666667 0.74575 0.02033333333333333 0.015
1 0.3408333333333333 0.641375 0.035333333333333335 0.03025
2 0.0125 0.566625 0.025 0.023
3 0.30716666666666664 0.579 0.052 0.03875
3 0.49583333333333335 0.599375 0.05366666666666667 0.039
1 0.6863333333333334 0.59775 0.059666666666666666 0.02625
1 0.5833333333333334 0.572375 0.029 0.02475
4 0.7858333333333334 0.57375 0.04 0.026
0 0.816 0.442 0.032 0.02025
0 0.8171666666666667 0.3865 0.04833333333333333 0.03875
4 0.7775 0.17525 0.058333333333333334 0.0415
1 0.7133333333333334 0.224375 0.083 0.04725
1 0.5745 0.222125 0.08633333333333333 0.03475
2 0.5561666666666667 0.25075 0.04 0.02575
0 0.5073333333333333 0.305875 0.016 0.0115
0 0.48883333333333334 0.200125 0.028 0.017
2 0.7156666666666667 0.41525 0.033 0.029
0 0.646 0.41575 0.037 0.0175
2 0.414 0.438625 0.027333333333333334 0.02825
1 0.3888333333333333 0.4785 0.03133333333333333 0.01875
4 0.9891666666666666 0.3095 0.021666666666666667 0.042
1 0.15366666666666667 0.426 0.027 0.02175
4 0.8725 0.59025 0.020666666666666667 0.02525
0 0.9636566666666666 0.2809625 0.031433333333333396 0.02179499999999996
1 0.9929600000000001 0.25288499999999997 0.014079999999999928 0.015432500000000005
1 0.06116666666666667 0.56925 0.028 0.018