0 0.4246666666666667 0.830625 0.025 0.021
0 0.2976666666666667 0.655625 0.023 0.0155
0 0.057833333333333334 0.763875 0.030333333333333334 0.028
0 0.3655 0.654625 0.052333333333333336 0.02975
5 0.4528333333333333 0.338375 0.123 0.09175
0 0.10633333333333334 0.891375 0.030333333333333334 0.022
0 0.3398333333333333 0.89875 0.03833333333333333 0.02375
1 0.0445 0.2945 0.043 0.02225
0 0.156 0.27625 0.04066666666666666 0.0195
1 0.25716666666666665 0.3035 0.044333333333333336 0.02375
1 0.25383333333333336 0.147875 0.052333333333333336 0.033
4 0.36633333333333334 0.285 0.027 0.02125
1 0.11683333333333333 0.299 0.029333333333333333 0.023
0 0.0385 0.59975 0.024333333333333332 0.0165
0 0.08583333333333333 0.273625 0.038 0.0165
1 0.028666666666666667 0.535375 0.05733333333333333 0.04625
0 0.274 0.827875 0.019666666666666666 0.01575
0 0.5631666666666667 0.2895 0.028333333333333332 0.0215
0 0.206 0.409625 0.026333333333333334 0.019
1 0.16433333333333333 0.132875 0.039 0.02425
0 0.3985 0.441625 0.043666666666666666 0.02575
0 0.20566666666666666 0.438 0.021 0.01825
0 0.0705 0.20925 0.04533333333333334 0.0185
1 0.035833333333333335 0.125375 0.043 0.01875
3 0.2618333333333333 0.339 0.034666666666666665 0.02175
0 0.24166666666666667 0.26 0.032 0.014
0 0.39166666666666666 0.229125 0.017666666666666667 0.015
0 0.43033333333333335 0.7135 0.028666666666666667 0.0215
3 0.1665 0.4035 0.032 0.021
0 0.44733333333333336 0.49875 0.026 0.01475
4 0.16316666666666665 0.65575 0.069 0.03825
1 0.2405 0.536125 0.033 0.025
4 0.223 0.37525 0.03166666666666667 0.02275
1 0.16933333333333334 0.2345 0.041 0.028
1 0.13733333333333334 0.37825 0.04766666666666667 0.03925
1 0.06783333333333333 0.470875 0.062 0.04725
3 0.018833333333333334 0.43975 0.037333333333333336 0.033
1 0.024333333333333332 0.15925 0.048 0.04575
0 0.5058333333333334 0.631625 0.025 0.01975
0 0.13666666666666666 0.76375 0.03866666666666667 0.02025
0 0.5981666666666666 0.34975 0.034333333333333334 0.021
1 0.30866666666666664 0.441875 0.04466666666666667 0.0315
2 0.291 0.709125 0.06133333333333333 0.02775
4 0.075 0.40325 0.042 0.0325
1 0.18616666666666667 0.301875 0.031 0.02225
2 0.12816666666666668 0.252 0.033 0.026
1 0.38666666666666666 0.506375 0.055 0.0345
0 0.222 0.204875 0.018666666666666668 0.0115
0 0.15183333333333332 0.189625 0.041666666666666664 0.01925
0 0.35 0.177625 0.017333333333333333 0.01225
1 0.5308333333333334 0.177125 0.06933333333333333 0.04025
1 0.6905 0.205 0.044333333333333336 0.0285
0 0.5956666666666667 0.22175 0.02666666666666667 0.01975
1 0.7338333333333333 0.26925 0.064 0.04325
2 0.5908333333333333 0.267125 0.03166666666666667 0.02525
1 0.5286666666666666 0.264625 0.03766666666666667 0.024
0 0.6673333333333333 0.313625 0.034 0.021
0 0.523 0.394625 0.03233333333333333 0.02475
1 0.6356666666666667 0.41925 0.035333333333333335 0.02625
0 0.5395 0.459 0.08333333333333333 0.07875
0 0.5586666666666666 0.52275 0.017333333333333333 0.01425
0 0.5171666666666667 0.571125 0.023666666666666666 0.01475
0 0.18483333333333332 0.89275 0.021333333333333333 0.0155
0 0.3485 0.829375 0.039 0.024
0 0.196 0.82625 0.028333333333333332 0.0165
0 0.07516666666666667 0.705875 0.026333333333333334 0.01575
0 0.22033333333333333 0.709875 0.026 0.01775
1 0.020166666666666666 0.652125 0.03833333333333333 0.03725
1 0.17283333333333334 0.59925 0.051333333333333335 0.0235
0 0.375 0.605125 0.03233333333333333 0.0215
3 0.43416666666666665 0.5515 0.03933333333333333 0.03025
1 0.3416666666666667 0.538125 0.036333333333333336 0.02675
1 0.137 0.5325 0.04033333333333333 0.02525
0 0.10183333333333333 0.49975 0.030333333333333334 0.01575
1 0.11483333333333333 0.432125 0.034 0.0195
0 0.194 0.481125 0.046 0.02575
1 0.238 0.494875 0.042666666666666665 0.02775
1 0.292 0.504375 0.03266666666666666 0.02325
1 0.2555 0.4685 0.068 0.0255
2 0.041666666666666664 0.3665 0.022333333333333334 0.01875
0 0.058166666666666665 0.344875 0.025 0.0185
2 0.09483333333333334 0.343875 0.04533333333333334 0.02425
0 0.26516666666666666 0.40625 0.03766666666666667 0.026
0 0.348 0.410875 0.042666666666666665 0.03
2 0.311 0.377875 0.046 0.02225
2 0.010333333333333333 0.336625 0.020666666666666667 0.01725
0 0.3175 0.341375 0.035666666666666666 0.01075
0 0.36483333333333334 0.352 0.043666666666666666 0.0195
1 0.42483333333333334 0.311125 0.030333333333333334 0.0245
1 0.43883333333333335 0.328 0.027666666666666666 0.02075
0 0.4645 0.35325 0.022 0.02075
0 0.4816666666666667 0.317125 0.026333333333333334 0.021
0 0.32866666666666666 0.3075 0.042333333333333334 0.0235
0 0.4241666666666667 0.266875 0.015 0.0155
0 0.33716666666666667 0.263 0.04 0.026
1 0.307 0.239 0.032 0.02975
1 0.27666666666666667 0.215875 0.033 0.02