5 0.10541333333333333 0.39086750000000003 0.21082666666666666 0.15000249999999993
5 0.5667300000000001 0.64513 0.2683666666666667 0.26627499999999993
4 0.6985100000000001 0.0882525 0.16939 0.1207625
1 0.5916666666666667 0.127625 0.059333333333333335 0.04575
2 0.4785 0.200875 0.053 0.05475
1 0.5343333333333333 0.070375 0.05366666666666667 0.0325
4 0.9361666666666667 0.859875 0.07133333333333333 0.03825
2 0.4088333333333333 0.550625 0.06433333333333334 0.07625
0 0.6400033333333334 0.2806125 0.03559666666666665 0.029274999999999978
2 0.49916666666666665 0.70125 0.037333333333333336 0.03275
1 0.10108 0.524505 0.04396 0.023045000000000072
2 0.2187366666666667 0.7483 0.07392666666666665 0.06069250000000011
2 0.4075 0.23975 0.042666666666666665 0.0665
4 0.48333333333333334 0.50575 0.06933333333333333 0.099
1 0.5943333333333334 0.591375 0.035333333333333335 0.026
0 0.49983333333333335 0.248 0.03233333333333333 0.0345
1 0.11258666666666667 0.3628025 0.02794666666666668 0.023907500000000026
0 0.474 0.07125 0.04833333333333333 0.02175
0 0.10185333333333334 0.39059750000000004 0.028683333333333318 0.029722499999999968
0 0.791 0.330625 0.057666666666666665 0.03525
1 0.7983333333333333 0.600375 0.055 0.0335
2 0.5555 0.3985 0.042 0.042
0 0.6451633333333333 0.39472500000000005 0.044803333333333285 0.030952499999999987
1 0.31066666666666665 0.349875 0.03 0.0265
0 0.905 0.929625 0.03833333333333333 0.022
2 0.442 0.645625 0.041666666666666664 0.05125
0 0.42183333333333334 0.1715 0.024 0.0355
0 0.4036666666666667 0.877375 0.021666666666666667 0.01975
4 0.5321666666666667 0.51675 0.030666666666666665 0.02
2 0.3506666666666667 0.284625 0.064 0.09975
1 0.3516666666666667 0.220375 0.034333333333333334 0.03375
1 0.031 0.307125 0.046 0.02375
2 0.5813333333333334 0.472875 0.027 0.02325
5 0.053 0.758125 0.106 0.04425
1 0.7853333333333333 0.28525 0.03666666666666667 0.031
0 0.5415 0.226 0.035333333333333335 0.02075
5 0.5113866666666667 0.36513999999999996 0.1357833333333333 0.16271500000000003
1 0.5278333333333334 0.16325 0.094 0.09475
1 0.46275333333333335 0.3969625 0.018483333333333272 0.025077499999999985
1 0.41181333333333336 0.3110425 0.013073333333333267 0.01505499999999995
0 0.5455 0.99291 0.025666666666666667 0.0135
2 0.34789333333333333 0.5119725 0.02919333333333331 0.04280499999999995
2 0.38916666666666666 0.14825 0.036333333333333336 0.047
0 0.7750766666666666 0.22607249999999998 0.027353333333333466 0.018569999999999993
0 0.8464499999999999 0.415495 0.030520000000000134 0.04528999999999996
0 0.7053900000000001 0.43235250000000003 0.024520000000000132 0.016330000000000042
2 0.68835 0.4532025 0.02869333333333331 0.027182500000000005
2 0.6899200000000001 0.50626 0.08691333333333326 0.08716249999999996
4 0.8656666666666667 0.724875 0.18033333333333335 0.143
0 0.79152 0.9481124999999999 0.0496233333333333 0.030075000000000046
0 0.7500566666666667 0.9174625 0.030643333333333432 0.025470000000000027
0 0.7271299999999999 0.9143 0.021710000000000035 0.022480000000000017
0 0.6970766666666667 0.7965525 0.02510666666666657 0.020837500000000092
4 0.7047933333333334 0.8471725 0.11954999999999995 0.11584500000000003
0 0.6111966666666666 0.9316074999999999 0.024809999999999947 0.0215474999999999
0 0.5952833333333333 0.9799125000000001 0.04157333333333327 0.0401724999999999
0 0.62183 0.8275875 0.0496233333333333 0.03131750000000011
0 0.50239 0.88685 0.024589999999999994 0.02406750000000011
0 0.43936333333333333 0.8217075 0.026583333333333334 0.020375
0 0.37634 0.8673525 0.02311333333333338 0.019410000000000083
2 0.4202033333333333 0.8722225 0.01927333333333339 0.02472250000000008
3 0.49659333333333333 0.7442300000000001 0.02510666666666672 0.03466000000000008
0 0.55408 0.7223825 0.020160000000000008 0.014662499999999908
0 0.5881566666666667 0.72553 0.06055000000000003 0.045907500000000025
0 0.6697266666666667 0.642165 0.02906333333333335 0.023142499999999927
0 0.66465 0.566655 0.02987999999999996 0.04373250000000007
4 0.6307733333333333 0.568535 0.03227333333333339 0.0388125
0 0.6473166666666667 0.5265525 0.017273333333333387 0.019190000000000054
0 0.5214233333333333 0.4973625 0.014823333333333267 0.010850000000000023
0 0.4957733333333333 0.5657725 0.016783333333333303 0.015352499999999963
0 0.43660666666666664 0.601355 0.014386666666666619 0.014227499999999964
1 0.41963333333333336 0.6039975 0.028143333333333277 0.026924999999999956
2 0.38322333333333336 0.6039825 0.02860666666666672 0.04746499999999992
0 0.37033 0.635185 0.018636666666666617 0.020710000000000037
1 0.34845666666666664 0.6360825 0.022 0.015444999999999936
1 0.33268 0.63428 0.012913333333333336 0.015657500000000026
1 0.35575999999999997 0.66534 0.017533333333333304 0.021502500000000056
4 0.3812833333333333 0.7058625 0.032153333333333346 0.0410150000000001
0 0.4017366666666667 0.7377100000000001 0.013486666666666678 0.01566249999999991
0 0.4423066666666667 0.7056024999999999 0.010769999999999981 0.0113900000000001
0 0.45518666666666663 0.7202775 0.01673000000000002 0.020464999999999917
2 0.47551333333333334 0.6668975 0.022960000000000036 0.03053250000000003
0 0.5036666666666667 0.6422725 0.01389999999999994 0.016650000000000092
1 0.6622766666666666 0.6165475 0.05010000000000006 0.05009750000000008
1 0.6094633333333334 0.637575 0.04440333333333334 0.04024250000000006
1 0.55402 0.6569575 0.04133666666666674 0.04352749999999992
0 0.5990033333333333 0.67164 0.025473333333333358 0.028247499999999946
4 0.45217999999999997 0.160165 0.04335000000000006 0.05476749999999998
1 0.41844 0.090435 0.026776666666666643 0.03909000000000001
0 0.42444 0.13838999999999999 0.02605000000000003 0.035577499999999984
0 0.33326 0.842345 0.01605333333333336 0.01563000000000011
0 0.3115233333333334 0.8340025000000001 0.012660000000000006 0.009285000000000081
5 0.27455999999999997 0.8100674999999999 0.06718999999999997 0.0854375
5 0.28701333333333334 0.6557625 0.06589000000000002 0.09939249999999993
5 0.2685133333333333 0.44545 0.07417 0.10449249999999995
5 0.04745333333333334 0.22432 0.09490666666666668 0.12179499999999999
2 0.37958000000000003 0.7830725 0.027850000000000062 0.022382499999999937
2 0.3663966666666667 0.7593150000000001 0.02225666666666666 0.026842499999999974
2 0.3411166666666667 0.78587 0.016893333333333354 0.018497499999999945
4 0.30068 0.73936 0.05324666666666667 0.08155500000000006
1 0.08229 0.6295625 0.03813 0.0201724999999999
0 0.07317333333333334 0.5923125 0.020643333333333336 0.01883249999999998
0 0.044669999999999994 0.6086225 0.023379999999999995 0.0119525000000001
4 0.03233333333333333 0.55375 0.06466666666666666 0.0555
4 0.08585999999999999 0.5504175 0.03701666666666666 0.017387500000000045
0 0.08158666666666667 0.5345 0.015006666666666661 0.009492500000000063
0 0.15393666666666667 0.4460075 0.024386666666666657 0.010434999999999946
0 0.08704333333333333 0.4188325 0.014629999999999995 0.012424999999999955
0 0.06282666666666667 0.34502 0.025886666666666676 0.011682500000000005
4 0.04182333333333333 0.370595 0.04015666666666666 0.021875
4 0.022709999999999998 0.39586 0.045419999999999995 0.025940000000000053
0 0.13693333333333332 0.3106925 0.03938666666666665 0.02263250000000005
1 0.19463666666666665 0.330685 0.11632333333333335 0.030807500000000005
0 0.04548666666666667 0.263895 0.01631 0.011172500000000014
0 0.04370666666666667 0.20999500000000001 0.040459999999999996 0.026632499999999993
4 0.21578666666666668 0.5845425 0.02276666666666665 0.053519999999999984
0 0.22158 0.5415924999999999 0.02375999999999999 0.02425999999999999
0 0.2303 0.501475 0.011283333333333303 0.010934999999999945
0 0.2628433333333333 0.5095875 0.013369999999999967 0.01307249999999999
1 0.3058133333333333 0.544375 0.013136666666666694 0.010262500000000046
0 0.3217466666666667 0.54239 0.01667666666666666 0.014230000000000019
0 0.31368 0.5741075 0.01725 0.01157249999999999
4 0.28716 0.5093925 0.05695333333333338 0.08403750000000003
4 0.24526333333333333 0.4467275 0.03459333333333332 0.03757000000000005
2 0.273 0.7330599999999999 0.007386666666666694 0.011160000000000081
2 0.2506233333333333 0.68817 0.015789999999999964 0.015190000000000054
0 0.27444666666666667 0.690915 0.026853333333333316 0.015380000000000109
0 0.26469333333333334 0.6767875 0.01704333333333337 0.008454999999999928
0 0.26788 0.6532100000000001 0.013406666666666676 0.017089999999999918
1 0.28134666666666663 0.6209574999999999 0.01344666666666664 0.013852499999999964
2 0.25783 0.6770349999999999 0.011830000000000004 0.03205500000000006
0 0.29718 0.6029249999999999 0.015216666666666698 0.014400000000000092
4 0.2942133333333333 0.5745025 0.020179999999999986 0.021119999999999892
0 0.3425033333333333 0.577215 0.01279333333333337 0.009474999999999909
1 0.31245666666666666 0.46148 0.01880666666666669 0.020582499999999983
1 0.33187 0.47811000000000003 0.011463333333333367 0.019029999999999974
2 0.37237 0.4748225 0.031763333333333324 0.040607499999999956
1 0.39686666666666665 0.4926875 0.03523333333333327 0.036264999999999985
0 0.37247 0.5109275 0.01905000000000003 0.025339999999999974
0 0.37749333333333335 0.5287725000000001 0.015859999999999975 0.016157500000000026
0 0.4393433333333333 0.5019675 0.012739999999999934 0.008842499999999972
1 0.43797 0.40435000000000004 0.02335666666666672 0.02649249999999995
2 0.45718 0.347585 0.028629999999999958 0.015465000000000033
0 0.44952 0.41539499999999996 0.009933333333333395 0.020309999999999946
1 0.42878666666666665 0.3632025 0.032649999999999936 0.03353499999999997
1 0.44036666666666663 0.34508 0.019533333333333302 0.0466875
1 0.3336233333333333 0.37651999999999997 0.02093999999999998 0.018794999999999958
0 0.38749333333333336 0.3553575 0.01782666666666667 0.018182500000000004
2 0.43905000000000005 0.236195 0.03507999999999993 0.03860250000000002
1 0.37650333333333336 0.21034 0.026289999999999963 0.027802500000000008
1 0.32051 0.1641525 0.016006666666666662 0.017342500000000028
0 0.3240533333333333 0.19987 0.02676333333333332 0.044649999999999974
4 0.3617066666666666 0.129415 0.07215666666666663 0.10564749999999998
2 0.28601333333333334 0.252875 0.029596666666666653 0.06478499999999997
2 0.30262333333333336 0.30535 0.032606666666666645 0.04228750000000002
1 0.3001 0.2671625 0.01980000000000003 0.01915750000000003
1 0.30007333333333336 0.23529 0.01730000000000003 0.01783749999999998
0 0.28130666666666665 0.34497000000000005 0.011666666666666667 0.01525999999999999
0 0.2735533333333333 0.3492425 0.01225666666666666 0.02307000000000005
1 0.26503333333333334 0.3539775 0.012220000000000028 0.01615999999999997
0 0.27201666666666663 0.4016375 0.01798666666666668 0.012200000000000046
0 0.24450333333333332 0.41284750000000003 0.010019999999999982 0.010215000000000031
4 0.32932333333333336 0.40963499999999997 0.0916766666666667 0.06873500000000002
0 0.38040333333333337 0.424135 0.007710000000000036 0.011504999999999996
1 0.41918666666666665 0.4401275 0.07319666666666672 0.10366499999999997