2 0.45166666666666666 0.6365 0.043666666666666666 0.02325
0 0.44766666666666666 0.731 0.015666666666666666 0.012
1 0.5911666666666666 0.447125 0.04733333333333333 0.066
0 0.024666666666666667 0.11275 0.04666666666666667 0.0295
0 0.5388333333333334 0.64125 0.021 0.01575
0 0.4025 0.634375 0.019333333333333334 0.014
0 0.6216666666666667 0.367125 0.019666666666666666 0.016
0 0.6576666666666666 0.34825 0.021333333333333333 0.01525
0 0.07266666666666667 0.1005 0.032 0.0225
0 0.46066666666666667 0.148125 0.015 0.01225
0 0.36783333333333335 0.353 0.023666666666666666 0.02
0 0.23833333333333334 0.165375 0.04 0.0255
0 0.21216666666666667 0.07725 0.051666666666666666 0.0305
4 0.35433333333333333 0.58525 0.052333333333333336 0.03125
1 0.2975 0.021875 0.03966666666666667 0.028
0 0.45116666666666666 0.591625 0.019333333333333334 0.01425
1 0.6418333333333334 0.428 0.022 0.01925
0 0.4915 0.213875 0.012333333333333333 0.013
3 0.3318333333333333 0.338 0.028333333333333332 0.02275
1 0.11566666666666667 0.14575 0.051333333333333335 0.03175
0 0.4955 0.59375 0.04 0.02775
1 0.19933333333333333 0.178125 0.04733333333333333 0.0275
0 0.49183333333333334 0.7805 0.025333333333333333 0.01825
1 0.25 0.318375 0.041 0.036
0 0.6198333333333333 0.25875 0.018 0.01675
0 0.5081666666666667 0.415875 0.028666666666666667 0.0215
0 0.5405 0.72725 0.017666666666666667 0.0145
3 0.4036666666666667 0.292125 0.03 0.023
0 0.0775 0.560625 0.054 0.0225
1 0.4091666666666667 0.42 0.05266666666666667 0.02825
0 0.08616666666666667 0.304625 0.03866666666666667 0.03
1 0.4053333333333333 0.165375 0.027333333333333334 0.0225
1 0.403 0.4815 0.027 0.0245
5 0.057833333333333334 0.179 0.08133333333333333 0.0775
0 0.36033333333333334 0.134 0.02033333333333333 0.01225
2 0.12533333333333332 0.095 0.036 0.042
0 0.3805 0.20225 0.027333333333333334 0.01875
1 0.44816666666666666 0.402375 0.036333333333333336 0.025
1 0.15283333333333332 0.28475 0.06633333333333333 0.0365
2 0.26066666666666666 0.25425 0.048666666666666664 0.028
0 0.5155 0.258625 0.017666666666666667 0.01525
5 0.5363333333333333 0.3365 0.07433333333333333 0.08725
1 0.397 0.255125 0.037 0.021
0 0.6188333333333333 0.297875 0.021666666666666667 0.01875
0 0.2911666666666667 0.0865 0.04033333333333333 0.02125
1 0.225 0.4545 0.058333333333333334 0.03775
4 0.4795 0.262625 0.022 0.0175
0 0.2853333333333333 0.427625 0.027 0.01625
1 0.2755 0.208625 0.028666666666666667 0.026
1 0.383 0.08425 0.044333333333333336 0.03825
0 0.49516666666666664 0.728625 0.02266666666666667 0.01725
0 0.23833333333333334 0.52175 0.021 0.01525
1 0.2305 0.574375 0.036333333333333336 0.0375
2 0.12333333333333334 0.74425 0.05366666666666667 0.03375
0 0.36966666666666664 0.382375 0.019333333333333334 0.01725
0 0.30766666666666664 0.194375 0.039 0.025
0 0.069 0.384 0.027666666666666666 0.01925
3 0.5326666666666666 0.513875 0.024666666666666667 0.0235
4 0.37933333333333336 0.322125 0.029 0.02025
1 0.25166666666666665 0.392625 0.06266666666666666 0.056
1 0.30316666666666664 0.305125 0.04566666666666667 0.04975
1 0.6898333333333333 0.32475 0.03166666666666667 0.02425
0 0.6016666666666667 0.309875 0.019 0.0185
4 0.44466666666666665 0.34225 0.035333333333333335 0.026
1 0.09933333333333333 0.232125 0.074 0.037
0 0.581 0.393875 0.021666666666666667 0.022
0 0.0575 0.68525 0.051666666666666666 0.03475
1 0.43333333333333335 0.20275 0.028666666666666667 0.03175
1 0.5821666666666667 0.20075 0.04733333333333333 0.037
1 0.6706666666666666 0.265 0.027 0.0235
4 0.31416666666666665 0.147375 0.03166666666666667 0.02625
2 0.2795 0.15625 0.034 0.03175
2 0.16533333333333333 0.21775 0.036333333333333336 0.02475
0 0.221 0.244625 0.025666666666666667 0.0195
1 0.5825 0.280625 0.025 0.01875
2 0.20833333333333334 0.266 0.024 0.021
0 0.021833333333333333 0.329375 0.043666666666666666 0.02325
2 0.1205 0.428125 0.06266666666666666 0.06
1 0.009166666666666667 0.494875 0.018333333333333333 0.03325
0 0.17133333333333334 0.469625 0.031 0.019
0 0.028833333333333332 0.816625 0.04666666666666667 0.02175
0 0.195 0.803 0.030666666666666665 0.0225
0 0.20733333333333334 0.74225 0.028666666666666667 0.02925
0 0.3318333333333333 0.7905 0.029 0.0185
0 0.3913333333333333 0.786375 0.01633333333333333 0.014
0 0.3938333333333333 0.73175 0.022 0.0145
0 0.2813333333333333 0.681625 0.027 0.02625
0 0.344 0.681375 0.028333333333333332 0.01725
0 0.28633333333333333 0.629125 0.02033333333333333 0.01275
0 0.49683333333333335 0.55325 0.02 0.016
0 0.5748333333333333 0.58125 0.016 0.0145
0 0.5791666666666667 0.53525 0.014333333333333333 0.009
0 0.6015 0.501 0.009333333333333334 0.01
1 0.35283333333333333 0.53325 0.04533333333333334 0.02275
1 0.3235 0.46575 0.034 0.02275
0 0.015333333333333332 0.4175 0.030666666666666665 0.02575
1 0.4745 0.49425 0.03166666666666667 0.0235
0 0.54 0.47125 0.018 0.00975
1 0.5031666666666667 0.472375 0.03933333333333333 0.028
1 0.4405 0.459875 0.023666666666666666 0.018
1 0.399 0.4435 0.029 0.02225
0 0.36283333333333334 0.4225 0.038 0.02625
0 0.13583333333333333 0.359 0.05 0.02375
3 0.19183333333333333 0.345625 0.043666666666666666 0.03275
1 0.28883333333333333 0.35725 0.03233333333333333 0.02425
0 0.4121666666666667 0.361125 0.03 0.028
1 0.3378333333333333 0.232625 0.02666666666666667 0.02325
0 0.452 0.277625 0.03133333333333333 0.02275
0 0.45516666666666666 0.23275 0.03133333333333333 0.0295
0 0.44533333333333336 0.307125 0.02666666666666667 0.0075
0 0.481 0.328625 0.03266666666666666 0.0205
1 0.5301666666666667 0.30575 0.03166666666666667 0.0185
1 0.547 0.32725 0.02666666666666667 0.0195
0 0.5693333333333334 0.322125 0.013 0.0195
0 0.006833333333333334 0.01475 0.013666666666666667 0.024