5 0.8560133333333333 0.6411375 0.28796999999999995 0.33812249999999994
5 0.5743766666666668 0.3379525 0.26939 0.23818499999999998
1 0.108 0.7 0.09466666666666666 0.0695
1 0.352 0.78675 0.196 0.14175
1 0.967 0.81575 0.066 0.072
1 0.36233333333333334 0.549 0.059666666666666666 0.0425
1 0.2265 0.409375 0.12233333333333334 0.03125
1 0.7103333333333334 0.861 0.09133333333333334 0.068
1 0.17516666666666666 0.266625 0.09433333333333334 0.04575
0 0.8946666666666667 0.888875 0.073 0.01825
2 0.30583333333333335 0.907875 0.071 0.03875
1 0.2668333333333333 0.228375 0.119 0.0445
1 0.3125 0.4105 0.041 0.03975
1 0.133 0.81025 0.18033333333333335 0.0615
0 0.5243333333333333 0.973375 0.069 0.05
1 0.7836666666666666 0.82825 0.04766666666666667 0.04225
1 0.233 0.977875 0.16366666666666665 0.04425
4 0.24862333333333334 0.1437825 0.15519333333333332 0.10721999999999998
1 0.20433333333333334 0.549125 0.113 0.089
1 0.0785 0.5855 0.157 0.11
4 0.6082566666666667 0.21199500000000002 0.17113000000000003 0.07088999999999998
1 0.08283333333333333 0.233 0.09266666666666666 0.06425
0 0.06295666666666667 0.46076999999999996 0.12591 0.14304250000000002
3 0.7893333333333333 0.6795 0.10833333333333334 0.089
1 0.8706266666666667 0.47134750000000003 0.09658666666666674 0.1045575
1 0.5533333333333333 0.40425 0.072 0.054
0 0.37166666666666665 0.35575 0.167 0.04825
1 0.7893333333333333 0.6795 0.10766666666666666 0.089
4 0.5182833333333333 0.63155 0.3492366666666667 0.1274525000000001
0 0.40209 0.189035 0.025966666666666697 0.039872500000000005
4 0.8063333333333333 0.377875 0.08566666666666667 0.073
0 0.7746666666666666 0.451625 0.08233333333333333 0.05475
5 0.019133333333333332 0.1316475 0.038266666666666664 0.03871249999999999
1 0.30176333333333333 0.061465000000000006 0.07955000000000002 0.030392499999999992
0 0.37178999999999995 0.112745 0.07302666666666664 0.039560000000000005
0 0.3748866666666667 0.1865725 0.05298999999999993 0.06509000000000004
0 0.5218966666666667 0.1529675 0.029856666666666722 0.03693250000000001
0 0.5419 0.157615 0.02346333333333329 0.022497500000000004
0 0.74592 0.2427575 0.051079999999999924 0.04102999999999997
0 0.7730733333333333 0.24945499999999998 0.04092999999999999 0.039099999999999996
4 0.8423766666666667 0.2802125 0.1026866666666668 0.09072500000000003
1 0.7649333333333334 0.2773125 0.05417666666666658 0.032717499999999976
1 0.8519666666666666 0.3357725 0.05911999999999989 0.050747500000000056
1 0.6904566666666666 0.3491325 0.058526666666666644 0.046657500000000025
0 0.6446833333333333 0.39395749999999996 0.03974333333333334 0.04239250000000004
0 0.6104133333333334 0.3545 0.03446999999999995 0.037127500000000056
0 0.49433666666666665 0.256385 0.06070666666666663 0.026877500000000026
1 0.38354333333333335 0.2632175 0.11017333333333333 0.07623249999999998
1 0.30227 0.3160125 0.10409666666666666 0.05186000000000001
1 0.20231 0.45460500000000004 0.07228666666666665 0.04100250000000005
0 0.24737666666666666 0.604155 0.0465333333333333 0.015690000000000055
0 0.18508666666666668 0.6490199999999999 0.08278333333333332 0.08370749999999998
5 0.13889 0.545115 0.27777666666666667 0.454595
4 0.3981366666666667 0.4871600000000001 0.38416 0.10360250000000001
4 0.8625166666666667 0.581295 0.1444433333333333 0.12203500000000009
5 0.9123266666666666 0.7400650000000001 0.17534333333333324 0.11219250000000011
0 0.6016133333333333 0.7200925 0.07857666666666667 0.025942500000000108
4 0.5168266666666667 0.73981 0.24830999999999995 0.10313000000000011
4 0.9435733333333333 0.38814 0.09697333333333336 0.08138249999999994
0 0.8436366666666666 0.42034 0.02667666666666658 0.02491999999999996
1 0.9509233333333333 0.4743175 0.09748666666666668 0.08858750000000003
1 0.9647633333333333 0.42820749999999996 0.052303333333333285 0.04052499999999998
5 0.8753333333333333 0.96725 0.10866666666666666 0.0655
0 0.9113333333333333 0.966155 0.03196999999999995 0.02744250000000011
0 0.8969266666666668 0.989745 0.03425666666666681 0.020507499999999936
5 0.5042300000000001 0.9516975 0.32386666666666664 0.09660249999999997
1 0.09 0.93975 0.18 0.1205
0 0.059366666666666665 0.8615325 0.05402333333333333 0.0307025000000001