0 0.043166666666666666 0.267125 0.033 0.02225
1 0.6726666666666666 0.199875 0.024 0.02325
1 0.957 0.20325 0.043333333333333335 0.02325
0 0.9405 0.317625 0.036333333333333336 0.0215
1 0.14583333333333334 0.171625 0.037 0.022
1 0.0345 0.3465 0.046 0.02675
1 0.27366666666666667 0.17325 0.03333333333333333 0.019
4 0.6423333333333333 0.273125 0.036333333333333336 0.025
2 0.529 0.2 0.038 0.02325
0 0.30733333333333335 0.19675 0.024 0.016
1 0.19216666666666668 0.217 0.026 0.0255
0 0.0455 0.305375 0.024 0.01725
0 0.562 0.223875 0.036333333333333336 0.02325
2 0.35983333333333334 0.5075 0.03666666666666667 0.03975
1 0.1815 0.441 0.03966666666666667 0.025
4 0.023 0.388375 0.046 0.02575
1 0.7818333333333334 0.17875 0.03266666666666666 0.02225
1 0.5691666666666667 0.545125 0.028666666666666667 0.03025
4 0.183 0.266 0.053 0.0295
0 0.6075 0.336625 0.036 0.02525
1 0.019666666666666666 0.12125 0.03933333333333333 0.027
1 0.2673333333333333 0.219625 0.034333333333333334 0.0215
0 0.1225 0.230625 0.021666666666666667 0.02075
0 0.6393333333333333 0.225375 0.033 0.021
2 0.15816666666666668 0.130125 0.028 0.02
1 0.38066666666666665 0.147625 0.07766666666666666 0.03225
1 0.39066666666666666 0.541125 0.03833333333333333 0.04475
0 0.9641666666666666 0.426 0.034 0.023
1 0.6035 0.249 0.018333333333333333 0.0195
1 0.6955 0.4555 0.033 0.04675
1 0.015666666666666666 0.2395 0.03133333333333333 0.03125
0 0.8156666666666667 0.159875 0.034 0.02
1 0.1135 0.14525 0.052 0.02625
4 0.030166666666666668 0.18525 0.060333333333333336 0.0435
1 0.09766666666666667 0.3455 0.03233333333333333 0.0255
0 0.6876666666666666 0.39525 0.035 0.02275
1 0.8716666666666667 0.275375 0.03766666666666667 0.0225
4 0.442 0.446375 0.035 0.025
1 0.9533333333333334 0.36375 0.03933333333333333 0.027
2 0.059166666666666666 0.479625 0.04466666666666667 0.0315
1 0.45816666666666667 0.1505 0.029333333333333333 0.0265
1 0.7901666666666667 0.22425 0.03333333333333333 0.02425
1 0.14766666666666667 0.409625 0.042333333333333334 0.0275
0 0.6781666666666667 0.250125 0.035333333333333335 0.025
0 0.17166666666666666 0.303625 0.04566666666666667 0.027
1 0.40016666666666667 0.474 0.04066666666666666 0.0195
1 0.8318333333333333 0.251625 0.042 0.0185
0 0.6725 0.15825 0.04066666666666666 0.0205
0 0.8635 0.2295 0.019333333333333334 0.01325
0 0.3408333333333333 0.218875 0.023333333333333334 0.01475
0 0.5216666666666666 0.626875 0.026 0.016
0 0.7005 0.51625 0.037333333333333336 0.02475
4 0.8988333333333334 0.417625 0.04533333333333334 0.03675
0 0.5663333333333334 0.4805 0.03866666666666667 0.0255
0 0.15333333333333332 0.8275 0.028333333333333332 0.01875
4 0.6456666666666667 0.482 0.056 0.0255
4 0.8361666666666666 0.483125 0.084 0.0375
1 0.4548333333333333 0.197875 0.03266666666666666 0.02425
0 0.4688333333333333 0.83225 0.033666666666666664 0.02275
0 0.5633333333333334 0.276375 0.039 0.02675
1 0.12066666666666667 0.534875 0.041 0.02475
1 0.484 0.41525 0.042666666666666665 0.02825
2 0.25683333333333336 0.268625 0.03666666666666667 0.0275
0 0.6243333333333333 0.878625 0.029666666666666668 0.02275
2 0.5163333333333333 0.441375 0.056 0.036
1 0.25266666666666665 0.304 0.052333333333333336 0.03475
1 0.437 0.508 0.03166666666666667 0.027
0 0.6473333333333333 0.309375 0.044333333333333336 0.0195
0 0.30466666666666664 0.392625 0.037 0.01875
2 0.9678333333333333 0.2565 0.03133333333333333 0.019
1 0.7795 0.451625 0.029333333333333333 0.03325
0 0.7168333333333333 0.273375 0.03866666666666667 0.02075
2 0.19666666666666666 0.386375 0.027333333333333334 0.03075
1 0.723 0.310875 0.035666666666666666 0.0235
0 0.4735 0.66375 0.024333333333333332 0.01525
0 0.5683333333333334 0.4215 0.04133333333333333 0.02875
1 0.48083333333333333 0.36175 0.042 0.02275
0 0.6731666666666667 0.835875 0.028666666666666667 0.0305
1 0.7535 0.249375 0.029333333333333333 0.0245
1 0.45066666666666666 0.328375 0.037 0.0295
4 0.609 0.3915 0.04 0.0275
0 0.7716666666666666 0.491125 0.024 0.01425
1 0.9035 0.135625 0.023666666666666666 0.0215
1 0.403 0.41525 0.034333333333333334 0.02825
0 0.866 0.453125 0.039 0.022
2 0.7723333333333333 0.39325 0.06 0.031
0 0.109 0.782625 0.032 0.0235
0 0.38033333333333336 0.66225 0.023666666666666666 0.0165
1 0.8173333333333334 0.422625 0.037 0.0455
4 0.015833333333333335 0.437875 0.03166666666666667 0.032
1 0.4523333333333333 0.247125 0.042333333333333334 0.03475
0 0.4995 0.1345 0.029666666666666668 0.0165
1 0.7423333333333333 0.156375 0.094 0.04475
0 0.5295 0.33675 0.03166666666666667 0.025
1 0.8428333333333333 0.342625 0.04466666666666667 0.035
2 0.20733333333333334 0.334625 0.034666666666666665 0.0275
1 0.9768333333333333 0.479875 0.034 0.028
1 0.568 0.309625 0.028 0.0305
2 0.6485 0.443625 0.042666666666666665 0.034
2 0.5973333333333334 0.19725 0.051666666666666666 0.0345
0 0.52 0.7865 0.021 0.02125
0 0.09133333333333334 0.873625 0.023666666666666666 0.0185
1 0.5221666666666667 0.245625 0.03233333333333333 0.018
2 0.08433333333333333 0.41975 0.025333333333333333 0.02625
1 0.2688333333333333 0.44275 0.06666666666666667 0.03475
0 0.8005 0.314 0.048 0.02425
0 0.8825 0.311125 0.058 0.04
1 0.435 0.3825 0.06166666666666667 0.03475
4 0.5653333333333334 0.36175 0.035 0.02475
2 0.11216666666666666 0.304875 0.059333333333333335 0.02975
0 0.1975 0.876625 0.023666666666666666 0.02375
1 0.41533333333333333 0.268875 0.027333333333333334 0.01975
0 0.749 0.594625 0.03266666666666666 0.0225
0 0.6686666666666666 0.74625 0.024666666666666667 0.0215
0 0.362 0.830125 0.033666666666666664 0.025
0 0.569 0.742875 0.028333333333333332 0.025
4 0.6123333333333333 0.513125 0.037333333333333336 0.03075
0 0.5713333333333334 0.83225 0.024 0.027
1 0.13716666666666666 0.471875 0.034 0.02675
2 0.4066666666666667 0.30875 0.03333333333333333 0.02625
4 0.8071666666666667 0.114 0.062 0.03825
0 0.20816666666666667 0.53625 0.038 0.03225
2 0.8011666666666667 0.628125 0.044333333333333336 0.02375
0 0.4135 0.875875 0.028333333333333332 0.0175
2 0.405 0.361 0.031 0.03075
1 0.9105 0.4845 0.035 0.02925
1 0.37266666666666665 0.402375 0.03766666666666667 0.024
1 0.04783333333333333 0.53425 0.041 0.042
0 0.16066666666666668 0.358375 0.034333333333333334 0.02275
0 0.6218333333333333 0.787375 0.023 0.0195
1 0.30233333333333334 0.244625 0.03333333333333333 0.03325
0 0.3556666666666667 0.921375 0.03766666666666667 0.03175
0 0.7138333333333333 0.707375 0.030666666666666665 0.021
0 0.6218333333333333 0.708875 0.042666666666666665 0.03775
1 0.2195 0.473625 0.03 0.02175
1 0.798 0.267625 0.03266666666666666 0.047
0 0.36966666666666664 0.335125 0.035666666666666666 0.0235
0 0.32666666666666666 0.3595 0.032 0.024
0 0.7573333333333333 0.667 0.021666666666666667 0.01375
2 0.0995 0.386625 0.05466666666666667 0.039
0 0.13833333333333334 0.921375 0.030333333333333334 0.017
1 0.3288333333333333 0.302 0.044 0.0265
1 0.294 0.595125 0.048 0.04225
4 0.24216666666666667 0.14525 0.07866666666666666 0.04325
1 0.5915 0.150125 0.09333333333333334 0.03825
0 0.682 0.33675 0.042333333333333334 0.02275
0 0.5678333333333333 0.59025 0.025333333333333333 0.01575
0 0.41683333333333333 0.704375 0.031 0.02175
2 0.7661666666666667 0.338875 0.03833333333333333 0.03125
0 0.4698333333333333 0.7445 0.024666666666666667 0.01775
2 0.4156666666666667 0.78325 0.03233333333333333 0.0245
1 0.7473333333333333 0.544625 0.07533333333333334 0.03725
0 0.9398333333333333 0.88225 0.03333333333333333 0.02425
0 0.7666666666666667 0.74875 0.033666666666666664 0.022
0 0.052 0.827625 0.03133333333333333 0.02475
2 0.21533333333333332 0.784625 0.042666666666666665 0.02975
0 0.129 0.702 0.04633333333333333 0.021
1 0.14633333333333334 0.62475 0.035666666666666666 0.03325
0 0.01633333333333333 0.6495 0.025 0.0155
1 0.6595 0.58875 0.033 0.02225
4 0.9518333333333333 0.671875 0.033666666666666664 0.025
2 0.9265 0.794625 0.03266666666666666 0.02825
0 0.88 0.837875 0.03333333333333333 0.0315
0 0.8371666666666666 0.883875 0.038 0.026
0 0.7771666666666667 0.834 0.048666666666666664 0.026
0 0.6801666666666667 0.93 0.03266666666666666 0.028
0 0.5173333333333333 0.8775 0.036333333333333336 0.02475
0 0.7251666666666666 0.7905 0.026 0.02025
0 0.37166666666666665 0.7415 0.029333333333333333 0.02325
4 0.99 0.539875 0.02 0.03125
0 0.5175 0.22825 0.017666666666666667 0.013
2 0.5716666666666667 0.178875 0.045 0.02275
3 0.25833333333333336 0.5205 0.069 0.04775
2 0.23366666666666666 0.35825 0.04633333333333333 0.02525
3 0.5008333333333334 0.545625 0.069 0.0485
1 0.48033333333333333 0.47975 0.044 0.03
2 0.3551666666666667 0.44325 0.037333333333333336 0.02975
1 0.6006666666666667 0.45075 0.054 0.03125
0 0.8896666666666667 0.368 0.038 0.0235
4 0.876 0.51825 0.055 0.03175