1 0.9151666666666667 0.370125 0.14166666666666666 0.07825
1 0.811 0.177125 0.19 0.0935
1 0.1695 0.924625 0.11633333333333333 0.0685
3 0.247 0.60925 0.11833333333333333 0.08075
4 0.08133333333333333 0.599625 0.16266666666666665 0.11275
1 0.44283333333333336 0.301625 0.10433333333333333 0.07475
3 0.3531666666666667 0.523375 0.113 0.0755
1 0.6351666666666667 0.60025 0.08433333333333333 0.05575
1 0.355 0.67525 0.12033333333333333 0.07275
1 0.4588333333333333 0.73575 0.11966666666666667 0.077
1 0.5425 0.926875 0.08766666666666667 0.05625
1 0.9363333333333334 0.92475 0.12733333333333333 0.087
1 0.256 0.45525 0.07733333333333334 0.0515
1 0.16216666666666665 0.525125 0.08533333333333333 0.06575
1 0.6296666666666667 0.304125 0.09133333333333334 0.08125
1 0.8321666666666667 0.75025 0.08533333333333333 0.0515
1 0.1665 0.67575 0.08133333333333333 0.06175
3 0.7395 0.911375 0.08533333333333333 0.07225
1 0.8051666666666667 0.84675 0.10733333333333334 0.07375
1 0.8155 0.59575 0.12433333333333334 0.06
0 0.4523333333333333 0.45425 0.111 0.064
1 0.9258333333333333 0.523875 0.09533333333333334 0.04075
1 0.6383333333333333 0.85625 0.089 0.04675
0 0.5278333333333334 0.246625 0.075 0.049
4 0.8885 0.23525 0.19733333333333333 0.06475
1 0.5381666666666667 0.526625 0.07433333333333333 0.05325
4 0.0625 0.75475 0.09933333333333333 0.064
2 0.813 0.310625 0.08866666666666667 0.0685
0 0.073 0.459125 0.09866666666666667 0.09875
1 0.628 0.74025 0.07466666666666667 0.0605
1 0.7271666666666666 0.514125 0.09 0.055
1 0.7306666666666667 0.37825 0.06766666666666667 0.064
1 0.4523333333333333 0.856375 0.06933333333333333 0.04475
1 0.2505 0.316125 0.10433333333333333 0.1105
0 0.453 0.601 0.06766666666666667 0.04825
0 0.2595 0.752625 0.09733333333333333 0.04425
1 0.44966666666666666 0.97725 0.10366666666666667 0.0455
0 0.36 0.238875 0.06633333333333333 0.04025
4 0.2675 0.8605 0.109 0.066
0 0.6425 0.982875 0.08266666666666667 0.03425
1 0.07333333333333333 0.85725 0.08033333333333334 0.05125
1 0.5338333333333334 0.392625 0.04933333333333333 0.09925
3 0.9373333333333334 0.679625 0.08933333333333333 0.07
1 0.5346666666666666 0.666125 0.082 0.057
0 0.3611666666666667 0.925625 0.09966666666666667 0.054
0 0.648 0.451375 0.10666666666666667 0.05725
0 0.8201666666666667 0.443375 0.084 0.05025
1 0.27616666666666667 0.986 0.07133333333333333 0.028
0 0.734 0.67775 0.101 0.05275
2 0.9696666666666667 0.2968325 0.06066666666666667 0.058
1 0.27616666666666667 0.986 0.07166666666666667 0.028