5 0.8864233333333333 0.92832 0.10817666666666659 0.12368499999999995
2 0.08242666666666666 0.49831499999999995 0.07830666666666668 0.04496999999999997
1 0.25313 0.18588749999999998 0.05268333333333332 0.04065999999999997
1 0.6810700000000001 0.35131 0.0494533333333333 0.039092499999999974
4 0.9074133333333333 0.26689999999999997 0.08544666666666671 0.07101750000000001
1 0.08775333333333334 0.190275 0.04265000000000001 0.033315
1 0.47414 0.4021175 0.06748999999999994 0.028210000000000037
1 0.6075233333333333 0.6046775 0.10218333333333339 0.06956999999999994
4 0.4303133333333333 0.19458250000000002 0.10433333333333333 0.07822499999999996
0 0.5050600000000001 0.131125 0.058080000000000076 0.022257499999999993
4 0.9482066666666666 0.1355975 0.10358666666666674 0.0817575
2 0.6107466666666667 0.8105950000000001 0.03485333333333331 0.018067500000000108
1 0.4123266666666667 0.633505 0.04633333333333333 0.03325
2 0.027166666666666665 0.273625 0.05433333333333333 0.0525
1 0.13166666666666665 0.38225 0.056666666666666664 0.03725
1 0.46116666666666667 0.26375 0.07866666666666666 0.0235
1 0.36133333333333334 0.306125 0.052 0.041
0 0.51898 0.19797499999999998 0.03580666666666669 0.06225
1 0.5003433333333334 0.32548 0.06975333333333325 0.02919749999999999
1 0.19458 0.6418550000000001 0.053466666666666676 0.025440000000000053
1 0.49500333333333335 0.6224375 0.08567666666666673 0.0240150000000001
1 0.16820666666666667 0.4322 0.08868999999999998 0.07097000000000003
1 0.7888333333333334 0.273 0.052 0.04
0 0.3616666666666667 0.563625 0.03333333333333333 0.02425
1 0.19644 0.1940325 0.042456666666666705 0.022447499999999992
1 0.8367333333333332 0.6294974999999999 0.06360999999999997 0.03955250000000001
4 0.87105 0.342585 0.06920666666666662 0.04891999999999996
0 0.8693799999999999 0.950995 0.029253333333333405 0.027602499999999964
1 0.416 0.315 0.056 0.028
2 0.5686733333333334 0.942785 0.06277666666666665 0.04
3 0.9613966666666667 0.2013275 0.06473333333333327 0.04575
1 0.0305 0.205875 0.061 0.04225
4 0.045053333333333334 0.728035 0.09010666666666667 0.055982500000000074
1 0.4438433333333333 0.10055750000000001 0.06016999999999992 0.032017499999999983
0 0.6251933333333333 0.121075 0.023753333333333407 0.03951250000000002
0 0.6453466666666666 0.121905 0.020733333333333274 0.026360000000000015
4 0.71156 0.1547275 0.15315666666666675 0.10202500000000002
0 0.8431366666666666 0.13895 0.0566866666666668 0.049125
0 0.8739766666666666 0.13350499999999998 0.04960000000000006 0.060014999999999985
1 0.8630866666666668 0.175425 0.058020000000000134 0.0384425
2 0.14126333333333335 0.1517875 0.06378333333333334 0.02060250000000002
0 0.025323333333333333 0.17298 0.050646666666666666 0.02065749999999997
0 0.5420133333333333 0.1958275 0.014923333333333327 0.0384425
0 0.9447033333333333 0.2930175 0.025590000000000144 0.020462499999999977
4 0.9608733333333332 0.33652 0.07825333333333341 0.105
5 0.9068333333333334 0.483125 0.18633333333333332 0.21625
5 0.9622933333333333 0.5474450000000001 0.07541333333333326 0.07007500000000004
1 0.8849133333333332 0.5148375 0.07810333333333347 0.051684999999999946
4 0.94141 0.43697 0.11717666666666658 0.08558500000000004
4 0.5978100000000001 0.425965 0.24257666666666666 0.10470500000000003
4 0.6919200000000001 0.506025 0.23271000000000003 0.09975499999999994
2 0.6989866666666666 0.5730850000000001 0.15975666666666674 0.048592499999999976
0 0.7489466666666668 0.555635 0.05353666666666656 0.019417500000000018
0 0.8907933333333333 0.6084325 0.035859999999999975 0.02441750000000002
0 0.9775233333333334 0.6386725 0.04495333333333323 0.010559999999999946
5 0.9632033333333334 0.693485 0.07359333333333325 0.05369499999999994
0 0.9895799999999999 0.6843275 0.02083666666666674 0.014707499999999981
0 0.9785966666666667 0.6981325 0.026166666666666668 0.015082499999999981
0 0.9297766666666667 0.7204575 0.01914333333333343 0.02261500000000001
0 0.9876766666666668 0.70712 0.023 0.0198900000000001
0 0.9382233333333334 0.7898875000000001 0.024046666666666775 0.014724999999999908
0 0.8805433333333333 0.804745 0.04728000000000005 0.0149849999999999
0 0.8677933333333334 0.9727575 0.01761333333333338 0.012920000000000072
4 0.96788 0.9081825 0.06424000000000009 0.07976
5 0.22568666666666665 0.26637 0.1741266666666667 0.08395749999999998
0 0.14001666666666668 0.2819875 0.015969999999999988 0.019657500000000026
0 0.18273000000000003 0.278445 0.024336666666666663 0.030162500000000023
0 0.24112999999999998 0.2382475 0.038720000000000025 0.014407500000000028
1 0.07798 0.3029275 0.054436666666666675 0.03967250000000001
0 0.12415 0.3227375 0.042333333333333334 0.059335000000000034
0 0.19183333333333333 0.3520075 0.058556666666666674 0.03564250000000004
0 0.07262666666666666 0.3903425 0.04132 0.04007000000000005
0 0.09341333333333333 0.577365 0.05019333333333335 0.019615000000000007
4 0.04800666666666666 0.6063324999999999 0.09600999999999998 0.09118499999999995
0 0.02503333333333333 0.7720675 0.05006666666666666 0.016894999999999983
5 0.077 0.72703 0.15399666666666667 0.1088599999999999
1 0.31960999999999995 0.7035650000000001 0.10949999999999996 0.03207999999999993
0 0.37933666666666666 0.7126549999999999 0.02228000000000005 0.014259999999999991
5 0.28858666666666666 0.718465 0.2748866666666666 0.08720499999999992
0 0.46713333333333334 0.645685 0.02463666666666662 0.013162499999999909
1 0.48109999999999997 0.6881375000000001 0.11292666666666673 0.06726999999999998
1 0.5678633333333333 0.6992225 0.07441333333333341 0.03017750000000001
2 0.5925 0.6628350000000001 0.03260333333333332 0.019
1 0.53408 0.746125 0.051766666666666725 0.025522500000000035
0 0.6055366666666666 0.7268300000000001 0.10110333333333331 0.049930000000000065
0 0.7229733333333334 0.6900025000000001 0.039820000000000015 0.024339999999999917
0 0.5951133333333333 0.7960875 0.01804333333333337 0.016257499999999935
0 0.54677 0.7939875 0.0209066666666666 0.0148599999999999
0 0.6738833333333334 0.8297575 0.02725 0.015470000000000027
4 0.7312466666666666 0.7792325 0.04193333333333339 0.04786750000000006
4 0.6903066666666667 0.74411 0.10763666666666662 0.09797499999999991
5 0.6169966666666666 0.7482725 0.37994000000000006 0.18707500000000005
0 0.05001 0.8615675 0.040220000000000006 0.014299999999999955
5 0.43873 0.911435 0.23764666666666667 0.13200250000000005
2 0.4523766666666667 0.8875375 0.03091333333333326 0.019742500000000062
2 0.4025766666666667 0.9273925000000001 0.03325 0.019154999999999974
0 0.43507333333333337 0.915295 0.02405000000000003 0.015317500000000109
1 0.5735666666666667 0.4740025 0.037353333333333315 0.02425
0 0.5175366666666666 0.5142775 0.023030000000000047 0.011067500000000053
1 0.48643333333333333 0.48702249999999997 0.07063333333333337 0.041865000000000006
1 0.46930333333333335 0.434575 0.037073333333333264 0.02333000000000004
1 0.5225233333333333 0.39330000000000004 0.024996666666666594 0.02503750000000002
0 0.55131 0.3437875 0.10293333333333339 0.05713499999999999
1 0.5421199999999999 0.266435 0.07904666666666663 0.059705000000000015
1 0.69741 0.2792525 0.22723666666666667 0.17254499999999995
0 0.6182233333333333 0.23883500000000002 0.04269999999999997 0.030435000000000004
0 0.71666 0.303115 0.03177000000000013 0.025147500000000038
0 0.7495966666666667 0.32830750000000003 0.03784333333333325 0.02748000000000002
5 0.33765333333333336 0.48707999999999996 0.4428699999999999 0.22881000000000007
0 0.14649333333333334 0.6017425 0.027153333333333345 0.006322499999999991
0 0.14493666666666666 0.5950700000000001 0.01926333333333332 0.010865000000000008
0 0.23389333333333331 0.58728 0.02068666666666665 0.012142499999999928
0 0.29642999999999997 0.5840825 0.02174000000000001 0.016065000000000055
1 0.4637633333333333 0.575195 0.04135000000000006 0.0336400000000001
0 0.49356 0.54204 0.04979333333333337 0.042670000000000076
1 0.43178 0.5186225 0.07475333333333326 0.059152499999999976
4 0.24040333333333336 0.5447225 0.17304333333333338 0.10534500000000002
0 0.31583 0.46813499999999997 0.027116666666666636 0.023807500000000006
0 0.39163000000000003 0.45400999999999997 0.09983333333333333 0.07459749999999997