1 0.43333333333333335 0.287375 0.04033333333333333 0.02
1 0.2728333333333333 0.257375 0.03333333333333333 0.02175
1 0.26816666666666666 0.300625 0.031 0.0225
1 0.15933333333333333 0.272875 0.024 0.0215
0 0.31116666666666665 0.24175 0.033 0.01875
0 0.37516666666666665 0.4945 0.03333333333333333 0.022
1 0.3325 0.3505 0.036 0.02275
4 0.10416666666666667 0.34 0.03766666666666667 0.02425
1 0.07183333333333333 0.3155 0.023 0.01925
1 0.2986666666666667 0.326375 0.041666666666666664 0.018
2 0.4583333333333333 0.541 0.03933333333333333 0.03425
0 0.33816666666666667 0.307375 0.018 0.012
0 0.14866666666666667 0.320625 0.033 0.02425
0 0.03883333333333333 0.2905 0.035333333333333335 0.021
0 0.499 0.29475 0.032 0.01975
1 0.3835 0.435875 0.03666666666666667 0.0245
1 0.22416666666666665 0.322375 0.028666666666666667 0.02275
0 0.459 0.361625 0.025333333333333333 0.021
0 0.11783333333333333 0.295125 0.033666666666666664 0.01925
2 0.049666666666666665 0.505125 0.03966666666666667 0.0315
0 0.018333333333333333 0.77425 0.03233333333333333 0.02175
1 0.09283333333333334 0.51825 0.039 0.046
2 0.017666666666666667 0.267 0.035333333333333335 0.0215
0 0.1625 0.555125 0.022 0.0135
4 0.03283333333333333 0.545 0.05733333333333333 0.02475
1 0.30333333333333334 0.549875 0.03133333333333333 0.027
0 0.2515 0.3845 0.043333333333333335 0.023
0 0.023333333333333334 0.340875 0.039 0.0245
1 0.3685 0.54575 0.03 0.02575
1 0.4125 0.52125 0.033 0.02325
2 0.13983333333333334 0.693875 0.04766666666666667 0.026
1 0.013166666666666667 0.512125 0.026333333333333334 0.03125
0 0.17266666666666666 0.233375 0.03933333333333333 0.0185
4 0.027833333333333335 0.4535 0.044 0.02825
1 0.0145 0.3725 0.029 0.0285
0 0.3868333333333333 0.39275 0.033666666666666664 0.01975
0 0.04516666666666667 0.4 0.03666666666666667 0.02425
0 0.1795 0.343375 0.035666666666666666 0.01975
1 0.08833333333333333 0.22325 0.09833333333333333 0.0315
1 0.173 0.378375 0.034333333333333334 0.0215
0 0.332 0.384 0.052 0.039
0 0.4701666666666667 0.641625 0.048666666666666664 0.04075
1 0.2836666666666667 0.41225 0.04033333333333333 0.03275
1 0.11733333333333333 0.609 0.077 0.03575
0 0.036166666666666666 0.90375 0.054 0.025
1 0.182 0.516125 0.030666666666666665 0.03125
0 0.461 0.442875 0.036 0.022
0 0.26966666666666667 0.517875 0.03833333333333333 0.01975
0 0.07933333333333334 0.57975 0.04033333333333333 0.02575
0 0.07883333333333334 0.9555 0.036333333333333336 0.0275
1 0.2575 0.34175 0.023666666666666666 0.045
1 0.40166666666666667 0.223625 0.021 0.01875
1 0.23083333333333333 0.488625 0.031 0.04175
1 0.42883333333333334 0.33725 0.028666666666666667 0.01825
4 0.31316666666666665 0.484375 0.042666666666666665 0.03325
0 0.11 0.459 0.037333333333333336 0.02275
4 0.5315 0.32 0.037 0.0395
2 0.19433333333333333 0.45975 0.058333333333333334 0.02925
0 0.12333333333333334 0.402625 0.044333333333333336 0.0195
0 0.098 0.37425 0.04133333333333333 0.0185
2 0.20666666666666667 0.40675 0.03866666666666667 0.0295
2 0.0655 0.24825 0.04566666666666667 0.025
0 0.057666666666666665 0.816625 0.035 0.021
4 0.23233333333333334 0.548125 0.08466666666666667 0.03575
2 0.0825 0.267 0.059 0.032
1 0.0135 0.65375 0.027 0.0235
1 0.5371666666666667 0.274125 0.030666666666666665 0.0175
0 0.321 0.43825 0.035333333333333335 0.02175
1 0.2425 0.234625 0.088 0.04225
0 0.09916666666666667 0.65925 0.030666666666666665 0.02275
4 0.36433333333333334 0.604125 0.025333333333333333 0.0315
2 0.5391666666666667 0.495625 0.029333333333333333 0.0195
4 0.316 0.19925 0.05733333333333333 0.03425
1 0.5288333333333334 0.23575 0.03133333333333333 0.02775
1 0.5416666666666666 0.39725 0.050333333333333334 0.039
0 0.3943333333333333 0.78325 0.03166666666666667 0.0225
0 0.32866666666666666 0.907125 0.03866666666666667 0.02975
0 0.07966666666666666 0.733875 0.023 0.0135
2 0.20566666666666666 0.860875 0.03166666666666667 0.028
0 0.14183333333333334 0.90675 0.034666666666666665 0.029
0 0.18483333333333332 0.952375 0.036 0.02375
4 0.2776666666666667 0.735625 0.032 0.0245
4 0.25716666666666665 0.582375 0.04466666666666667 0.02975