2 0.7945 0.54525 0.07033333333333333 0.03025
0 0.8325 0.134375 0.06233333333333333 0.05
0 0.3005 0.49275 0.05566666666666667 0.02425
1 0.472 0.491125 0.04633333333333333 0.044
0 0.029333333333333333 0.43025 0.047 0.03075
3 0.5715 0.127125 0.046 0.03475
2 0.4425 0.01925 0.073 0.0385
1 0.08333333333333333 0.063 0.07366666666666667 0.03925
4 0.029333333333333333 0.2285 0.03933333333333333 0.0425
1 0.7813333333333333 0.18975 0.06133333333333333 0.04825
1 0.225 0.064875 0.09366666666666666 0.047
1 0.03716666666666667 0.31975 0.068 0.03975
3 0.37433333333333335 0.195 0.059666666666666666 0.051
0 0.9053333333333333 0.1865 0.060333333333333336 0.03725
0 0.6308333333333334 0.1375 0.037 0.02925
4 0.4415 0.13125 0.05566666666666667 0.054
0 0.1835 0.334 0.06733333333333333 0.0465
0 0.7946666666666666 0.4855 0.028 0.0165
2 0.11083333333333334 0.28325 0.03833333333333333 0.03875
1 0.44083333333333335 0.34275 0.06766666666666667 0.0535
0 0.0995 0.17375 0.06266666666666666 0.03475
4 0.6398333333333334 0.49125 0.08066666666666666 0.04075
0 0.22 0.557375 0.06733333333333333 0.02325
0 0.16866666666666666 0.227625 0.057666666666666665 0.03975
1 0.5088333333333334 0.179375 0.051666666666666666 0.0285
5 0.9466666666666667 0.038625 0.10633333333333334 0.07725
1 0.7123333333333334 0.23475 0.095 0.0335
0 0.13133333333333333 0.5575 0.028 0.01725
0 0.9718333333333333 0.2725 0.034666666666666665 0.019
3 0.951 0.349 0.048 0.039
0 0.009833333333333333 0.160875 0.019333333333333334 0.0305
0 0.5171666666666667 0.28675 0.04066666666666666 0.0235
0 0.7135 0.129625 0.05566666666666667 0.0435
2 0.7751666666666667 0.07575 0.06666666666666667 0.03625
0 0.05433333333333333 0.685375 0.056666666666666664 0.02925
1 0.20866666666666667 0.429875 0.043 0.033
0 0.7148333333333333 0.547375 0.03133333333333333 0.02025
0 0.23633333333333334 0.1695 0.04533333333333334 0.039
0 0.8633333333333333 0.720125 0.03833333333333333 0.01975
0 0.7913333333333333 0.662625 0.021666666666666667 0.01575
0 0.4736666666666667 0.672875 0.031 0.02625
0 0.30966666666666665 0.619375 0.051666666666666666 0.03025
4 0.6495 0.075875 0.041666666666666664 0.0345
0 0.8718333333333333 0.48075 0.06333333333333334 0.03225
1 0.5215 0.0825 0.07466666666666667 0.06875
0 0.9515 0.54375 0.03266666666666666 0.02125
0 0.6395 0.186875 0.030666666666666665 0.02875
1 0.8901666666666667 0.287625 0.071 0.0465
1 0.13566666666666666 0.6175 0.046 0.04125
1 0.46316666666666667 0.2455 0.09633333333333334 0.07025
0 0.0225 0.121875 0.045 0.0415
1 0.768 0.28925 0.043333333333333335 0.0305
0 0.24233333333333335 0.286 0.035333333333333335 0.02225
1 0.7046666666666667 0.336 0.043333333333333335 0.031
0 0.1415 0.739 0.026 0.018
0 0.2235 0.677125 0.028666666666666667 0.01675
0 0.31316666666666665 0.736125 0.04 0.01825
2 0.39116666666666666 0.673125 0.05333333333333334 0.02975
0 0.4728333333333333 0.7295 0.030333333333333334 0.024
0 0.6298333333333334 0.723125 0.035666666666666666 0.02025
0 0.7118333333333333 0.7215 0.018333333333333333 0.01475
0 0.9468333333333333 0.658625 0.029333333333333333 0.02025
0 0.8668333333333333 0.660125 0.037 0.02175
0 0.7093333333333334 0.6625 0.026 0.016
0 0.5515 0.61 0.030333333333333334 0.027
0 0.6348333333333334 0.608125 0.038 0.02
0 0.5523333333333333 0.54975 0.027 0.01625
1 0.6333333333333333 0.421875 0.06466666666666666 0.02775
0 0.8778333333333334 0.422125 0.036333333333333336 0.027
0 0.47383333333333333 0.425875 0.027 0.016
2 0.313 0.3315 0.06633333333333333 0.07925
0 0.38016666666666665 0.371125 0.038 0.024
1 0.5766666666666667 0.335625 0.04733333333333333 0.032
1 0.8355 0.3345 0.052 0.03625
1 0.6938333333333333 0.27575 0.05266666666666667 0.03875
0 0.6343333333333333 0.256375 0.06266666666666666 0.0385
0 0.309 0.23325 0.06533333333333333 0.0245
1 0.30716666666666664 0.11775 0.08266666666666667 0.03975
5 0.15016666666666667 0.03175 0.07 0.0635
2 0.30216666666666664 0.011125 0.04933333333333333 0.02225
0 0.3845 0.02 0.03866666666666667 0.03225
2 0.37466666666666665 0.062875 0.03133333333333333 0.03325
0 0.8535 0.025375 0.06966666666666667 0.0325
0 0.7781666666666667 0.007 0.051 0.014
3 0.6936666666666667 0.011125 0.05466666666666667 0.02225