1 0.79 0.66575 0.13366666666666666 0.098
1 0.08683333333333333 0.289375 0.08533333333333333 0.05375
1 0.23683333333333334 0.542375 0.08833333333333333 0.05625
1 0.07266666666666667 0.40875 0.07833333333333334 0.05825
1 0.49166666666666664 0.354375 0.09766666666666667 0.0505
0 0.6616666666666666 0.371 0.08166666666666667 0.05475
1 0.7311666666666666 0.207125 0.08 0.068
0 0.18633333333333332 0.241375 0.086 0.049
1 0.15033333333333335 0.479375 0.108 0.04525
1 0.10633333333333334 0.729375 0.10766666666666666 0.09275
4 0.17916666666666667 0.948875 0.12266666666666666 0.102
2 0.7555 0.30725 0.07566666666666666 0.038
0 0.0415 0.6525 0.083 0.064
1 0.043 0.52975 0.059666666666666666 0.10825
1 0.3705 0.79425 0.097 0.06875
0 0.23283333333333334 0.63875 0.135 0.11025
0 0.3516666666666667 0.972 0.09266666666666666 0.056
0 0.20533333333333334 0.803625 0.10133333333333333 0.06675
4 0.1955 0.12825 0.13933333333333334 0.0865
4 0.7505 0.44 0.09566666666666666 0.1045
1 0.408 0.184875 0.054 0.04425
0 0.5781666666666667 0.8075 0.09733333333333333 0.0615
1 0.057666666666666665 0.236125 0.11533333333333333 0.09325
0 0.25283333333333335 0.418875 0.03766666666666667 0.032
2 0.48233333333333334 0.491 0.074 0.04375
0 0.5651666666666667 0.55775 0.063 0.0565
0 0.37533333333333335 0.659125 0.09066666666666667 0.05575
2 0.8011666666666667 0.967625 0.07666666666666666 0.05075