1 0.4345 0.286375 0.06266666666666666 0.0625
1 0.5268333333333334 0.212 0.08333333333333333 0.06575
0 0.7011666666666667 0.596125 0.05633333333333333 0.0385
2 0.15366666666666667 0.7355 0.053 0.04075
2 0.31083333333333335 0.03825 0.12666666666666668 0.0765
0 0.3393333333333333 0.4565 0.05366666666666667 0.02975
0 0.25616666666666665 0.80925 0.057 0.0365
0 0.2475 0.67 0.047 0.02675
0 0.43033333333333335 0.381625 0.04766666666666667 0.03225
0 0.434 0.802625 0.046 0.0405
0 0.7868333333333334 0.795875 0.08766666666666667 0.03625
2 0.6115 0.0385 0.095 0.077
0 0.5243333333333333 0.7325 0.04066666666666666 0.0335
1 0.716 0.072875 0.07033333333333333 0.11525
0 0.612 0.80475 0.045 0.04625
4 0.1405 0.048625 0.07933333333333334 0.062
0 0.8711666666666666 0.155 0.048 0.02975
1 0.5056666666666667 0.061125 0.11833333333333333 0.0715
0 0.24433333333333335 0.528625 0.047 0.02825
0 0.16316666666666665 0.87625 0.053 0.027
1 0.5318333333333334 0.60275 0.082 0.0665
0 0.521 0.8705 0.045 0.03325
0 0.7926666666666666 0.3825 0.06233333333333333 0.044
0 0.876 0.867 0.062 0.03825
2 0.884 0.449375 0.084 0.04675
1 0.8046666666666666 0.28125 0.15266666666666667 0.07475
3 0.2911666666666667 0.28625 0.145 0.108
1 0.233 0.13275 0.10233333333333333 0.072
0 0.061 0.66925 0.048 0.03575
1 0.14366666666666666 0.20125 0.069 0.052
0 0.7061666666666667 0.731125 0.03933333333333333 0.0285
1 0.9031666666666667 0.0585 0.06733333333333333 0.07675
0 0.06566666666666666 0.811 0.058 0.04025
4 0.9628333333333333 0.134125 0.07433333333333333 0.08525
4 0.6008333333333333 0.137125 0.12033333333333333 0.05825
0 0.6141666666666666 0.662375 0.043333333333333335 0.03375
0 0.0705 0.944125 0.06466666666666666 0.042
0 0.428 0.133125 0.08566666666666667 0.05825
0 0.06233333333333333 0.529625 0.046 0.03125
0 0.3433333333333333 0.734875 0.039 0.03225
1 0.04816666666666667 0.12425 0.09633333333333334 0.0405
1 0.6175 0.3775 0.07033333333333333 0.048
0 0.7881666666666667 0.663375 0.058666666666666666 0.0345
0 0.7143333333333334 0.216375 0.08 0.05575
0 0.791 0.523125 0.041 0.02275
0 0.43083333333333335 0.663125 0.053 0.04175
0 0.13783333333333334 0.603875 0.059333333333333335 0.035
0 0.9618333333333333 0.79575 0.05566666666666667 0.0425
0 0.34 0.87125 0.059666666666666666 0.03475
0 0.609 0.933875 0.050666666666666665 0.03575
1 0.043666666666666666 0.28275 0.07133333333333333 0.0985