4 0.0375 0.4015 0.05266666666666667 0.0335
0 0.0325 0.492625 0.060333333333333336 0.0395
0 0.022 0.579 0.044 0.0345
1 0.0525 0.320625 0.04533333333333334 0.043
2 0.26116666666666666 0.749625 0.04666666666666667 0.02825
0 0.32116666666666666 0.383 0.042 0.03
1 0.228 0.6595 0.07766666666666666 0.039
2 0.485 0.5715 0.03 0.03425
2 0.2825 0.407 0.039 0.0385
0 0.15916666666666668 0.858875 0.034666666666666665 0.02825
1 0.19133333333333333 0.54925 0.04733333333333333 0.0565
4 0.3205 0.582125 0.073 0.03975
1 0.4545 0.553 0.027666666666666666 0.021
1 0.24466666666666667 0.363875 0.035 0.02575
4 0.5308333333333334 0.346875 0.034 0.0385
1 0.4275 0.579 0.027 0.02525
0 0.10233333333333333 0.3725 0.05 0.03525
0 0.33016666666666666 0.979375 0.028 0.0265
1 0.32766666666666666 0.271375 0.03333333333333333 0.0295
4 0.38133333333333336 0.51075 0.034333333333333334 0.03675
4 0.09433333333333334 0.451875 0.055 0.04
1 0.31933333333333336 0.515125 0.03833333333333333 0.04675
0 0.049166666666666664 0.887875 0.055 0.0495
0 0.19216666666666668 0.468625 0.04 0.02875
2 0.3333333333333333 0.8985 0.026 0.02575
1 0.3535 0.4225 0.04133333333333333 0.0395
0 0.20483333333333334 0.89225 0.033 0.02525
4 0.362 0.139375 0.06 0.05125
2 0.11033333333333334 0.1595 0.077 0.0575
0 0.35 0.54725 0.033 0.02175
4 0.12366666666666666 0.582375 0.07 0.03325
0 0.24483333333333332 0.3125 0.043 0.031
0 0.506 0.311625 0.025 0.0245
1 0.3318333333333333 0.331625 0.043333333333333335 0.0455
0 0.42816666666666664 0.523625 0.025333333333333333 0.02225
0 0.18283333333333332 0.626 0.042 0.0315
1 0.2875 0.293 0.030333333333333334 0.02875
1 0.5311666666666667 0.294375 0.020666666666666667 0.0205
1 0.2785 0.547125 0.032 0.03525
0 0.19533333333333333 0.3915 0.051333333333333335 0.025
0 0.2185 0.7175 0.030666666666666665 0.026
1 0.381 0.58375 0.03 0.02625
0 0.15916666666666668 0.339875 0.057 0.0305
0 0.3595 0.197875 0.03166666666666667 0.0305
1 0.3265 0.21075 0.036 0.026
1 0.43216666666666664 0.459875 0.031 0.025
0 0.16333333333333333 0.219375 0.042333333333333334 0.03125
1 0.111 0.237 0.025333333333333333 0.02875
0 0.035333333333333335 0.985375 0.028333333333333332 0.02325
1 0.5273333333333333 0.2495 0.027 0.03275
0 0.42083333333333334 0.907625 0.026333333333333334 0.02325
1 0.20933333333333334 0.19675 0.033 0.031
2 0.019166666666666665 0.12725 0.03833333333333333 0.045
1 0.357 0.314125 0.03766666666666667 0.02375
1 0.014333333333333333 0.674625 0.028666666666666667 0.0415
2 0.1345 0.527625 0.04933333333333333 0.046
0 0.20016666666666666 0.979125 0.047 0.03125
0 0.4845 0.471875 0.025666666666666667 0.02075
2 0.45916666666666667 0.349875 0.02266666666666667 0.0205
0 0.0475 0.2685 0.05633333333333333 0.04225
0 0.1015 0.9185 0.031 0.02375
0 0.38816666666666666 0.392125 0.043666666666666666 0.0485
1 0.535 0.432875 0.026 0.036
1 0.43566666666666665 0.2 0.018333333333333333 0.021
0 0.4525 0.797125 0.021333333333333333 0.018
0 0.20633333333333334 0.2685 0.042666666666666665 0.03825
0 0.4815 0.381875 0.021333333333333333 0.02225
0 0.43033333333333335 0.40975 0.026333333333333334 0.02125
2 0.07866666666666666 0.110375 0.06766666666666667 0.05225
0 0.29 0.952625 0.029 0.02825
0 0.21483333333333332 0.13275 0.048 0.03325
0 0.2625 0.59225 0.023333333333333334 0.016
4 0.15966666666666668 0.290625 0.050333333333333334 0.039
4 0.375 0.771625 0.030333333333333334 0.02525
0 0.15516666666666667 0.950375 0.024 0.0195
1 0.10983333333333334 0.091 0.13866666666666666 0.07025
2 0.2793333333333333 0.476125 0.059 0.034
1 0.4613333333333333 0.29075 0.029333333333333333 0.02225
2 0.532 0.5285 0.018666666666666668 0.01525
0 0.388 0.2955 0.015666666666666666 0.01525
0 0.05433333333333333 0.184 0.05366666666666667 0.03825
0 0.21333333333333335 0.801375 0.022333333333333334 0.01675
1 0.12033333333333333 0.72425 0.043333333333333335 0.031
4 0.426 0.63675 0.018333333333333333 0.032
1 0.388 0.35225 0.033666666666666664 0.0255
1 0.07066666666666667 0.538 0.07466666666666667 0.0415
4 0.07633333333333334 0.626 0.049 0.044
0 0.493 0.666125 0.029 0.039
4 0.3478333333333333 0.62025 0.042666666666666665 0.034
0 0.385 0.45725 0.031 0.0255
1 0.2915 0.157375 0.093 0.07725
0 0.008273333333333334 0.20291 0.016543333333333337 0.025579999999999985