1 0.957 0.740375 0.07733333333333334 0.0335
1 0.6698333333333333 0.2325 0.03866666666666667 0.03225
4 0.47428 0.714585 0.03254666666666663 0.022660000000000083
0 0.959 0.843 0.07333333333333333 0.03975
0 0.8796666666666667 0.9625 0.03933333333333333 0.0235
0 0.92113 0.073735 0.035693333333333306 0.031245000000000005
0 0.969 0.79675 0.06166666666666667 0.035
1 0.23783333333333334 0.3148975 0.0229533333333333 0.020712499999999977
0 0.4998 0.8250299999999999 0.022443333333333308 0.016490000000000008
0 0.7805 0.60475 0.043333333333333335 0.01975
0 0.6073466666666667 0.1067975 0.03397666666666661 0.020897500000000006
0 0.6645399999999999 0.177975 0.018616666666666636 0.019550000000000012
4 0.547 0.30619 0.12950666666666666 0.08646000000000004
1 0.6035966666666667 0.188435 0.032733333333333274 0.030887499999999988
4 0.48905333333333334 0.393565 0.08136666666666664 0.09452499999999998
1 0.18312333333333333 0.65883 0.018913333333333338 0.01650500000000011
1 0.3891233333333333 0.268855 0.027109999999999974 0.027932500000000006
0 0.7615 0.918375 0.049666666666666665 0.03325
0 0.7500633333333333 0.2533725 0.03751333333333332 0.01850750000000002
0 0.9916666666666667 0.30929 0.016666666666666666 0.02916999999999996
4 0.5839033333333333 0.4682425 0.11945333333333337 0.10841999999999996
1 0.7141133333333334 0.380685 0.04735000000000006 0.04575
1 0.4397566666666667 0.45123 0.023116666666666636 0.01905499999999995
0 0.6273533333333333 0.53989 0.025896666666666686 0.022947499999999992
0 0.48149000000000003 0.5052575 0.026836666666666738 0.04922249999999997
2 0.5561466666666667 0.6281275000000001 0.06390333333333334 0.06062249999999995
0 0.6168333333333333 0.61125 0.022 0.015
0 0.13906 0.2765625 0.01627333333333335 0.009904999999999973
0 0.18945666666666666 0.2857275 0.02006666666666668 0.011149999999999978
0 0.19665000000000002 0.264955 0.03402666666666664 0.01442750000000001
0 0.1833 0.2764825 0.008710000000000037 0.006697499999999991
0 0.20523666666666668 0.27388 0.01926999999999998 0.011899999999999977
0 0.23333666666666666 0.242535 0.03546333333333337 0.02371999999999997
0 0.26447333333333334 0.2488525 0.01374333333333334 0.009817499999999995
0 0.3402866666666667 0.2308575 0.020930000000000025 0.011894999999999982
0 0.5801166666666666 0.176695 0.01644333333333331 0.0163725
0 0.7489233333333333 0.0956025 0.0475 0.024039999999999992
2 0.7974433333333333 0.08965250000000001 0.06716666666666667 0.037237500000000014
2 0.74513 0.1244475 0.058759999999999916 0.054462500000000004
0 0.94201 0.12561250000000002 0.04107333333333342 0.021632500000000006
0 0.8950199999999999 0.19046000000000002 0.0338766666666667 0.017889999999999986
0 0.9051166666666667 0.20986000000000002 0.024253333333333404 0.022574999999999987
2 0.8852300000000001 0.172065 0.08905333333333329 0.03867000000000002
2 0.95635 0.18053 0.08729999999999988 0.1353725
0 0.9224666666666667 0.33028500000000005 0.03446333333333344 0.033602499999999966
1 0.9450266666666667 0.364515 0.053493333333333185 0.028237499999999954
2 0.9112800000000001 0.3978425 0.07128999999999996 0.03597000000000003
0 0.9583433333333334 0.4057075 0.03416333333333326 0.016075000000000044
4 0.9290433333333333 0.4540825 0.12165999999999985 0.0868025
0 0.9613733333333333 0.5523674999999999 0.03358333333333333 0.0249224999999999
1 0.9204133333333333 0.5516749999999999 0.09160000000000006 0.06458249999999999
0 0.9602133333333333 0.6026475 0.03284000000000015 0.0423275000000001
0 0.8362366666666666 0.6049425 0.03296999999999995 0.01546250000000009
2 0.8269299999999999 0.6175700000000001 0.030123333333333297 0.012152499999999919
0 0.8421700000000001 0.6578375 0.0296866666666668 0.02930250000000001
0 0.7951866666666666 0.6859575 0.020666666666666667 0.018222500000000082
0 0.8309166666666666 0.7153250000000001 0.02382000000000001 0.016204999999999928
2 0.71934 0.28804250000000003 0.0754533333333333 0.05387
2 0.83193 0.2914775 0.040916666666666664 0.0261875
0 0.83749 0.33431 0.021890000000000024 0.011654999999999973
0 0.8584933333333333 0.2896175 0.011429999999999987 0.02311749999999995
0 0.85698 0.327795 0.015009999999999916 0.02676999999999998
5 0.8204933333333333 0.31429250000000003 0.0877533333333334 0.10594000000000005
4 0.8384066666666666 0.43323 0.08171000000000003 0.12680500000000006
2 0.7736299999999999 0.41140499999999997 0.059333333333333335 0.07019499999999994
0 0.7349333333333334 0.42266750000000003 0.024153333333333346 0.019450000000000047
0 0.7233333333333334 0.447015 0.025816666666666606 0.011914999999999964
0 0.6817433333333334 0.44788 0.025729999999999944 0.0154375
2 0.8193866666666666 0.5074 0.08800999999999992 0.08306999999999994
0 0.80711 0.7248049999999999 0.016820000000000012 0.014865000000000008
2 0.86336 0.7417050000000001 0.0275600000000001 0.023227499999999963
0 0.82407 0.7461575 0.03236333333333338 0.023647500000000037
0 0.7799733333333334 0.742225 0.013426666666666582 0.0096875
0 0.7828700000000001 0.7456799999999999 0.02882999999999993 0.015277499999999918
0 0.7607166666666667 0.7594225 0.028973333333333358 0.017585000000000038
0 0.7422733333333333 0.7682875 0.028123333333333295 0.0172974999999999
5 0.8356333333333333 0.71693 0.21447333333333335 0.16272250000000008
2 0.9499733333333333 0.93474 0.10005333333333329 0.09112750000000006
0 0.8401200000000001 0.9382775 0.028810000000000096 0.025710000000000035
1 0.9719266666666667 0.905895 0.05614666666666653 0.07229250000000002
0 0.7047266666666666 0.88348 0.015703333333333225 0.014022500000000037
2 0.5981500000000001 0.8530225 0.01825 0.02199000000000001
0 0.6928366666666668 0.64023 0.07645666666666663 0.18182999999999994
0 0.6269033333333334 0.7076925 0.012969999999999952 0.01518249999999989
1 0.66956 0.5558175 0.0510933333333334 0.044772500000000034
0 0.6799700000000001 0.390495 0.014823333333333267 0.024472499999999967
0 0.6119733333333334 0.227015 0.01701666666666673 0.011942499999999995
0 0.7106833333333334 0.2581125 0.04885666666666657 0.03800249999999997
0 0.6308066666666667 0.28849 0.027109999999999974 0.011434999999999945
4 0.6338033333333334 0.3592725 0.13241 0.1101925
0 0.49806333333333336 0.26904500000000003 0.014276666666666642 0.012572499999999992
1 0.45598666666666665 0.295585 0.02192000000000007 0.020690000000000056
1 0.4795533333333334 0.292305 0.03335999999999997 0.035752499999999944
1 0.47792666666666667 0.34002499999999997 0.016839999999999994 0.015872499999999946
1 0.4447 0.398435 0.021620000000000042 0.01714250000000004
1 0.46699 0.47814249999999997 0.018969999999999952 0.013840000000000031
0 0.49576333333333333 0.5397925 0.010923333333333327 0.009067500000000108
0 0.51076 0.543025 0.014203333333333375 0.008684999999999946
0 0.5561233333333333 0.5414025 0.014640000000000025 0.005440000000000054
2 0.5613699999999999 0.5757725 0.02248666666666668 0.020875
0 0.58673 0.5780449999999999 0.026579999999999927 0.022799999999999956
0 0.5739133333333334 0.5935025 0.025056666666666692 0.012805000000000063
5 0.5470533333333334 0.54132 0.13390333333333335 0.13067499999999996
4 0.5111600000000001 0.5211399999999999 0.042390000000000025 0.029345000000000027
0 0.5752533333333333 0.61398 0.026166666666666668 0.015230000000000018
0 0.56093 0.6225275 0.017103333333333314 0.013190000000000054
0 0.5464633333333334 0.6357174999999999 0.015136666666666618 0.0133275000000001
1 0.51132 0.6251599999999999 0.01621333333333329 0.012517499999999928
0 0.4982033333333333 0.667825 0.018429999999999988 0.02672000000000003
0 0.4454633333333334 0.707595 0.014553333333333284 0.01017750000000001
0 0.47342 0.74936 0.014483333333333273 0.012817500000000108
0 0.4408433333333333 0.7723949999999999 0.0249066666666666 0.03643249999999989
0 0.4184533333333333 0.7554275 0.018510000000000068 0.016315000000000055
0 0.3926033333333333 0.7955325 0.01505000000000003 0.011277499999999918
0 0.33069333333333334 0.8041125 0.024206666666666706 0.019097500000000083
0 0.37883666666666665 0.7022775 0.014913333333333261 0.011147500000000036
0 0.3562066666666666 0.7130850000000001 0.02671333333333329 0.018920000000000072
1 0.3843633333333333 0.30965499999999996 0.0238733333333333 0.023705000000000042
5 0.4044666666666667 0.391255 0.055653333333333346 0.13716750000000003
2 0.40463333333333334 0.36551999999999996 0.051883333333333365 0.026322499999999992
2 0.40693 0.42144 0.034806666666666694 0.018407500000000028
1 0.43608 0.5058374999999999 0.06344999999999996 0.04818249999999995
1 0.4056466666666667 0.5251525 0.01892999999999999 0.015417500000000018
0 0.43850666666666666 0.5575399999999999 0.011140000000000025 0.011427500000000009
1 0.45922333333333337 0.56525 0.03655000000000003 0.028982500000000074
1 0.4868633333333333 0.5932125 0.03625 0.034627500000000054
4 0.33144000000000007 0.7577875000000001 0.0550066666666667 0.042434999999999945
1 0.4301266666666667 0.6619075 0.020670000000000074 0.014809999999999945
1 0.41968 0.6057325 0.019116666666666636 0.02009750000000008
1 0.3879533333333333 0.59864 0.08489666666666669 0.07388750000000005
0 0.35767 0.619515 0.01597666666666661 0.011472500000000082
1 0.3403366666666667 0.660145 0.033589999999999995 0.03321250000000009
5 0.2965966666666667 0.718105 0.06642333333333332 0.06595499999999993
1 0.28491666666666665 0.7375725 0.019913333333333335 0.0119525000000001
0 0.28392666666666666 0.722785 0.008186666666666648 0.007507499999999936
0 0.22497666666666666 0.784985 0.022126666666666628 0.01392750000000001
2 0.18196 0.75072 0.02266666666666667 0.017400000000000092
0 0.18144666666666667 0.7212525000000001 0.016019999999999982 0.010019999999999982
0 0.17576666666666665 0.7440825 0.01147666666666667 0.009667500000000018
4 0.24334 0.6699125 0.05062999999999996 0.04390499999999997
0 0.24186333333333335 0.649335 0.013240000000000009 0.009970000000000027
4 0.25482 0.622325 0.026369999999999966 0.03283999999999992
1 0.30533666666666665 0.6097725 0.018349999999999984 0.014387500000000046
0 0.23249 0.6099625 0.00893999999999998 0.007397500000000036
4 0.21059666666666665 0.6437849999999999 0.05055000000000003 0.06450250000000006
0 0.14175 0.6823374999999999 0.020153333333333346 0.007882499999999936
0 0.15277 0.6945825 0.015896666666666646 0.01127500000000009
0 0.13981 0.693035 0.010453333333333337 0.006037499999999909
5 0.13875666666666667 0.6884375 0.05411000000000001 0.0584224999999999
0 0.045943333333333336 0.7315625 0.017856666666666663 0.01083750000000009
0 0.07763666666666666 0.662905 0.011310000000000002 0.00800500000000011
4 0.08967 0.73783 0.048803333333333324 0.04763750000000005
4 0.07466333333333333 0.5874550000000001 0.04437666666666667 0.06406749999999989
0 0.07458000000000001 0.5451975 0.009060000000000002 0.016460000000000037
0 0.06100666666666667 0.5201425000000001 0.010086666666666664 0.011380000000000109
0 0.07154 0.5172875 0.006176666666666658 0.006162499999999909
0 0.042306666666666666 0.5422899999999999 0.033076666666666664 0.03869000000000006
2 0.0565 0.5122575 0.009680000000000006 0.010009999999999991
0 0.09865333333333333 0.510495 0.007463333333333329 0.005667500000000018
0 0.07721 0.460015 0.012919999999999997 0.017397500000000038
0 0.07133333333333333 0.45999 0.00700333333333333 0.012190000000000055
0 0.36042 0.592345 0.014123333333333297 0.011742500000000064
0 0.33896 0.6016575000000001 0.013959999999999998 0.013122499999999945
1 0.3573366666666667 0.5446925 0.061190000000000015 0.05651999999999998
1 0.34926666666666667 0.542725 0.013996666666666593 0.013894999999999982
0 0.34865 0.49813 0.01925333333333337 0.017960000000000035
0 0.37721333333333334 0.460555 0.0186566666666666 0.036317499999999996
0 0.37844666666666665 0.43435 0.009870000000000042 0.006497499999999945
0 0.36577666666666664 0.39875 0.03783666666666674 0.03571249999999998
0 0.36590333333333336 0.366045 0.025320000000000013 0.02684000000000003
1 0.33318666666666663 0.352185 0.028670000000000036 0.026967499999999974
0 0.3512733333333333 0.35885 0.010649999999999939 0.007782500000000027
0 0.3346766666666667 0.2926825 0.011163333333333336 0.007342499999999972
1 0.33245666666666673 0.3134375 0.024603333333333352 0.022837499999999976
0 0.29735 0.22672499999999998 0.02474000000000001 0.012795000000000016
0 0.30217333333333335 0.321045 0.015463333333333367 0.024372499999999946
0 0.2569033333333334 0.339415 0.013233333333333349 0.01255499999999995
0 0.24369000000000002 0.35783 0.009466666666666696 0.007142500000000041
0 0.2241166666666667 0.328295 0.015419999999999996 0.014887500000000045
0 0.13838666666666669 0.33138249999999997 0.01572666666666665 0.014149999999999977
0 0.09902 0.32808499999999996 0.011456666666666669 0.0175
2 0.11441000000000001 0.3339425 0.04233 0.041100000000000025
0 0.19316666666666665 0.3400675 0.01099666666666667 0.018842499999999974
0 0.16596 0.3434875 0.022333333333333334 0.030360000000000012
2 0.14520333333333335 0.3620175 0.021169999999999998 0.013217499999999972
0 0.17014 0.36534 0.024173333333333345 0.03455250000000001
0 0.1222 0.37303 0.014163333333333337 0.011924999999999955
0 0.1594 0.3851025 0.010343333333333324 0.011784999999999967
0 0.16482666666666668 0.39066500000000004 0.012066666666666682 0.012254999999999995
0 0.12268666666666667 0.39028250000000003 0.00922333333333332 0.00851750000000004
0 0.11962333333333333 0.38416 0.012786666666666672 0.011122499999999945
2 0.10779 0.42937000000000003 0.020150000000000015 0.026245000000000004
0 0.1493833333333333 0.4267575 0.0355 0.034125
0 0.16196 0.4608625 0.011176666666666658 0.010682500000000004
0 0.17239333333333332 0.4775375 0.011816666666666682 0.008227499999999964
0 0.17386666666666667 0.4870625 0.009413333333333336 0.008105000000000018
0 0.14144333333333334 0.47859500000000005 0.008403333333333346 0.005557500000000004
0 0.13213333333333332 0.4801075 0.010543333333333332 0.004952499999999986
0 0.12059666666666667 0.4755575 0.005656666666666676 0.006907500000000027
0 0.12285 0.48536 0.0041799999999999875 0.012575000000000046
0 0.12782666666666667 0.5188674999999999 0.011026666666666681 0.012299999999999955
0 0.15086 0.4948075 0.06353333333333334 0.07625499999999993
0 0.12142 0.5375875 0.00822333333333332 0.007477499999999963
0 0.10812333333333334 0.552215 0.005986666666666679 0.007237499999999955
0 0.11002333333333333 0.5618175 0.018143333333333317 0.01722250000000008
0 0.12997666666666666 0.56475 0.02471333333333333 0.02208249999999998
0 0.11397666666666667 0.56602 0.010323333333333342 0.005207499999999982
0 0.11016999999999999 0.582865 0.014323333333333342 0.008877500000000054
0 0.11999000000000001 0.5946575000000001 0.01296 0.005917500000000018
0 0.11311666666666667 0.5926275000000001 0.009719999999999989 0.007117500000000064
5 0.13565666666666668 0.5703325 0.07598000000000002 0.07759750000000008
4 0.15931333333333333 0.55728 0.031059999999999983 0.026424999999999955
2 0.18977 0.582385 0.02692999999999999 0.025942500000000108
0 0.1832366666666667 0.5373675 0.012179999999999988 0.01133750000000009
4 0.21322666666666665 0.561225 0.03856000000000002 0.06674749999999995
0 0.2672966666666667 0.5804375 0.014733333333333348 0.020670000000000074
2 0.19762000000000002 0.4581925 0.020849999999999983 0.025372499999999944
0 0.22849 0.47804250000000004 0.014383333333333364 0.009164999999999963
0 0.21928333333333333 0.48623500000000003 0.00799000000000001 0.012002500000000055
0 0.19913999999999998 0.49246249999999997 0.007759999999999991 0.013082499999999981
0 0.20457333333333333 0.49242250000000004 0.02817666666666666 0.068
4 0.24093666666666666 0.5298025 0.04245666666666663 0.04746000000000004
5 0.3000333333333333 0.5343375 0.05973000000000002 0.05853999999999997
0 0.28647666666666666 0.534235 0.009519999999999982 0.006682499999999891
0 0.2852733333333333 0.5173 0.008220000000000028 0.011224999999999966
0 0.27818333333333334 0.5416675 0.0059600000000000364 0.006567500000000109
0 0.31972666666666666 0.48908999999999997 0.018316666666666682 0.015677500000000007
1 0.2921566666666667 0.49035 0.01968999999999998 0.016940000000000056
0 0.28529666666666664 0.4692075 0.008896666666666685 0.007669999999999959
1 0.30800333333333335 0.46713499999999997 0.03713000000000003 0.03509500000000003
0 0.31655666666666665 0.4440675 0.013330000000000003 0.01224249999999995
1 0.3245266666666667 0.40303750000000005 0.0257033333333333 0.022202499999999986
4 0.3007766666666667 0.39510500000000004 0.028393333333333354 0.02674249999999995
4 0.28315333333333337 0.428265 0.045836666666666664 0.04113750000000004
4 0.23671 0.41314 0.035209999999999964 0.062090000000000034