2 0.766 0.254 0.09366666666666666 0.08
1 0.8526666666666667 0.3265 0.092 0.06825
1 0.7648333333333334 0.137 0.09266666666666666 0.0745
1 0.6651666666666667 0.0605 0.12666666666666668 0.05025
1 0.9233333333333333 0.653125 0.068 0.05
1 0.7566666666666667 0.663125 0.09766666666666667 0.06525
1 0.946 0.24025 0.108 0.0875
2 0.06533333333333333 0.06225 0.097 0.07275
0 0.4673333333333333 0.043 0.10533333333333333 0.086
1 0.14716666666666667 0.130125 0.128 0.09
1 0.6565 0.474375 0.09366666666666666 0.06225
1 0.36716666666666664 0.1325 0.09133333333333334 0.0625
1 0.868 0.05175 0.11166666666666666 0.0845
1 0.5618333333333333 0.403875 0.08466666666666667 0.04975
1 0.3925 0.664125 0.07533333333333334 0.04775
1 0.10016666666666667 0.939625 0.05333333333333334 0.0225
1 0.2881666666666667 0.485875 0.06866666666666667 0.08125
0 0.31966666666666665 0.8965 0.050666666666666665 0.02275
2 0.4206666666666667 0.938125 0.08633333333333333 0.03025
0 0.24266666666666667 0.854375 0.038 0.0175
1 0.7365 0.77075 0.07766666666666666 0.049
1 0.33716666666666667 0.975375 0.055 0.03875
2 0.03816666666666667 0.98025 0.050333333333333334 0.031
1 0.18433333333333332 0.40525 0.09366666666666666 0.0525
0 0.7201666666666666 0.92525 0.03933333333333333 0.02125
1 0.27216666666666667 0.064375 0.099 0.05125
1 0.5646666666666667 0.124125 0.09733333333333333 0.0665
1 0.5913333333333334 0.529 0.132 0.07125
1 0.636 0.963625 0.076 0.031
0 0.20483333333333334 0.539 0.085 0.05175
3 0.48433333333333334 0.584 0.09166666666666666 0.095
1 0.49433333333333335 0.893625 0.051333333333333335 0.0345
2 0.306 0.608375 0.07633333333333334 0.06575
0 0.4081666666666667 0.854375 0.041 0.021
4 0.8355 0.46825 0.12166666666666667 0.0915
2 0.1745 0.904625 0.061 0.04175
1 0.18816666666666668 0.97625 0.058666666666666666 0.036
1 0.6426666666666667 0.891375 0.06 0.02575
1 0.062 0.792375 0.08766666666666667 0.05125
1 0.399 0.77925 0.07466666666666667 0.03875
2 0.6446666666666667 0.32925 0.077 0.08975
1 0.4791666666666667 0.730625 0.051666666666666666 0.05125
1 0.051333333333333335 0.668375 0.10266666666666667 0.05775
1 0.0185 0.900125 0.037 0.02625
1 0.5603333333333333 0.261375 0.109 0.06225
1 0.649 0.723125 0.076 0.0395
4 0.8896666666666667 0.76325 0.19466666666666665 0.154
0 0.8333333333333334 0.59625 0.06333333333333334 0.0305
1 0.7513333333333333 0.402125 0.085 0.05425
1 0.9598333333333333 0.1305 0.056666666666666664 0.06475
2 0.3875 0.40975 0.07466666666666667 0.055
0 0.8571666666666666 0.993375 0.027666666666666666 0.01325
1 0.8091666666666667 0.885875 0.067 0.04075
1 0.7286666666666667 0.84825 0.07266666666666667 0.02825
0 0.556 0.844625 0.081 0.03025
1 0.569 0.657625 0.09933333333333333 0.0465
1 0.3045 0.722 0.062 0.07275
1 0.20516666666666666 0.669375 0.109 0.0715
1 0.0435 0.535375 0.087 0.06825
2 0.11366666666666667 0.47825 0.07766666666666666 0.05725
1 0.4695 0.48325 0.07366666666666667 0.05175
4 0.029 0.412125 0.058 0.115
1 0.1665 0.264375 0.133 0.0775
1 0.35333333333333333 0.25 0.115 0.07575