5 0.155 0.426 0.31 0.21
5 0.6556233333333333 0.49985250000000003 0.06379999999999995 0.13812250000000006
5 0.20492 0.6261825 0.0925 0.04951749999999993
5 0.5072066666666666 0.668845 0.2734566666666666 0.08968000000000007
5 0.8248133333333334 0.7063725 0.17878000000000005 0.08157999999999993
5 0.9386666666666666 0.5869475 0.12266666666666666 0.06094749999999999
5 0.6208566666666666 0.3200225 0.21559 0.12721500000000002
0 0.18797666666666665 0.280815 0.13251 0.10604
4 0.28754 0.2609075 0.09834 0.08075
4 0.9412833333333332 0.8596825 0.07807999999999993 0.05202749999999992
2 0.9147866666666667 0.3391925 0.05063333333333321 0.026862499999999956
1 0.7099066666666666 0.2671925 0.045266666666666726 0.02611500000000001
1 0.44231000000000004 0.458125 0.1037166666666667 0.0475
1 0.5212100000000001 0.2100925 0.09517000000000007 0.058504999999999995
5 0.22703333333333334 0.8347749999999999 0.09951999999999998 0.10527999999999997
2 0.7323733333333333 0.800065 0.03851333333333332 0.021337500000000093
4 0.11313 0.209875 0.10943999999999998 0.07508249999999998
4 0.4705533333333334 0.3475 0.10805000000000003 0.0940575
1 0.7125 0.2969425 0.025783333333333453 0.02044749999999999
4 0.7848766666666667 0.6377225 0.07905333333333328 0.056920000000000075
4 0.063 0.288115 0.08416333333333334 0.049427500000000006
1 0.4895 0.28029000000000004 0.04666666666666667 0.03475
4 0.17426 0.07132 0.1347733333333333 0.0894325
4 0.6966666666666667 0.16925 0.14666666666666667 0.11125
4 0.78485 0.30794 0.0733133333333332 0.059004999999999995
1 0.8357800000000001 0.2629725 0.043666666666666666 0.032
1 0.32354 0.15853 0.13405333333333336 0.07634250000000002
4 0.8866700000000001 0.81235 0.0543166666666666 0.03692750000000001
1 0.8363333333333334 0.358875 0.044333333333333336 0.03025
1 0.7732399999999999 0.47070249999999997 0.08108333333333333 0.06575999999999999
1 0.8813799999999999 0.37764749999999997 0.04602666666666664 0.041932500000000004
2 0.6004866666666667 0.8481575 0.02957666666666667 0.018102499999999962
1 0.5388933333333333 0.39166 0.03187999999999996 0.022634999999999992
1 0.443 0.2056225 0.045 0.037
4 0.983 0.7150525 0.034 0.042869999999999894
1 0.952 0.278875 0.038 0.022
0 0.38976666666666665 0.2722025 0.07786333333333338 0.01783749999999998
1 0.057550000000000004 0.5677949999999999 0.06951333333333334 0.03780250000000001
4 0.8355566666666667 0.482875 0.062460000000000036 0.05816250000000002
1 0.3445 0.4155 0.048666666666666664 0.033
1 0.09422333333333334 0.459005 0.08788 0.05158749999999998
4 0.34458 0.33714999999999995 0.09440666666666664 0.07450999999999999
1 0.71087 0.6145 0.03750333333333341 0.02447499999999991
4 0.40190333333333333 0.66461 0.03920666666666663 0.03547749999999996
0 0.3091066666666667 0.46064 0.03262666666666663 0.015162500000000023
4 0.4081666666666667 0.52975 0.08666666666666667 0.07225
4 0.7699333333333334 0.392935 0.11546666666666655 0.08763250000000004
2 0.7567566666666666 0.859425 0.020609999999999976 0.01865000000000009
0 0.041673333333333326 0.074495 0.07470666666666667 0.052724999999999994
0 0.08090333333333334 0.06707250000000001 0.06634000000000001 0.06120000000000001
1 0.06421666666666667 0.11393500000000001 0.07394999999999999 0.041177500000000006
3 0.18737666666666666 0.141125 0.08087666666666665 0.048922500000000015
0 0.15761 0.2377925 0.029593333333333343 0.021350000000000022
2 0.34396333333333334 0.2049375 0.06823999999999997 0.03544999999999999
1 0.5821833333333333 0.185975 0.03573333333333327 0.0230625
0 0.5367799999999999 0.25405 0.0249066666666666 0.015587499999999978
1 0.6423533333333333 0.3303125 0.08705333333333329 0.045262500000000046
0 0.7677633333333334 0.2722675 0.05725 0.024289999999999964
0 0.7864133333333333 0.27315 0.05961999999999989 0.023539999999999964
1 0.6657266666666667 0.40305250000000004 0.06411666666666664 0.04065250000000003
2 0.9747199999999999 0.497535 0.050556666666666694 0.06977750000000003
0 0.9181033333333333 0.5675725 0.01652666666666664 0.012402499999999919
0 0.9767600000000001 0.571995 0.01907000000000001 0.019802500000000008
0 0.8798766666666668 0.57266 0.01913000000000011 0.01261500000000001
2 0.8773266666666667 0.6111825 0.03432999999999993 0.026934999999999945
0 0.8967733333333334 0.67006 0.045799999999999876 0.027769999999999982
0 0.7907433333333334 0.6991975 0.013356666666666569 0.009845000000000027
0 0.8346066666666667 0.7075724999999999 0.01815666666666675 0.01146250000000009
1 0.8405066666666666 0.737975 0.02573333333333327 0.014957499999999981
0 0.7459966666666666 0.6154175000000001 0.01703000000000005 0.014217499999999973
0 0.69687 0.7979149999999999 0.016126666666666702 0.011727499999999964
2 0.8415566666666667 0.8822925 0.06486999999999989 0.041802500000000006
0 0.89239 0.8761925 0.014533333333333455 0.011742500000000064
0 0.5708666666666666 0.771645 0.018576666666666672 0.012480000000000019
2 0.6098133333333333 0.78598 0.0704966666666666 0.04919499999999993
4 0.5016066666666666 0.7973375 0.1183733333333333 0.04672499999999991
2 0.4017933333333334 0.729495 0.030316666666666606 0.021880000000000108
0 0.24724000000000002 0.7126849999999999 0.023109999999999974 0.014295000000000073
0 0.19907666666666668 0.7266900000000001 0.04709333333333333 0.014132499999999937
0 0.19523666666666667 0.855 0.021570000000000013 0.02265000000000009
4 0.2974366666666666 0.8128200000000001 0.06885666666666665 0.06003250000000003
0 0.19512666666666667 0.6502899999999999 0.0267033333333333 0.021382499999999936
0 0.22344000000000003 0.6167125 0.040279999999999976 0.015875
0 0.19601 0.63024 0.023936666666666648 0.017279999999999972
0 0.3705866666666667 0.6106 0.044 0.016127500000000055
0 0.46345 0.6764075 0.019926666666666735 0.01244250000000011
0 0.44317999999999996 0.6732825 0.01903666666666671 0.016664999999999965
0 0.47917333333333334 0.67053 0.021289999999999965 0.013052500000000009
1 0.5117766666666667 0.649395 0.03805999999999995 0.022289999999999963
0 0.53556 0.6812999999999999 0.01569333333333331 0.012059999999999946
2 0.5745566666666667 0.69378 0.04041333333333326 0.01871250000000009
0 0.6010233333333334 0.6439825 0.022023333333333388 0.011107500000000072
1 0.5412133333333333 0.62193 0.05111666666666664 0.03464249999999993
5 0.021066666666666668 0.6709550000000001 0.042133333333333335 0.16224
0 0.22379666666666667 0.5750700000000001 0.06967 0.010282500000000028
0 0.11350333333333333 0.5479299999999999 0.04047666666666669 0.024127500000000055
4 0.3073 0.52298 0.08888000000000003 0.05375
0 0.21602333333333334 0.470765 0.02219999999999997 0.015077499999999987
0 0.26369333333333334 0.47256 0.05476999999999998 0.01782249999999999
1 0.4906466666666667 0.5227350000000001 0.03255666666666669 0.021712500000000034
1 0.4818766666666667 0.5559025000000001 0.035106666666666723 0.02215000000000009
2 0.5370066666666666 0.55448 0.03681666666666661 0.02885500000000002
4 0.11784999999999998 0.383355 0.12041666666666664 0.08439250000000004
1 0.21154666666666666 0.40970249999999997 0.04075666666666666 0.03572000000000003
0 0.27226666666666666 0.428485 0.026653333333333345 0.014649999999999977
5 0.17409999999999998 0.4908575 0.07432000000000001 0.06918999999999995
0 0.31484 0.4405675 0.03563666666666669 0.01486749999999995
1 0.5751533333333333 0.49224 0.11451666666666672 0.061460000000000035
0 0.6559 0.5039549999999999 0.018890000000000025 0.018542499999999962
2 0.71209 0.543905 0.0415633333333332 0.023507499999999935
0 0.66475 0.5823524999999999 0.036926666666666656 0.02066249999999991
0 0.6928500000000001 0.5775375 0.029276666666666642 0.014252500000000055
0 0.4140366666666666 0.3618075 0.06411666666666664 0.04936749999999995
0 0.8898066666666667 0.70021 0.022020000000000133 0.014414999999999964
0 0.4126233333333333 0.285505 0.07514666666666668 0.022692499999999994
0 0.95189 0.5832525000000001 0.024520000000000132 0.01653749999999991
0 0.8716900000000001 0.7093550000000001 0.015659999999999855 0.007670000000000073
0 0.8325199999999999 0.7128724999999999 0.027233333333333273 0.011472500000000082
0 0.18795666666666666 0.87299 0.014143333333333355 0.0120150000000001
1 0.2261166666666667 0.6365625 0.03785666666666664 0.02225
0 0.6342366666666667 0.546875 0.017539999999999965 0.026762500000000047
1 0.6527466666666667 0.5543925000000001 0.050359999999999974 0.02948250000000007