2 0.7018333333333333 0.713375 0.09633333333333334 0.044
0 0.7705 0.091125 0.069 0.04875
1 0.7778333333333334 0.527875 0.06366666666666666 0.0485
1 0.20016666666666666 0.44375 0.12466666666666666 0.09025
4 0.7075 0.855375 0.09366666666666666 0.05175
1 0.09016666666666667 0.408875 0.06966666666666667 0.0495
5 0.49376 0.06858 0.15474666666666675 0.13716
2 0.638 0.198625 0.105 0.0575
1 0.6876666666666666 0.157125 0.075 0.0465
0 0.705 0.2245 0.04933333333333333 0.0275
0 0.7863333333333333 0.356 0.043 0.05275
4 0.9521666666666667 0.2075 0.09533333333333334 0.17675
0 0.3415 0.194625 0.05633333333333333 0.0405
4 0.7297766666666666 0.79007 0.10066666666666667 0.062
1 0.29052333333333336 0.1024075 0.10303666666666664 0.0980625
0 0.31466666666666665 0.23725 0.051333333333333335 0.02575
4 0.9141666666666667 0.33053 0.17166666666666666 0.08
0 0.7992066666666666 0.2756725 0.029509999999999915 0.01565499999999997
4 0.06233333333333333 0.272 0.12466666666666666 0.17525
0 0.22182666666666667 0.2286225 0.061379999999999955 0.029495000000000004
4 0.849 0.722935 0.08233333333333333 0.049869999999999894
4 0.6611666666666667 0.29275 0.16533333333333333 0.1345
0 0.4355 0.53125 0.07533333333333334 0.0335
0 0.65475 0.099675 0.05150333333333341 0.060349999999999994
2 0.8961666666666667 0.599245 0.05633333333333333 0.02275
4 0.7103700000000001 0.9699275 0.168 0.06014499999999998
0 0.09016666666666667 0.40901 0.06966666666666667 0.0495
1 0.06566666666666666 0.56025 0.05433333333333333 0.035
0 0.7086666666666667 0.4425 0.041666666666666664 0.03775
2 0.06583333333333333 0.56025 0.05433333333333333 0.035
4 0.12611666666666668 0.064885 0.25223333333333336 0.1297675
0 0.21280333333333332 0.11005 0.03499000000000001 0.053025
0 0.5385833333333333 0.0665925 0.040296666666666626 0.024827499999999992
0 0.5684966666666667 0.0096975 0.01289999999999994 0.019395
0 0.5699733333333333 0.0679975 0.01646333333333329 0.0497525
0 0.9091466666666667 0.116125 0.023676666666666582 0.028852500000000007
0 0.8780533333333332 0.1585025 0.07492666666666659 0.059942499999999996
2 0.79927 0.19994499999999998 0.15524000000000007 0.10179500000000001
0 0.8914733333333333 0.285745 0.02983666666666674 0.02232249999999999
5 0.027170000000000003 0.5231675 0.054340000000000006 0.05775
2 0.4202666666666667 0.1886175 0.10414000000000002 0.13551999999999997
2 0.49925 0.363985 0.15037999999999996 0.14252499999999999
0 0.5277966666666667 0.23978750000000001 0.13589333333333328 0.2278225
1 0.6514233333333334 0.439645 0.1256966666666667 0.09605999999999995
0 0.7069966666666666 0.513915 0.04400333333333341 0.05968249999999995
5 0.9110666666666666 0.48531500000000005 0.17786666666666678 0.13940500000000003
0 0.8434333333333334 0.47257 0.0319966666666666 0.017067499999999996
2 0.9120366666666667 0.4700175 0.11753999999999996 0.04502750000000003
2 0.9765166666666667 0.43664 0.046966666666666546 0.031789999999999964
0 0.9554233333333333 0.522045 0.030183333333333395 0.021477499999999962
0 0.92604 0.53644 0.02800666666666681 0.017755000000000108
0 0.7878833333333334 0.8492975 0.04010666666666657 0.0282650000000001
4 0.91971 0.82911 0.16057999999999992 0.10033249999999998
0 0.9841933333333334 0.925205 0.03161333333333338 0.02084999999999991
2 0.8067833333333333 0.9190499999999999 0.24246000000000004 0.15043249999999989
2 0.5291966666666666 0.5232625000000001 0.05182333333333327 0.024517499999999984
2 0.5156033333333333 0.5465725 0.04732999999999993 0.022934999999999945
0 0.25966333333333336 0.6053825 0.16960666666666668 0.33957500000000007
0 0.09754 0.7598400000000001 0.033306666666666665 0.030967499999999974
5 0.50993 0.695765 0.34658333333333335 0.2398700000000001
0 0.4702033333333333 0.664475 0.04066333333333326 0.031654999999999975
0 0.5423833333333333 0.6090175 0.04292999999999999 0.042237499999999956
0 0.5432133333333333 0.7066475 0.03371000000000004 0.026674999999999956
0 0.5085966666666667 0.7282375 0.030383333333333363 0.025440000000000053
2 0.5889033333333333 0.739915 0.03983333333333333 0.03609999999999991
0 0.5326333333333334 0.75839 0.04882666666666667 0.035430000000000066
0 0.45289333333333337 0.7661024999999999 0.03144333333333331 0.02000500000000011
0 0.45690000000000003 0.769695 0.05819999999999997 0.0308275000000001
0 0.40436999999999995 0.8025725 0.05592999999999999 0.030825000000000047
0 0.3648 0.8255325 0.05948333333333331 0.02755749999999989