4 0.8687699999999999 0.2051875 0.16971000000000003 0.18946000000000005
0 0.82328 0.2223875 0.06871666666666655 0.07750499999999999
1 0.3315 0.154375 0.07666666666666666 0.0595
4 0.08716666666666667 0.03625 0.174 0.0725
2 0.7936666666666666 0.066 0.058333333333333334 0.0405
1 0.7058333333333333 0.19375 0.05533333333333333 0.04925
2 0.36283333333333334 0.7295 0.095 0.0705
0 0.6888333333333333 0.07825 0.06233333333333333 0.03675
1 0.22866666666666666 0.6185 0.12633333333333333 0.18
0 0.7226666666666667 0.15075 0.04833333333333333 0.022
0 0.8394966666666666 0.2095 0.032659999999999856 0.022
1 0.6441666666666667 0.023125 0.033666666666666664 0.0265
0 0.52992 0.52406 0.038320000000000014 0.022285000000000083
1 0.574 0.04975 0.05266666666666667 0.041
0 0.7571666666666667 0.233375 0.04066666666666666 0.0285
0 0.8021666666666667 0.239625 0.03266666666666666 0.022
2 0.5728333333333333 0.904625 0.07233333333333333 0.0475
1 0.45863333333333334 0.6851625 0.06559666666666665 0.06417750000000001
0 0.5941666666666666 0.09425 0.049 0.03325
1 0.9626533333333334 0.41742250000000003 0.0505633333333332 0.041
1 0.19633333333333333 0.0705 0.038 0.04325
0 0.6733333333333333 0.161 0.050333333333333334 0.021
4 0.7955 0.4427975 0.08 0.11565750000000002
4 0.6546666666666666 0.338625 0.15233333333333332 0.12425
1 0.024333333333333332 0.613125 0.048666666666666664 0.06575
2 0.04633333333333333 0.222625 0.09233333333333334 0.062
1 0.32666666666666666 0.399375 0.16966666666666666 0.12575
1 0.23866666666666667 0.848 0.11366666666666667 0.039
4 0.09483333333333334 0.33425 0.041 0.0245
1 0.7708333333333334 0.327125 0.059 0.04125
1 0.6728033333333333 0.5175575 0.13105999999999995 0.094385
4 0.9507533333333335 0.12289 0.09849333333333318 0.08897
0 0.6435833333333333 0.185785 0.06689666666666669 0.03953500000000003
0 0.7419566666666666 0.2185825 0.02604333333333337 0.014642499999999984
1 0.6791999999999999 0.249325 0.1784533333333333 0.09739999999999997
1 0.8085399999999999 0.3660075 0.05130666666666669 0.04192999999999995
1 0.9045766666666667 0.4805074999999999 0.09811666666666678 0.14010499999999995
0 0.8508233333333333 0.50906 0.02107666666666652 0.01982499999999999
0 0.8813799999999999 0.569945 0.08995000000000013 0.09506999999999993
4 0.9626966666666668 0.5253775 0.07460333333333347 0.21116000000000001
1 0.7299233333333334 0.4151825 0.11778999999999996 0.08222749999999997
0 0.6509399999999999 0.44900249999999997 0.08566666666666659 0.04786749999999995
5 0.44456333333333337 0.304025 0.21553000000000005 0.17419499999999996
0 0.5148666666666666 0.2841125 0.01410666666666672 0.02201999999999998
0 0.52367 0.23081000000000002 0.03269000000000005 0.012129999999999995
0 0.49533333333333335 0.2648375 0.03783999999999999 0.017629999999999996
1 0.4488166666666667 0.249885 0.10880000000000004 0.044759999999999994
0 0.36496333333333336 0.0720925 0.07953999999999996 0.052317499999999996
1 0.39616666666666667 0.0534225 0.11135333333333332 0.05752250000000001
1 0.359 0.025875 0.20066666666666666 0.05175
1 0.2741266666666667 0.3032475 0.05241333333333334 0.032977499999999965
5 0.14406666666666668 0.19941499999999998 0.28813333333333335 0.2873975
2 0.09830333333333334 0.237225 0.031533333333333344 0.04786250000000001
0 0.18007 0.18659 0.052186666666666645 0.03454000000000002
0 0.09718666666666667 0.17745249999999999 0.055533333333333344 0.03561500000000001
0 0.13419666666666666 0.18421 0.04695333333333334 0.03145249999999999
0 0.026756666666666665 0.368975 0.05351333333333333 0.09186249999999996
0 0.79736 0.61886 0.021053333333333285 0.014980000000000018
0 0.6114733333333333 0.5579925 0.0652533333333334 0.04093249999999989
0 0.6692733333333334 0.58258 0.027386666666666695 0.019447499999999993
0 0.6619966666666666 0.6336799999999999 0.060293333333333296 0.03414249999999993
0 0.85023 0.682475 0.019726666666666764 0.016732500000000074
0 0.8323266666666667 0.695415 0.029873333333333297 0.017025000000000092
0 0.75687 0.7008025 0.08164666666666653 0.0596724999999999
0 0.7691933333333333 0.7362949999999999 0.027603333333333466 0.02143249999999989
0 0.7326400000000001 0.73033 0.04821999999999995 0.023174999999999956
2 0.6739633333333334 0.7199025 0.0337166666666667 0.022555000000000065
1 0.5173033333333333 0.631505 0.06944333333333332 0.06851250000000005
5 0.6599933333333333 0.601285 0.41683666666666674 0.3019024999999999
2 0.84428 0.7448625 0.05919666666666672 0.04846499999999992
4 0.03642666666666667 0.7480175 0.07285333333333334 0.19858500000000004
4 0.09716666666666667 0.794125 0.19433333333333333 0.15175
4 0.4599766666666667 0.789395 0.09944999999999997 0.1550875000000001
0 0.63067 0.9127975 0.02371333333333329 0.047375
0 0.9912399999999999 0.7402424999999999 0.017520000000000133 0.015112499999999954
1 0.9554233333333333 0.7690549999999999 0.06434000000000015 0.03199749999999994
4 0.8572366666666666 0.8056725 0.14546666666666655 0.12755750000000013
0 0.8510766666666667 0.926935 0.019490000000000084 0.016837500000000092
0 0.8787866666666667 0.8668224999999999 0.05942000000000007 0.04604250000000002
5 0.8789266666666667 0.8717849999999999 0.14254666666666677 0.13955500000000007
4 0.9535566666666667 0.82723 0.09288666666666662 0.10417499999999995
4 0.8815 0.968875 0.03833333333333333 0.06225
5 0.9253766666666667 0.963715 0.054033333333333454 0.07256999999999994
0 0.9147266666666666 0.9797025 0.015596666666666655 0.012992500000000063
0 0.9478666666666666 0.9198 0.015200000000000121 0.011657500000000027
2 0.9593333333333334 0.981875 0.04133333333333333 0.03625