1 0.578 0.170625 0.08266666666666667 0.09275
2 0.19466666666666665 0.087875 0.104 0.06525
1 0.7513333333333333 0.0215 0.07166666666666667 0.043
0 0.895 0.862625 0.04933333333333333 0.02525
0 0.3461666666666667 0.098625 0.07966666666666666 0.05
1 0.9403333333333334 0.0185 0.07333333333333333 0.037
2 0.4435 0.209125 0.07233333333333333 0.10475
2 0.5811666666666667 0.03525 0.09066666666666667 0.0705
0 0.9276666666666666 0.170875 0.08433333333333333 0.0735
0 0.808 0.649 0.059333333333333335 0.037
0 0.8168333333333333 0.513375 0.09066666666666667 0.03675
0 0.2728333333333333 0.40475 0.05 0.03575
0 0.7198333333333333 0.72 0.056666666666666664 0.03475
0 0.11983333333333333 0.2845 0.04066666666666666 0.0395
0 0.12166666666666667 0.396625 0.05566666666666667 0.0555
0 0.574 0.41125 0.051333333333333335 0.025
2 0.49966666666666665 0.463 0.05566666666666667 0.044
1 0.3426666666666667 0.56925 0.04733333333333333 0.042
0 0.495 0.5745 0.05533333333333333 0.03625
0 0.4886666666666667 0.76125 0.052333333333333336 0.04475
1 0.739 0.16975 0.08833333333333333 0.0595
1 0.8285 0.36275 0.058666666666666666 0.067
0 0.8998333333333334 0.723125 0.04533333333333334 0.027
0 0.804 0.790875 0.03833333333333333 0.02775
0 0.9846666666666667 0.7975 0.030666666666666665 0.03
0 0.9821666666666666 0.654375 0.035666666666666666 0.047