1 0.2871666666666667 0.19595249999999997 0.051 0.039407500000000026
1 0.12783333333333333 0.308 0.05266666666666667 0.039
1 0.52047 0.26365750000000004 0.06742666666666673 0.04156749999999999
1 0.6203633333333333 0.24825 0.04088333333333336 0.03760749999999999
0 0.5063000000000001 0.7789725 0.0438766666666667 0.034102499999999966
1 0.3998333333333333 0.389385 0.048 0.03647749999999996
1 0.07306666666666667 0.44858 0.04771333333333333 0.02369500000000005
4 0.17017 0.7689925 0.06967999999999999 0.05300999999999999
0 0.38566666666666666 0.9335 0.033 0.02525
1 0.57394 0.17802500000000002 0.03987999999999996 0.027952499999999988
1 0.28447666666666666 0.5128524999999999 0.0688633333333333 0.04375
1 0.5419266666666667 0.3156925 0.036 0.02725
1 0.23998000000000003 0.260595 0.16937000000000002 0.0966875
1 0.18042666666666665 0.355 0.02666666666666667 0.0255
2 0.2145 0.64125 0.04933333333333333 0.05975
1 0.12125333333333332 0.47781999999999997 0.02868999999999998 0.025924999999999955
1 0.16616666666666666 0.68006 0.03866666666666667 0.026407500000000028
0 0.74795 0.8844474999999999 0.040696666666666714 0.023737499999999953
0 0.5245366666666667 0.559495 0.04036333333333338 0.020795000000000074
0 0.15966666666666668 0.97825 0.036 0.0235
4 0.3984666666666667 0.7070225 0.04260333333333331 0.033097500000000085
0 0.1128 0.60715 0.02525999999999999 0.013295000000000072
0 0.37466666666666665 0.326375 0.026 0.0175
1 0.23259999999999997 0.5519625 0.028529999999999972 0.020482500000000074
0 0.6592333333333333 0.38613 0.023210000000000036 0.024432500000000003
2 0.5247866666666666 0.1457825 0.04248666666666668 0.02413499999999999
1 0.29044000000000003 0.5815724999999999 0.12336999999999997 0.09
0 0.7791566666666666 0.930145 0.024316666666666605 0.01928749999999991
2 0.2075 0.961625 0.033 0.024
2 0.3887733333333333 0.1576675 0.04733666666666659 0.034952499999999984
2 0.51822 0.98675 0.05733333333333333 0.0265
0 0.2756266666666667 0.43184500000000003 0.023119999999999967 0.015309999999999945
4 0.028136666666666664 0.499135 0.05627333333333333 0.092
0 0.5493333333333333 0.9315 0.024666666666666667 0.01775
2 0.13933333333333334 0.867875 0.04466666666666667 0.028
1 0.40001 0.43025 0.04101999999999998 0.02825
2 0.3373333333333333 0.20525 0.048 0.023
1 0.461 0.387875 0.048666666666666664 0.052
0 0.7231666666666666 0.974125 0.017 0.01475
1 0.45148333333333335 0.12442 0.04755000000000003 0.03539000000000001
1 0.5875 0.464125 0.04833333333333333 0.03175
4 0.6783333333333333 0.8292125 0.11103666666666663 0.08328250000000002
2 0.44765 0.272625 0.062 0.02925
0 0.21237666666666666 0.14703 0.07633333333333334 0.0385
4 0.48768 0.2095 0.0723433333333334 0.05784500000000003
0 0.31171333333333334 0.3595 0.030096666666666654 0.022
2 0.60116 0.52964 0.029333333333333333 0.019
0 0.21016666666666667 0.8025 0.027666666666666666 0.02125
2 0.10904333333333333 0.24708000000000002 0.08317 0.07053249999999997
4 0.47158 0.54761 0.06804333333333337 0.09410999999999996
0 0.2768333333333333 0.890625 0.034 0.02
1 0.5822366666666666 0.6896749999999999 0.04629333333333337 0.03728749999999991
2 0.8351933333333333 0.8013475 0.032123333333333295 0.025755000000000108
0 0.5891666666666666 0.31489999999999996 0.024666666666666667 0.011952499999999986
2 0.48013000000000006 0.4398475 0.023086666666666738 0.022649999999999976
1 0.11104333333333333 0.6834325 0.03266666666666666 0.021
0 0.48501 0.7365 0.06 0.035
0 0.4543333333333333 0.6037875 0.023870000000000044 0.017
2 0.34393 0.686375 0.04733333333333333 0.05875
2 0.6656966666666667 0.67055 0.056636666666666696 0.0325
0 0.012333333333333333 0.558 0.024666666666666667 0.014
2 0.09168666666666667 0.17089 0.08954 0.06822000000000003
2 0.16433333333333333 0.5255 0.05466666666666667 0.05025
0 0.8263900000000001 0.84813 0.01684333333333325 0.013089999999999918
4 0.8026966666666667 0.7220575 0.08470333333333323 0.0931875
1 0.7645366666666668 0.6386124999999999 0.02785666666666657 0.023079999999999927
2 0.7018966666666667 0.56692 0.05578333333333338 0.06516750000000002
2 0.6992033333333334 0.5270549999999999 0.02016333333333326 0.017835000000000035
0 0.70638 0.5120975 0.013969999999999951 0.010962500000000035
0 0.7756533333333333 0.5166124999999999 0.01416333333333326 0.028992500000000008
0 0.66949 0.474555 0.030339999999999995 0.026610000000000012
2 0.7447600000000001 0.452295 0.0265 0.019889999999999988
1 0.7426 0.41959500000000005 0.026979999999999865 0.022182500000000004
0 0.7315133333333333 0.3742 0.014210000000000037 0.015279999999999972
4 0.68304 0.2536175 0.09267999999999998 0.06810000000000002
0 0.5733433333333333 0.2550625 0.07801999999999998 0.09917499999999999
0 0.4476866666666666 0.17248 0.04520333333333337 0.024517499999999984
0 0.43773333333333336 0.20385 0.03440333333333335 0.03183499999999998
0 0.4601766666666667 0.29719249999999997 0.03006333333333335 0.02815250000000003
2 0.5121033333333334 0.39628250000000004 0.030563333333333352 0.017342499999999973
0 0.4391833333333333 0.45115750000000004 0.024723333333333358 0.02124249999999995
5 0.5215633333333334 0.403065 0.20091666666666666 0.15701750000000003
0 0.5136933333333333 0.542215 0.018083333333333333 0.011694999999999936
1 0.6262666666666666 0.6315175000000001 0.032989999999999936 0.02207249999999999
0 0.6759633333333335 0.581915 0.02034666666666673 0.014950000000000045
4 0.6708766666666667 0.61498 0.044243333333333267 0.029974999999999908
2 0.7047133333333333 0.651145 0.018216666666666544 0.02564499999999998
0 0.70909 0.67368 0.0165633333333332 0.013930000000000064
0 0.66374 0.6990824999999999 0.03210000000000006 0.0247349999999999
0 0.6094233333333333 0.74773 0.02466333333333326 0.015029999999999972
0 0.6779166666666666 0.790825 0.027083333333333334 0.0168900000000001
0 0.3835133333333333 0.764045 0.02755000000000003 0.024680000000000063
0 0.33163999999999993 0.75347 0.02548666666666664 0.01350999999999999
0 0.4549866666666667 0.6792125 0.020363333333333383 0.018722500000000083
0 0.33541666666666664 0.6376525000000001 0.02130000000000003 0.016529999999999972
1 0.30349 0.6415625 0.04423000000000002 0.031660000000000084
5 0.5054066666666667 0.6920675 0.41110666666666673 0.24560249999999997
0 0.7146566666666666 0.8733525 0.02280666666666669 0.01775
0 0.6931499999999999 0.8772625000000001 0.023243333333333265 0.0180775000000001
0 0.5858733333333332 0.8332675 0.061933333333333396 0.03439499999999998
0 0.10259333333333333 0.9830975 0.03475 0.025092499999999972
2 0.11061666666666667 0.8427175 0.04500666666666666 0.032875
2 0.01696 0.8909275 0.03392 0.023355000000000018
0 0.11020333333333333 0.720855 0.03673333333333335 0.028670000000000074
0 0.061926666666666665 0.6812474999999999 0.02423999999999999 0.02453500000000008
0 0.21762333333333334 0.5298875000000001 0.04835999999999997 0.029237499999999954
0 0.37185999999999997 0.5325925 0.01925 0.009994999999999891
2 0.23845666666666668 0.4886025 0.07125 0.046587499999999976
2 0.05869 0.5572849999999999 0.04929999999999999 0.021085000000000038
0 0.021276666666666666 0.5994700000000001 0.042550000000000004 0.0182349999999999
1 0.35194333333333333 0.45891000000000004 0.13035333333333332 0.12258000000000004
4 0.15495333333333333 0.3860425 0.22720999999999997 0.11427750000000003
5 0.024166666666666666 0.40975 0.04833333333333333 0.1155
1 0.01919 0.2757425 0.03020666666666667 0.024877500000000056
0 0.055273333333333334 0.2361625 0.035390000000000005 0.03891750000000002
0 0.19485666666666668 0.2350775 0.03509666666666666 0.041547500000000015
0 0.13396666666666665 0.1593075 0.04290333333333335 0.019160000000000024
1 0.12718000000000002 0.2009675 0.02845666666666667 0.02860250000000002
0 0.22053333333333333 0.10141750000000001 0.031173333333333327 0.0196225
4 0.32477666666666666 0.113965 0.16279999999999994 0.06079750000000001
2 0.3995633333333333 0.25926499999999997 0.06775 0.06515250000000003