1 0.44716666666666666 0.2155 0.052333333333333336 0.0375
1 0.8716666666666667 0.143875 0.050333333333333334 0.0355
1 0.828 0.19225 0.052 0.0405
0 0.12533333333333332 0.38825 0.043666666666666666 0.04175
1 0.0655 0.258125 0.044 0.03475
0 0.6033333333333334 0.187 0.05266666666666667 0.0305
1 0.8181666666666667 0.2625 0.059 0.04475
2 0.502 0.349125 0.04733333333333333 0.038
1 0.12216666666666667 0.1255 0.074 0.03575
1 0.4535 0.139625 0.049666666666666665 0.04375
1 0.6616666666666666 0.22975 0.044333333333333336 0.046
1 0.25266666666666665 0.9115 0.03766666666666667 0.02025
1 0.9701666666666666 0.391125 0.033666666666666664 0.03325
1 0.9203333333333333 0.1845 0.06533333333333333 0.0355
1 0.9216666666666666 0.350375 0.06166666666666667 0.04425
0 0.6278333333333334 0.7695 0.02266666666666667 0.013
2 0.7676666666666667 0.144625 0.06933333333333333 0.044
1 0.07433333333333333 0.34425 0.047 0.0325
1 0.23416666666666666 0.390875 0.04566666666666667 0.04
1 0.12 0.302625 0.05433333333333333 0.041
0 0.39466666666666667 0.262875 0.04733333333333333 0.02875
1 0.7523333333333333 0.79275 0.034 0.015
2 0.7128333333333333 0.183625 0.06433333333333334 0.049
1 0.5576666666666666 0.2205 0.04466666666666667 0.02975
1 0.2895 0.182 0.05266666666666667 0.0335
1 0.7455 0.52775 0.04833333333333333 0.02775
2 0.179 0.26275 0.036333333333333336 0.03475
1 0.6598333333333334 0.053875 0.11233333333333333 0.06575
1 0.764 0.308875 0.042333333333333334 0.034
0 0.575 0.792875 0.030333333333333334 0.0145
2 0.4523333333333333 0.451 0.056 0.0415
1 0.9271666666666667 0.665 0.03933333333333333 0.029
0 0.5386666666666666 0.767875 0.021 0.01
1 0.8686666666666667 0.30525 0.04466666666666667 0.04575
1 0.7096666666666667 0.267625 0.050666666666666665 0.0375
1 0.9058333333333334 0.491125 0.051666666666666666 0.03525
1 0.6338333333333334 0.72825 0.041 0.02375
1 0.5036666666666667 0.181 0.038 0.03425
1 0.44733333333333336 0.89075 0.029666666666666668 0.01775
2 0.7645 0.22775 0.039 0.0345
0 0.1365 0.8965 0.037 0.01875
2 0.19 0.568125 0.056666666666666664 0.04225
1 0.9685 0.31125 0.049 0.03
0 0.6743333333333333 0.30525 0.07866666666666666 0.0385
2 0.6843333333333333 0.890875 0.030666666666666665 0.01775
2 0.20233333333333334 0.857625 0.025333333333333333 0.0185
1 0.3925 0.174875 0.038 0.0485
0 0.7108333333333333 0.767 0.044333333333333336 0.01775
1 0.9633333333333334 0.446625 0.068 0.04425
1 0.2705 0.818625 0.041 0.02275
0 0.23583333333333334 0.219625 0.06233333333333333 0.0225
1 0.8081666666666667 0.87225 0.034666666666666665 0.016
0 0.763 0.385375 0.05533333333333333 0.03475
1 0.9185 0.268125 0.058333333333333334 0.0325
0 0.7111666666666666 0.34225 0.059333333333333335 0.04375
2 0.8731666666666666 0.228 0.03933333333333333 0.0325
1 0.3421666666666667 0.048625 0.04533333333333334 0.0505
1 0.8551666666666666 0.05675 0.171 0.0555
2 0.53 0.8915 0.031 0.016
1 0.4036666666666667 0.70075 0.043 0.01875
1 0.23683333333333334 0.447875 0.042333333333333334 0.02625
0 0.12433333333333334 0.219875 0.060333333333333336 0.02675
0 0.5546666666666666 0.313375 0.035333333333333335 0.049
2 0.8623333333333333 0.452625 0.05 0.0405
2 0.17783333333333334 0.08275 0.07366666666666667 0.051
2 0.6426666666666667 0.9075 0.037 0.02425
1 0.6795 0.7025 0.03266666666666666 0.02875
1 0.04633333333333333 0.59175 0.07066666666666667 0.0325
0 0.6571666666666667 0.386125 0.04633333333333333 0.03225
1 0.1785 0.17925 0.04633333333333333 0.0405
0 0.3576666666666667 0.770125 0.03233333333333333 0.016
2 0.6693333333333333 0.141375 0.063 0.03375
2 0.035166666666666666 0.449625 0.06633333333333333 0.02875
2 0.2985 0.563875 0.049666666666666665 0.03325
1 0.2663333333333333 0.731125 0.033 0.02625
2 0.6253333333333333 0.815375 0.04633333333333333 0.019
0 0.7901666666666667 0.81225 0.02033333333333333 0.0125
1 0.019833333333333335 0.0375 0.03966666666666667 0.04075
2 0.30366666666666664 0.694125 0.053 0.02825
1 0.7708333333333334 0.699875 0.042 0.02375
1 0.2853333333333333 0.3435 0.04666666666666667 0.0345
1 0.6715 0.7925 0.03166666666666667 0.02
0 0.345 0.223 0.050666666666666665 0.02475
0 0.402 0.7905 0.034333333333333334 0.0155
1 0.17266666666666666 0.34475 0.095 0.0545
1 0.23816666666666667 0.30525 0.03966666666666667 0.03225
1 0.4008333333333333 0.491875 0.051666666666666666 0.036
0 0.09616666666666666 0.559625 0.03933333333333333 0.03125
2 0.0215 0.3835 0.043 0.05925
1 0.3556666666666667 0.730875 0.051333333333333335 0.023
1 0.49016666666666664 0.835 0.030666666666666665 0.02125
3 0.24183333333333334 0.141375 0.06 0.05675
2 0.4081666666666667 0.835625 0.024333333333333332 0.01825
1 0.22666666666666666 0.7935 0.035 0.018
1 0.3353333333333333 0.306625 0.042333333333333334 0.0415
4 0.2688333333333333 0.774 0.049666666666666665 0.0295
1 0.8665 0.393125 0.04566666666666667 0.038
0 0.36233333333333334 0.81525 0.03833333333333333 0.0225
1 0.12016666666666667 0.694125 0.056 0.03025
0 0.8568333333333333 0.852125 0.017666666666666667 0.01325
1 0.574 0.835625 0.035 0.02225
1 0.24616666666666667 0.525375 0.03833333333333333 0.03225
1 0.042166666666666665 0.5215 0.038 0.0345
1 0.09883333333333333 0.62725 0.055 0.036
1 0.3415 0.13225 0.06366666666666666 0.03525
0 0.29283333333333333 0.48425 0.048 0.02875
1 0.21133333333333335 0.700875 0.039 0.02925
2 0.6135 0.855125 0.03233333333333333 0.0205
0 0.444 0.306625 0.04033333333333333 0.0305
1 0.8348333333333333 0.66875 0.049 0.036
0 0.4498333333333333 0.926125 0.033 0.01925
2 0.089 0.484125 0.05633333333333333 0.03775
1 0.18833333333333332 0.487875 0.050666666666666665 0.028
1 0.3486666666666667 0.59725 0.04133333333333333 0.031
4 0.888 0.564875 0.06766666666666667 0.04825
1 0.34833333333333333 0.523875 0.054 0.03025
0 0.06733333333333333 0.172625 0.043 0.03975
1 0.36916666666666664 0.89175 0.036 0.01975
2 0.28883333333333333 0.264875 0.04533333333333334 0.04025
1 0.611 0.352375 0.051333333333333335 0.027
1 0.8163333333333334 0.727125 0.044 0.0275
1 0.0985 0.81675 0.04033333333333333 0.025
1 0.3428333333333333 0.385125 0.041666666666666664 0.02725
1 0.7536666666666667 0.594 0.072 0.04
2 0.44333333333333336 0.389625 0.06166666666666667 0.04125
0 0.019166666666666665 0.128375 0.03833333333333333 0.038
0 0.4483333333333333 0.813625 0.029666666666666668 0.013
1 0.7385 0.832875 0.041666666666666664 0.01775
1 0.2525 0.5965 0.038 0.0295
1 0.5943333333333334 0.569 0.04066666666666666 0.04375
1 0.44783333333333336 0.732125 0.04833333333333333 0.028
2 0.28733333333333333 0.858625 0.043666666666666666 0.02225
1 0.7528333333333334 0.4545 0.06066666666666667 0.03275
1 0.452 0.66375 0.05633333333333333 0.0335
2 0.49433333333333335 0.7945 0.032 0.022
1 0.7913333333333333 0.56625 0.050333333333333334 0.0345
1 0.5943333333333334 0.633375 0.042333333333333334 0.03575
2 0.4995 0.563625 0.042666666666666665 0.03025
1 0.8156666666666667 0.352375 0.067 0.0265
2 0.7958333333333333 0.48975 0.043 0.047
1 0.6021666666666666 0.923375 0.020666666666666667 0.015
1 0.5011666666666666 0.25525 0.069 0.04775
1 0.5608333333333333 0.137375 0.053 0.05325
1 0.6358333333333334 0.665375 0.04033333333333333 0.0255
1 0.8446666666666667 0.79175 0.04 0.02425
1 0.8055 0.769125 0.039 0.017
1 0.5411666666666667 0.3845 0.064 0.04625
1 0.7515 0.925 0.03666666666666667 0.02775
1 0.22083333333333333 0.03425 0.18533333333333332 0.055
1 0.4465 0.0505 0.08933333333333333 0.057
1 0.12883333333333333 0.448 0.06 0.04125
2 0.14366666666666666 0.523875 0.05 0.03675
1 0.3396666666666667 0.445625 0.04066666666666666 0.02875
4 0.428 0.527375 0.10033333333333333 0.0635
1 0.549 0.452625 0.07233333333333333 0.0385
1 0.5431666666666667 0.525875 0.049666666666666665 0.02825
2 0.6516666666666666 0.52875 0.03766666666666667 0.0285
1 0.6458333333333334 0.44775 0.06166666666666667 0.03825
1 0.8461666666666666 0.5285 0.04766666666666667 0.02875
1 0.6918333333333333 0.568125 0.03833333333333333 0.028
1 0.44683333333333336 0.59125 0.071 0.04125
1 0.4 0.56675 0.035666666666666666 0.0315
2 0.20016666666666666 0.63 0.051 0.03625
2 0.34983333333333333 0.66125 0.07133333333333333 0.04925
1 0.5343333333333333 0.667 0.063 0.0405
1 0.5836666666666667 0.6955 0.035 0.04025
0 0.5445 0.59575 0.043333333333333335 0.02925
3 0.6891666666666667 0.623 0.05433333333333333 0.05125
1 0.7341666666666666 0.663625 0.05466666666666667 0.023
0 0.8806666666666667 0.633125 0.034333333333333334 0.01725
4 0.9035 0.72525 0.115 0.08525
2 0.15066666666666667 0.74575 0.07133333333333333 0.02475