4 0.16094 0.143315 0.15993333333333334 0.12392000000000002
4 0.9004966666666666 0.3463725 0.12168999999999991 0.09851250000000004
2 0.34833333333333333 0.365875 0.046 0.021
1 0.38859666666666665 0.32053250000000005 0.029929999999999988 0.019802500000000008
1 0.022166666666666668 0.12136 0.044333333333333336 0.030974999999999996
0 0.6748433333333332 0.26942 0.0727933333333333 0.02377999999999997
1 0.15805333333333335 0.279915 0.029556666666666655 0.019502500000000055
1 0.27416666666666667 0.370375 0.04066666666666666 0.029
4 0.9702833333333333 0.8259624999999999 0.03038000000000011 0.02224499999999989
1 0.82456 0.3297875 0.03830666666666669 0.028590000000000032
1 0.16089 0.2497475 0.05189333333333332 0.02525
1 0.2895 0.278 0.041 0.03025
1 0.9262600000000001 0.2039275 0.0696266666666667 0.03650749999999999
4 0.23311 0.31216000000000005 0.07668333333333331 0.05483749999999998
4 0.5637266666666667 0.2675575 0.060933333333333395 0.03170000000000002
1 0.3114766666666666 0.396065 0.04022333333333336 0.04278250000000003
0 0.04192666666666667 0.580485 0.04550666666666668 0.02259999999999991
4 0.47356000000000004 0.2846975 0.06909666666666665 0.05166999999999996
1 0.09082 0.616 0.041103333333333346 0.02611999999999989
1 0.5895433333333334 0.32592000000000004 0.039 0.026
4 0.4618333333333333 0.558375 0.09433333333333334 0.06625
0 0.724 0.323375 0.05433333333333333 0.037
4 0.5431933333333333 0.36263249999999997 0.1042133333333333 0.07730499999999994
1 0.19073666666666667 0.4704375 0.08857000000000001 0.06641250000000003
0 0.9549466666666667 0.41928 0.08791666666666667 0.04739499999999998
0 0.9206233333333333 0.43387 0.054756666666666814 0.036192499999999996
0 0.9375399999999999 0.43722000000000005 0.026796666666666774 0.019952499999999988
0 0.8404766666666666 0.457155 0.01682333333333342 0.010725000000000023
0 0.8087866666666667 0.42203500000000005 0.06173333333333327 0.018952499999999987
5 0.7997 0.43746749999999995 0.1310499999999999 0.06312000000000001
1 0.7143833333333334 0.4544875 0.06625999999999999 0.0466875
5 0.7004633333333333 0.38379250000000004 0.07146000000000004 0.04937750000000005
0 0.7109033333333333 0.38019 0.014740000000000085 0.016654999999999972
0 0.6983666666666667 0.373075 0.011966666666666546 0.012622499999999946
0 0.6817766666666667 0.38070499999999996 0.022843333333333323 0.01699000000000001
5 0.9654766666666666 0.5355875 0.06904666666666677 0.11314750000000004
0 0.9662966666666666 0.4928725 0.06674000000000009 0.022167500000000017
4 0.9743733333333333 0.5123925 0.03650999999999992 0.02205250000000001
0 0.83425 0.5483049999999999 0.022640000000000025 0.012924999999999954
4 0.8598233333333333 0.5723925000000001 0.15527333333333324 0.06732500000000005
4 0.9003166666666667 0.6067325 0.06354999999999988 0.028894999999999983
5 0.9346099999999999 0.6182300000000001 0.10257666666666652 0.051887500000000045
2 0.8286566666666666 0.62664 0.029946666666666715 0.021792500000000017
0 0.7850633333333333 0.6305850000000001 0.015833333333333335 0.010585000000000037
4 0.8803333333333333 0.656325 0.040076666666666524 0.030512500000000047
4 0.84391 0.6590425 0.062 0.03802500000000009
5 0.7699233333333333 0.6753574999999999 0.07954666666666678 0.057365000000000006
2 0.7710133333333333 0.6833775000000001 0.033030000000000045 0.0208599999999999
0 0.76174 0.6953875 0.014006666666666813 0.00875500000000011
5 0.66525 0.6023825 0.2901700000000001 0.1569475
0 0.7010733333333332 0.5601675 0.017496666666666594 0.009467499999999972
0 0.6137833333333333 0.5791124999999999 0.018983333333333272 0.01594749999999999
0 0.6630133333333333 0.580595 0.012469999999999952 0.0074000000000000905
0 0.7173833333333334 0.5898225 0.012796666666666776 0.010150000000000091
1 0.7819666666666667 0.5600974999999999 0.01810000000000006 0.0177025000000001
0 0.7054699999999999 0.6050225 0.012890000000000025 0.010184999999999946
4 0.70838 0.612155 0.041039999999999965 0.024102499999999964
4 0.5934033333333334 0.61773 0.07277333333333338 0.06456999999999993
0 0.6374433333333334 0.6380625 0.08380000000000003 0.05079250000000002
0 0.6795533333333335 0.635435 0.015400000000000014 0.010289999999999964
0 0.6944666666666667 0.6371625000000001 0.013960000000000037 0.007115000000000009
0 0.6863466666666667 0.644505 0.012983333333333272 0.006097500000000082
0 0.9723533333333333 0.7731075 0.013570000000000013 0.009287499999999909
0 0.98174 0.69177 0.010846666666666654 0.0071424999999999276
1 0.5441066666666666 0.562535 0.018989999999999934 0.01249000000000001
1 0.6551 0.3020975 0.025923333333333326 0.014817499999999996
0 0.68208 0.28552249999999996 0.01469999999999997 0.013460000000000036
0 0.6823933333333334 0.33779000000000003 0.015783333333333302 0.01313250000000005
2 0.6731633333333333 0.25176750000000003 0.053046666666666624 0.018852500000000022
0 0.6290033333333334 0.2658875 0.04666333333333341 0.014190000000000055
1 0.5594066666666667 0.31671499999999997 0.025866666666666635 0.01584749999999997
4 0.6381733333333334 0.40782 0.08979333333333336 0.14836250000000006
4 0.5683633333333333 0.41032 0.042836666666666585 0.03263750000000005
2 0.5221733333333334 0.4202375 0.0443733333333333 0.018587499999999976
0 0.59176 0.4416375 0.02274333333333334 0.011315000000000054
0 0.6030166666666666 0.46592500000000003 0.04066333333333326 0.018537500000000023
0 0.5905233333333333 0.4896775 0.014760000000000066 0.006164999999999964
0 0.22094000000000003 0.2667475 0.06133999999999999 0.018147500000000035
0 0.24065 0.2788475 0.0617833333333333 0.014529999999999973
5 0.08178 0.29264999999999997 0.16356 0.12640499999999996
1 0.06824 0.295625 0.10288 0.05965999999999997
1 0.08084000000000001 0.3803225 0.07372333333333334 0.049682500000000004
4 0.1986433333333333 0.3898475 0.11661666666666669 0.09615750000000002
5 0.05044 0.48637749999999996 0.10088 0.15709499999999996
0 0.04787999999999999 0.4913275 0.023846666666666672 0.020012500000000044
2 0.10782666666666667 0.539895 0.04923666666666668 0.024142499999999928
0 0.012106666666666667 0.534255 0.024213333333333333 0.020019999999999982
4 0.029666666666666668 0.547875 0.059333333333333335 0.03275
0 0.07767 0.57592 0.03764333333333335 0.014194999999999937
0 0.13101666666666667 0.618015 0.019886666666666657 0.015285000000000082
4 0.1684 0.6422725 0.08952000000000002 0.06005749999999989
0 0.033216666666666665 0.8184 0.020336666666666663 0.012325000000000046
2 0.07391 0.8162875 0.046636666666666673 0.022414999999999963
2 0.08883999999999999 0.8780125000000001 0.023346666666666665 0.019247499999999945
2 0.17587 0.890085 0.06368333333333331 0.039210000000000036
0 0.22860666666666668 0.87741 0.01426333333333332 0.010519999999999982
4 0.27780333333333335 0.85394 0.07009333333333333 0.048410000000000085
2 0.23493 0.8141499999999999 0.053876666666666705 0.03945000000000005
5 0.41523000000000004 0.79835 0.06657999999999993 0.08264750000000004
0 0.4430033333333333 0.8278325 0.010140000000000024 0.009982500000000073
0 0.4354 0.832385 0.01119999999999997 0.00822499999999991
0 0.43871333333333334 0.837525 0.015153333333333345 0.007637500000000045
0 0.4758233333333333 0.8617525 0.016716666666666696 0.014307499999999891
0 0.40502 0.7407 0.01985666666666672 0.011559999999999945
5 0.19090000000000001 0.7121525000000001 0.19098 0.08084750000000009
0 0.15955666666666668 0.7051975 0.01372666666666665 0.010102499999999964
0 0.20382333333333333 0.7129725 0.017359999999999976 0.012029999999999973
0 0.20135333333333333 0.7182925 0.026356666666666646 0.011267499999999927
0 0.24053000000000002 0.7129099999999999 0.013896666666666686 0.008102499999999964
0 0.25930666666666663 0.7029624999999999 0.021626666666666627 0.01355749999999989
0 0.2742366666666667 0.6741425000000001 0.04075999999999999 0.026875
1 0.20369666666666666 0.7438425 0.02597666666666669 0.015167500000000018
2 0.26688 0.6162825000000001 0.030706666666666705 0.024470000000000026
0 0.277 0.57993 0.017109999999999976 0.011805000000000064
5 0.33247666666666664 0.59538 0.11133666666666667 0.055920000000000074
0 0.31255 0.57627 0.013916666666666667 0.01180250000000001
0 0.3389066666666667 0.591715 0.02024666666666663 0.015272500000000036
2 0.36114666666666667 0.5826725 0.015059999999999945 0.01928749999999991
2 0.40985666666666665 0.690145 0.028033333333333302 0.02009249999999997
0 0.34430000000000005 0.689735 0.023510000000000027 0.009442500000000109
4 0.36607 0.712445 0.07717999999999998 0.03722749999999996
4 0.4389766666666667 0.692005 0.03490333333333335 0.030934999999999945
2 0.4319666666666667 0.7099575 0.057059999999999944 0.0197025000000001
4 0.47792666666666667 0.6793325 0.05104666666666662 0.05645749999999998
0 0.45475333333333334 0.6140249999999999 0.015309999999999945 0.015355000000000018
0 0.46747000000000005 0.626845 0.014579999999999928 0.014652499999999917
4 0.25105666666666665 0.48987 0.06731333333333335 0.05415000000000003
2 0.38525333333333334 0.5141325000000001 0.05608000000000008 0.06378500000000002
4 0.5013000000000001 0.4452475 0.15085666666666672 0.10246000000000004
1 0.44032333333333334 0.35708 0.03753999999999996 0.02819749999999999