1 0.4206666666666667 0.69225 0.19833333333333333 0.128
1 0.24583333333333332 0.337375 0.06833333333333333 0.0305
1 0.8231666666666667 0.675 0.08433333333333333 0.06375
1 0.3541666666666667 0.3155 0.04033333333333333 0.0205
0 0.5211666666666667 0.471625 0.04733333333333333 0.0235
0 0.3968333333333333 0.350375 0.079 0.02525
1 0.38066666666666665 0.434875 0.07433333333333333 0.04875
1 0.5436666666666666 0.617375 0.082 0.05675
0 0.042166666666666665 0.8975 0.08266666666666667 0.041
1 0.33016666666666666 0.87725 0.24966666666666668 0.1765
2 0.5431733333333333 0.3356275 0.0686566666666666 0.029090000000000032
0 0.18704 0.2883175 0.1621333333333333 0.04623500000000001
1 0.7378933333333333 0.34716250000000004 0.12421333333333337 0.0850725
1 0.4728333333333333 0.568875 0.08166666666666667 0.05725
0 0.5860566666666667 0.44225749999999997 0.04180000000000003 0.020737499999999954
4 0.5446666666666666 0.736375 0.132 0.19175
0 0.19833333333333333 0.95825 0.138 0.082
2 0.04892666666666667 0.30577499999999996 0.09785 0.08319000000000006
0 0.039670000000000004 0.35042 0.07934000000000001 0.03540750000000003
0 0.25912 0.365765 0.06001999999999998 0.026827499999999987
0 0.4244966666666667 0.40208 0.06441000000000001 0.016922500000000014
0 0.3483733333333333 0.41306 0.06689666666666669 0.01603499999999997
0 0.29374 0.4345025 0.09207333333333334 0.03386749999999995
1 0.34135333333333334 0.49511249999999996 0.25115333333333334 0.08773999999999996
0 0.43390666666666666 0.45738999999999996 0.03945666666666663 0.014850000000000023
0 0.45253666666666664 0.470435 0.06147333333333336 0.027602499999999964
0 0.5611733333333333 0.4571775 0.09906666666666661 0.0668175
4 0.63068 0.444535 0.22539999999999993 0.1646925
5 0.08028 0.5771625 0.16056 0.20727999999999996
0 0.016783333333333334 0.5348075 0.03356666666666667 0.029667500000000017
0 0.10154333333333333 0.48645499999999997 0.04494333333333335 0.014072499999999991
0 0.03056333333333333 0.4991225 0.061123333333333335 0.024192499999999995
0 0.00689 0.5112 0.01378 0.008514999999999986
4 0.29705333333333334 0.6028025 0.24469333333333337 0.1685725
0 0.28767333333333334 0.7559750000000001 0.14533333333333334 0.06961500000000001
5 0.21283 0.88491 0.42566 0.2301775
0 0.66162 0.84024 0.03910999999999998 0.035817500000000106
0 0.7507699999999999 0.933395 0.20817000000000008 0.13321000000000002
0 0.7749466666666667 0.7940575 0.21802666666666665 0.2506299999999999
4 0.931 0.816125 0.13733333333333334 0.36775