1 0.25390625 0.246875 0.43125 0.340625
3 0.753125 0.29453125 0.1625 0.0796875
3 0.58203125 0.2953125 0.140625 0.084375
3 0.9203125 0.2953125 0.134375 0.084375
2 0.24921875 0.80546875 0.484375 0.1875
2 0.58828125 0.6578125 0.0828125 0.065625
2 0.67421875 0.5890625 0.059375 0.0765625
2 0.65 0.7390625 0.08125 0.0375
2 0.85 0.5984375 0.059375 0.078125
2 0.9234375 0.7859375 0.0765625 0.040625
2 0.5609375 0.7765625 0.08125 0.0359375
2 0.8453125 0.73984375 0.0796875 0.05
2 0.9078125 0.6703125 0.075 0.0609375
2 0.68359375 0.68046875 0.06875 0.071875
2 0.8734375 0.8828125 0.071875 0.0640625
2 0.634375 0.90703125 0.059375 0.08125
2 0.7671875 0.575 0.025 0.078125
2 0.8328125 0.80703125 0.075 0.0484375
2 0.75625 0.93828125 0.0328125 0.08125
2 0.66015625 0.80703125 0.071875 0.053125
2 0.7109375 0.8484375 0.0375 0.0796875
2 0.78203125 0.84765625 0.0375 0.08125
2 0.78359375 0.6640625 0.0515625 0.0796875
2 0.8234375 0.690625 0.059375 0.06875
2 0.7328125 0.65625 0.025 0.078125