5 0.196875 0.2375 0.1953125 0.459375
1 0.74921875 0.2296875 0.46875 0.240625
0 0.3515625 0.75703125 0.0640625 0.05
0 0.25078125 0.78984375 0.0671875 0.0421875
0 0.3953125 0.7109375 0.05 0.040625
0 0.12265625 0.67109375 0.05 0.028125
0 0.07578125 0.65625 0.0515625 0.0296875
0 0.11953125 0.70703125 0.0515625 0.034375
0 0.1640625 0.64375 0.04375 0.03125
0 0.03359375 0.69921875 0.046875 0.0390625
0 0.19140625 0.61171875 0.034375 0.021875
0 0.15859375 0.7515625 0.05625 0.05
0 0.36328125 0.6234375 0.046875 0.025
0 0.246875 0.60546875 0.03125 0.0234375
0 0.3234375 0.70703125 0.053125 0.040625
0 0.24765625 0.734375 0.05625 0.0484375
0 0.19921875 0.66953125 0.040625 0.028125
0 0.34765625 0.64921875 0.040625 0.0265625
0 0.18828125 0.70625 0.059375 0.0453125
0 0.26484375 0.65390625 0.05 0.0296875
0 0.3078125 0.6109375 0.040625 0.025
0 0.46640625 0.69609375 0.046875 0.0421875
0 0.43359375 0.80703125 0.08125 0.059375
0 0.4015625 0.675 0.046875 0.03125
0 0.03046875 0.7578125 0.059375 0.04375
0 0.25546875 0.68984375 0.0453125 0.0375
0 0.33515625 0.67109375 0.04375 0.03125
0 0.22421875 0.6296875 0.04375 0.0234375
0 0.10703125 0.8203125 0.078125 0.065625
0 0.1359375 0.628125 0.053125 0.0265625
0 0.4234375 0.6484375 0.0484375 0.0265625
0 0.4625 0.75 0.075 0.053125
0 0.23203125 0.8625 0.071875 0.071875
0 0.2828125 0.634375 0.040625 0.025
0 0.33515625 0.86328125 0.084375 0.084375
5 0.75 0.75390625 0.340625 0.29375