5 0.2515625 0.25 0.4484375 0.275
5 0.56484375 0.27734375 0.053125 0.096875
5 0.84140625 0.27890625 0.08125 0.178125
5 0.6 0.2609375 0.046875 0.096875
5 0.68125 0.271875 0.0609375 0.13125
5 0.734375 0.253125 0.0734375 0.1328125
5 0.915625 0.25234375 0.09375 0.18125
4 0.2625 0.7578125 0.3625 0.25625
3 0.79609375 0.73671875 0.08125 0.1015625
3 0.6140625 0.64921875 0.08125 0.0859375
3 0.7 0.75390625 0.0765625 0.0859375
3 0.74140625 0.86171875 0.0765625 0.090625
3 0.85625 0.86015625 0.0875 0.075
3 0.5953125 0.74921875 0.075 0.0890625
3 0.62421875 0.859375 0.084375 0.078125
3 0.73515625 0.65 0.08125 0.084375
3 0.86875 0.63984375 0.078125 0.1015625
3 0.89921875 0.759375 0.0875 0.0890625