4 0.25390625 0.33515625 0.1 0.08125
4 0.25234375 0.1953125 0.1875 0.11875
1 0.74921875 0.2671875 0.48125 0.2625
0 0.25625 0.76015625 0.075 0.0765625
0 0.43125 0.66328125 0.075 0.078125
0 0.32421875 0.565625 0.0765625 0.0734375
0 0.35234375 0.93359375 0.071875 0.075
0 0.44296875 0.81484375 0.06875 0.075
0 0.165625 0.9375 0.0765625 0.078125
0 0.0546875 0.80546875 0.078125 0.078125
0 0.1734375 0.56875 0.071875 0.075
0 0.075 0.6578125 0.078125 0.078125
3 0.83203125 0.7375 0.1421875 0.16875
3 0.66328125 0.740625 0.1453125 0.178125