0 0.06328125 0.315625 0.04375 0.034375
0 0.0953125 0.27265625 0.0375 0.025
0 0.1296875 0.328125 0.04375 0.03125
0 0.18515625 0.21484375 0.03125 0.021875
0 0.165625 0.24765625 0.0375 0.025
0 0.425 0.25625 0.0375 0.0265625
0 0.1125 0.23515625 0.034375 0.021875
0 0.334375 0.190625 0.03125 0.01875
0 0.23046875 0.2015625 0.03125 0.021875
0 0.28203125 0.1984375 0.03125 0.021875
0 0.15234375 0.28046875 0.0390625 0.028125
0 0.1390625 0.20625 0.03125 0.021875
0 0.33515625 0.21171875 0.03125 0.021875
0 0.27421875 0.22421875 0.0328125 0.021875
0 0.20703125 0.1859375 0.03125 0.0203125
0 0.27890625 0.1796875 0.03125 0.01875
0 0.23125 0.23125 0.034375 0.025
0 0.44921875 0.23671875 0.034375 0.025
0 0.36796875 0.23125 0.034375 0.025
0 0.39296875 0.2140625 0.03125 0.021875
5 0.696875 0.24296875 0.2609375 0.246875
5 0.78046875 0.22421875 0.315625 0.21875
5 0.25 0.75390625 0.390625 0.209375
2 0.83984375 0.640625 0.159375 0.128125
2 0.6859375 0.61484375 0.13125 0.15625
2 0.640625 0.7703125 0.13125 0.1515625
2 0.7546875 0.896875 0.159375 0.11875
2 0.8828125 0.79765625 0.153125 0.1625
2 0.73984375 0.75 0.11875 0.14375