5 0.37109375 0.2328125 0.228125 0.3875
5 0.13515625 0.2328125 0.2296875 0.3859375
5 0.2515625 0.3765625 0.459375 0.1375
1 0.90859375 0.24296875 0.1078125 0.090625
1 0.84296875 0.39921875 0.109375 0.0984375
1 0.5859375 0.22734375 0.0953125 0.09375
1 0.6640625 0.10390625 0.078125 0.1
1 0.8203125 0.08671875 0.084375 0.08125
1 0.67578125 0.390625 0.1125 0.09375
1 0.7484375 0.2375 0.0875 0.08125
4 0.3375 0.77421875 0.1125 0.23125
4 0.1859375 0.75 0.1765625 0.303125
2 0.734375 0.87109375 0.36875 0.2140625
2 0.7578125 0.621875 0.334375 0.196875