1 0.328125 0.2765625 0.06875 0.0984375
1 0.4265625 0.278125 0.096875 0.09375
1 0.065625 0.28046875 0.08125 0.121875
1 0.24296875 0.27890625 0.05625 0.09375
1 0.15546875 0.28046875 0.075 0.090625
0 0.65 0.4234375 0.0953125 0.09375
1 0.571875 0.31953125 0.11875 0.1203125
2 0.6 0.128125 0.1515625 0.153125
0 0.7515625 0.39609375 0.09375 0.09375
2 0.925 0.3140625 0.11875 0.11875
1 0.690625 0.2625 0.11875 0.11875
2 0.8140625 0.2625 0.115625 0.11875
1 0.90078125 0.12734375 0.15 0.15
1 0.75 0.08125 0.153125 0.15
0 0.8515625 0.43046875 0.0921875 0.09375
4 0.24921875 0.7515625 0.3703125 0.209375
1 0.56953125 0.7671875 0.11875 0.09375
1 0.79609375 0.81953125 0.125 0.1125
1 0.9328125 0.753125 0.1125 0.071875
1 0.56015625 0.67578125 0.084375 0.065625
1 0.740625 0.75 0.10625 0.075
1 0.8046875 0.6453125 0.078125 0.04375
1 0.6765625 0.6484375 0.08125 0.0484375
1 0.85234375 0.6859375 0.096875 0.059375
1 0.7046875 0.69375 0.0875 0.0625
1 0.93984375 0.6703125 0.078125 0.053125