5 0.253125 0.14375 0.275 0.05625
5 0.25390625 0.29453125 0.271875 0.14375
1 0.84609375 0.3125 0.10625 0.09375
1 0.675 0.31640625 0.1125 0.08125
1 0.58125 0.24921875 0.084375 0.06875
1 0.63125 0.175 0.078125 0.040625
1 0.75546875 0.14765625 0.09375 0.028125
1 0.928125 0.234375 0.0859375 0.05
1 0.86875 0.17109375 0.065625 0.025
2 0.2890625 0.8640625 0.1453125 0.171875
2 0.090625 0.7578125 0.153125 0.109375
2 0.4171875 0.7765625 0.1375 0.125
2 0.36953125 0.6109375 0.08125 0.11875
2 0.20546875 0.63125 0.159375 0.1578125
4 0.75390625 0.5796875 0.0875 0.0875
4 0.9296875 0.7078125 0.090625 0.0875
4 0.8671875 0.90390625 0.1 0.1
4 0.578125 0.7078125 0.09375 0.090625
4 0.64375 0.9 0.103125 0.103125
4 0.7515625 0.7609375 0.0625 0.0625