1 0.25 0.24921875 0.428125 0.228125
2 0.94375 0.153125 0.065625 0.078125
2 0.8265625 0.03125 0.0859375 0.0453125
2 0.59453125 0.40078125 0.071875 0.071875
2 0.56875 0.134375 0.065625 0.075
2 0.7421875 0.46953125 0.1 0.046875
2 0.7015625 0.21875 0.0609375 0.075
2 0.9671875 0.30234375 0.046875 0.096875
2 0.68515625 0.0359375 0.075 0.053125
2 0.8875 0.42421875 0.0828125 0.05625
2 0.76171875 0.30625 0.08125 0.059375
2 0.8171875 0.21171875 0.078125 0.071875
2 0.53359375 0.2734375 0.05 0.08125
2 0.3 0.83359375 0.28125 0.246875
2 0.19375 0.6671875 0.2765625 0.296875
5 0.75703125 0.765625 0.359375 0.15625