4 0.13125 0.24375 0.2 0.3
4 0.36328125 0.25390625 0.2078125 0.3
2 0.74296875 0.30078125 0.1984375 0.11875
2 0.821875 0.178125 0.11875 0.0625
2 0.69375 0.16875 0.10625 0.075
2 0.63203125 0.23125 0.128125 0.0875
2 0.8734375 0.24453125 0.128125 0.1109375
2 0.734375 0.2109375 0.1125 0.078125
5 0.25 0.7890625 0.471875 0.175
0 0.8671875 0.56171875 0.096875 0.065625
0 0.640625 0.55078125 0.06875 0.059375
0 0.9578125 0.66171875 0.053125 0.1015625
0 0.91640625 0.9015625 0.0796875 0.08125
0 0.571875 0.8828125 0.0671875 0.090625
0 0.76171875 0.52265625 0.103125 0.0375
0 0.55625 0.6375 0.059375 0.09375
0 0.7359375 0.59453125 0.0921875 0.05
0 0.721875 0.6890625 0.08125 0.08125
0 0.73203125 0.7875 0.0875 0.075
0 0.8375 0.6421875 0.065625 0.0625
0 0.80234375 0.9671875 0.103125 0.046875
0 0.97578125 0.79375 0.040625 0.0953125
0 0.6640625 0.8453125 0.0671875 0.0703125
0 0.840625 0.8296875 0.06875 0.0609375
0 0.80859375 0.740625 0.046875 0.1
0 0.890625 0.74140625 0.040625 0.09375
0 0.60859375 0.75 0.046875 0.0828125
0 0.653125 0.64765625 0.05625 0.075
0 0.7609375 0.884375 0.078125 0.0390625
0 0.67265625 0.9515625 0.08125 0.0625
0 0.52265625 0.75703125 0.034375 0.1