5 0.340625 0.1953125 0.2078125 0.3
3 0.83203125 0.2953125 0.1234375 0.05625
3 0.71640625 0.3203125 0.0796875 0.053125
3 0.684375 0.19921875 0.084375 0.0359375
3 0.8859375 0.1875 0.05625 0.0296875
3 0.81171875 0.196875 0.0609375 0.0375
3 0.68203125 0.23671875 0.05 0.034375
3 0.834375 0.1625 0.075 0.034375
3 0.68046875 0.16484375 0.071875 0.028125
3 0.61328125 0.190625 0.059375 0.034375
3 0.7484375 0.178125 0.0625 0.021875
3 0.65625 0.2796875 0.0875 0.046875
3 0.59453125 0.33125 0.090625 0.04375
3 0.55546875 0.27890625 0.071875 0.0453125
3 0.88359375 0.221875 0.075 0.03125
3 0.746875 0.26875 0.075 0.034375
3 0.74765625 0.221875 0.0890625 0.0515625
3 0.8203125 0.2453125 0.075 0.040625
3 0.9375 0.31171875 0.075 0.053125
3 0.915625 0.26015625 0.075 0.04375
3 0.60546875 0.2328125 0.0875 0.040625
0 0.25859375 0.55234375 0.0890625 0.059375
0 0.13125 0.60234375 0.078125 0.075
0 0.0765625 0.7015625 0.0625 0.078125
0 0.3734375 0.5921875 0.08125 0.0671875
0 0.4390625 0.68671875 0.0625 0.075
0 0.259375 0.9421875 0.06875 0.05
0 0.2296875 0.6359375 0.05625 0.040625
0 0.0828125 0.815625 0.0625 0.0765625
0 0.30546875 0.6390625 0.046875 0.040625
0 0.3765625 0.9015625 0.0796875 0.071875
0 0.44140625 0.8 0.0625 0.075
0 0.29921875 0.85625 0.05625 0.04375
0 0.13671875 0.9015625 0.0625 0.05625
0 0.16875 0.6984375 0.05625 0.0625
0 0.3609375 0.6875 0.04375 0.05625
0 0.2421875 0.7140625 0.046875 0.040625
0 0.2078125 0.85 0.05625 0.04375
0 0.29453125 0.71328125 0.046875 0.040625
0 0.3546875 0.81796875 0.0421875 0.0453125
0 0.3828125 0.75859375 0.028125 0.0375
0 0.22734375 0.7703125 0.03125 0.0375
0 0.15859375 0.77890625 0.0515625 0.06875
0 0.27109375 0.7921875 0.0375 0.028125
0 0.309375 0.76796875 0.03125 0.0359375
5 0.753125 0.7609375 0.278125 0.1375