5 0.25703125 0.38046875 0.209375 0.059375
5 0.25703125 0.209375 0.2125 0.2421875
2 0.6578125 0.3203125 0.209375 0.125
2 0.8671875 0.2828125 0.184375 0.1296875
2 0.734375 0.16875 0.1375 0.08125
2 0.61171875 0.22890625 0.13125 0.0921875
2 0.7359375 0.23046875 0.11875 0.103125
2 0.8703125 0.1984375 0.1609375 0.06875
4 0.1265625 0.8 0.221875 0.20625
4 0.3890625 0.7609375 0.184375 0.165625
4 0.23125 0.64296875 0.134375 0.103125
1 0.7984375 0.8328125 0.046875 0.0375
1 0.64609375 0.81328125 0.0421875 0.04375
1 0.71640625 0.8265625 0.04375 0.04375
1 0.609375 0.71171875 0.040625 0.028125
1 0.8453125 0.68828125 0.0328125 0.028125
1 0.75390625 0.671875 0.03125 0.028125
1 0.8546875 0.81796875 0.046875 0.04375
1 0.58984375 0.7921875 0.0390625 0.0375
1 0.903125 0.7890625 0.040625 0.0375
1 0.7 0.68125 0.034375 0.0265625
1 0.6546875 0.69375 0.040625 0.025
1 0.80078125 0.67734375 0.0375 0.0265625
1 0.58125 0.75078125 0.04375 0.034375
1 0.90859375 0.740625 0.040625 0.0375
1 0.8921875 0.709375 0.03125 0.0296875