1 0.13125 0.0984375 0.059375 0.059375
1 0.071875 0.19921875 0.053125 0.075
1 0.42578125 0.20390625 0.05 0.075
1 0.25390625 0.05546875 0.071875 0.04375
1 0.4265625 0.30625 0.046875 0.065625
1 0.365625 0.1078125 0.065625 0.0625
1 0.359375 0.3984375 0.0640625 0.05625
1 0.0734375 0.3046875 0.046875 0.065625
1 0.1359375 0.4015625 0.0625 0.0484375
1 0.2515625 0.43671875 0.06875 0.046875
5 0.74921875 0.2140625 0.475 0.2765625
2 0.2609375 0.74375 0.44375 0.440625
5 0.88359375 0.72578125 0.20625 0.146875
5 0.64375 0.759375 0.2703125 0.16875