0 0.4046875 0.21875 0.096875 0.06875
0 0.46328125 0.234375 0.0578125 0.0390625
0 0.3734375 0.33125 0.1 0.084375
0 0.340625 0.18828125 0.075 0.0609375
0 0.28046875 0.1703125 0.10625 0.071875
0 0.1609375 0.13828125 0.11875 0.096875
0 0.05078125 0.2453125 0.0796875 0.1109375
0 0.221875 0.27734375 0.109375 0.1046875
0 0.3125 0.3078125 0.075 0.071875
0 0.1703125 0.26171875 0.1125 0.109375
0 0.121875 0.24453125 0.121875 0.109375
0 0.20546875 0.14375 0.0875 0.065625
0 0.42421875 0.35 0.0609375 0.046875
0 0.2625 0.2953125 0.08125 0.084375
0 0.22109375 0.14921875 0.0546875 0.04375
4 0.71015625 0.27109375 0.26875 0.2375
4 0.12890625 0.6625 0.1609375 0.0921875
4 0.346875 0.6625 0.14375 0.0859375
4 0.24453125 0.73984375 0.1359375 0.1109375
4 0.390625 0.828125 0.165625 0.1109375
4 0.1 0.81875 0.1453125 0.1171875
4 0.825 0.58046875 0.1625 0.128125
4 0.653125 0.58203125 0.1625 0.1265625
4 0.56953125 0.70078125 0.121875 0.1125
4 0.6078125 0.78359375 0.128125 0.096875
4 0.92578125 0.7 0.1171875 0.103125
4 0.7484375 0.77578125 0.0875 0.096875
4 0.8953125 0.78671875 0.115625 0.0875
4 0.80546875 0.71015625 0.0625 0.0921875
4 0.68671875 0.70703125 0.08125 0.078125
4 0.7765625 0.871875 0.0375 0.0484375
4 0.90078125 0.871875 0.0359375 0.0484375
4 0.596875 0.87421875 0.034375 0.04375
4 0.840625 0.8734375 0.034375 0.046875
4 0.7140625 0.87421875 0.03125 0.04375
4 0.65546875 0.871875 0.034375 0.05
4 0.68046875 0.92890625 0.0203125 0.03125
4 0.59296875 0.92734375 0.021875 0.03125
4 0.72265625 0.9296875 0.0203125 0.028125
4 0.76171875 0.93046875 0.01875 0.028125
4 0.8359375 0.93046875 0.021875 0.0265625
4 0.79921875 0.9328125 0.015625 0.0203125
4 0.86953125 0.93203125 0.015625 0.0203125
4 0.90234375 0.93203125 0.015625 0.0203125
4 0.63515625 0.93203125 0.015625 0.021875
4 0.615625 0.9703125 0.01875 0.028125
4 0.6578125 0.971875 0.015625 0.0203125
4 0.85 0.97265625 0.015625 0.021875
4 0.740625 0.975 0.0109375 0.015625
4 0.81484375 0.975 0.0125 0.015625
4 0.78125 0.97421875 0.0109375 0.015625
4 0.70234375 0.975 0.0125 0.015625
4 0.88671875 0.975 0.0109375 0.015625