3 0.1921875 0.29765625 0.2875 0.146875
3 0.2671875 0.153125 0.21875 0.096875
3 0.0484375 0.15546875 0.0953125 0.096875
3 0.45625 0.2609375 0.084375 0.11875
3 0.46328125 0.12265625 0.071875 0.078125
2 0.5625 0.32578125 0.10625 0.071875
2 0.75390625 0.32265625 0.1 0.059375
2 0.928125 0.31328125 0.10625 0.059375
2 0.5859375 0.2875 0.090625 0.05625
2 0.7546875 0.2796875 0.08125 0.0546875
2 0.89296875 0.275 0.075 0.05625
2 0.8625 0.25 0.05625 0.046875
2 0.596875 0.26640625 0.0640625 0.040625
2 0.834375 0.23515625 0.05 0.034375
2 0.7203125 0.2359375 0.04375 0.040625
2 0.73203125 0.25625 0.065625 0.05
2 0.60859375 0.24140625 0.05 0.040625
4 0.1859375 0.753125 0.0796875 0.0625
4 0.3109375 0.83984375 0.078125 0.0625
4 0.30546875 0.7515625 0.078125 0.0640625
4 0.1921875 0.84140625 0.078125 0.0625
4 0.41328125 0.74921875 0.078125 0.0609375
4 0.3015625 0.6609375 0.078125 0.0671875
4 0.0796875 0.765625 0.078125 0.0625
4 0.18203125 0.66484375 0.078125 0.065625
5 0.72890625 0.77421875 0.403125 0.15
5 0.8578125 0.74296875 0.2078125 0.10625