0 0.1015625 0.35625 0.053125 0.0453125
0 0.121875 0.1765625 0.0375 0.021875
0 0.45234375 0.2359375 0.05625 0.034375
0 0.1609375 0.11328125 0.040625 0.0234375
0 0.215625 0.103125 0.046875 0.021875
0 0.1140625 0.1328125 0.028125 0.01875
0 0.1703125 0.20078125 0.040625 0.021875
0 0.096875 0.253125 0.034375 0.03125
0 0.0765625 0.165625 0.034375 0.03125
0 0.1640625 0.1546875 0.03125 0.01875
0 0.1421875 0.2390625 0.028125 0.0375
0 0.10625 0.20625 0.0234375 0.021875
0 0.22109375 0.13515625 0.03125 0.01875
0 0.2 0.23203125 0.028125 0.03125
0 0.26953125 0.09921875 0.03125 0.01875
0 0.20078125 0.17109375 0.0203125 0.021875
0 0.2375 0.190625 0.0390625 0.03125
0 0.2265625 0.3359375 0.040625 0.034375
0 0.26796875 0.13125 0.0375 0.0234375
0 0.425 0.340625 0.040625 0.028125
0 0.16875 0.2828125 0.0328125 0.03125
0 0.3359375 0.2484375 0.0390625 0.028125
0 0.22578125 0.290625 0.0375 0.034375
0 0.2375 0.24453125 0.053125 0.034375
0 0.27734375 0.21171875 0.034375 0.01875
0 0.246875 0.40234375 0.040625 0.0390625
0 0.04296875 0.25546875 0.03125 0.025
0 0.28125 0.25703125 0.03125 0.025
0 0.3859375 0.3734375 0.0390625 0.03125
0 0.29140625 0.3 0.028125 0.0234375
0 0.2921875 0.34921875 0.0453125 0.0359375
0 0.05390625 0.30078125 0.034375 0.034375
0 0.04921875 0.21484375 0.040625 0.03125
0 0.3640625 0.28515625 0.0484375 0.0328125
0 0.3203125 0.39765625 0.0453125 0.034375
0 0.1125 0.296875 0.0375 0.03125
0 0.43671875 0.1828125 0.040625 0.025
0 0.35078125 0.334375 0.0546875 0.028125
0 0.45625 0.3015625 0.04375 0.0328125
0 0.1703125 0.31875 0.046875 0.01875
0 0.2875 0.17265625 0.0453125 0.021875
0 0.18046875 0.38671875 0.075 0.034375
0 0.38203125 0.21953125 0.034375 0.028125
0 0.4125 0.26953125 0.025 0.025
0 0.3265625 0.20703125 0.04375 0.021875
2 0.74921875 0.25 0.459375 0.39375
1 0.3890625 0.778125 0.1921875 0.19375
1 0.134375 0.7953125 0.2375 0.165625
5 0.74765625 0.75078125 0.4671875 0.184375