5 0.25078125 0.2484375 0.284375 0.396875
1 0.55 0.27578125 0.084375 0.0625
1 0.6578125 0.271875 0.0875 0.0671875
1 0.7578125 0.2765625 0.0796875 0.05625
1 0.85625 0.271875 0.078125 0.059375
1 0.75234375 0.2171875 0.05625 0.040625
1 0.834375 0.21640625 0.06875 0.040625
1 0.590625 0.2171875 0.059375 0.0453125
1 0.95 0.2671875 0.08125 0.0625
1 0.67421875 0.2171875 0.0671875 0.0421875
1 0.91484375 0.21875 0.059375 0.04375
1 0.171875 0.7703125 0.3125 0.2078125
1 0.38046875 0.71484375 0.20625 0.18125
1 0.8484375 0.7984375 0.240625 0.21875
1 0.6390625 0.73828125 0.24375 0.190625
1 0.7734375 0.60625 0.253125 0.1203125