1 0.396875 0.321875 0.109375 0.134375
1 0.10703125 0.19375 0.103125 0.115625
1 0.25390625 0.0875 0.1375 0.0734375
1 0.175 0.375 0.184375 0.128125
1 0.415625 0.1703125 0.090625 0.09375
5 0.7125 0.31640625 0.1 0.128125
5 0.771875 0.1578125 0.0734375 0.0859375
5 0.846875 0.20390625 0.075 0.075
5 0.6859375 0.19375 0.084375 0.09375
5 0.81796875 0.3078125 0.0765625 0.1125
1 0.06875 0.71875 0.13125 0.09375
1 0.128125 0.803125 0.1140625 0.0625
1 0.19453125 0.7140625 0.103125 0.059375
1 0.19453125 0.6390625 0.1125 0.05625
1 0.16875 0.8890625 0.075 0.0484375
1 0.26484375 0.6796875 0.0953125 0.053125
1 0.21328125 0.8578125 0.06875 0.05
1 0.3109375 0.7171875 0.0625 0.040625
1 0.27265625 0.7453125 0.071875 0.0375
1 0.4078125 0.653125 0.0625 0.0359375
1 0.3140625 0.65859375 0.059375 0.03125
1 0.259375 0.828125 0.053125 0.0359375
1 0.228125 0.7734375 0.06875 0.028125
1 0.36171875 0.69375 0.05 0.034375
1 0.3109375 0.7875 0.053125 0.034375
1 0.42734375 0.69765625 0.046875 0.025
1 0.38515625 0.66796875 0.0453125 0.028125
1 0.3421875 0.7671875 0.05 0.0265625
1 0.365625 0.75 0.05 0.0265625
1 0.2953125 0.80234375 0.04375 0.034375
1 0.37890625 0.73515625 0.04375 0.0265625
1 0.3953125 0.72109375 0.04375 0.025
1 0.46796875 0.665625 0.0328125 0.0234375
1 0.4796875 0.65546875 0.034375 0.01875
1 0.409375 0.71015625 0.0375 0.0171875
1 0.45234375 0.67734375 0.040625 0.028125
1 0.43515625 0.6875 0.046875 0.025
0 0.61796875 0.678125 0.125 0.1375
0 0.6953125 0.56015625 0.15625 0.0828125
0 0.7828125 0.8515625 0.1578125 0.271875
0 0.8578125 0.65703125 0.16875 0.128125