0 0.36171875 0.44375 0.0625 0.046875
0 0.13046875 0.18984375 0.0515625 0.065625
0 0.1296875 0.421875 0.05625 0.05625
0 0.27109375 0.465625 0.05625 0.046875
0 0.20234375 0.11171875 0.0625 0.046875
0 0.3515625 0.36328125 0.053125 0.059375
0 0.2609375 0.3390625 0.071875 0.046875
0 0.284375 0.2421875 0.053125 0.05
0 0.1640625 0.371875 0.046875 0.0453125
0 0.19375 0.459375 0.05625 0.046875
0 0.2046875 0.16796875 0.053125 0.040625
0 0.40390625 0.28359375 0.040625 0.06875
0 0.2546875 0.3953125 0.0515625 0.040625
0 0.3984375 0.08359375 0.046875 0.05
0 0.11015625 0.08125 0.05 0.0453125
0 0.33515625 0.28125 0.0375 0.05
0 0.2875 0.1765625 0.05 0.05
0 0.36171875 0.140625 0.046875 0.046875
0 0.33359375 0.03828125 0.0625 0.034375
0 0.25234375 0.028125 0.05 0.0390625
0 0.075 0.36875 0.0375 0.053125
0 0.44765625 0.14140625 0.034375 0.059375
0 0.17421875 0.0421875 0.05 0.0375
0 0.028125 0.23125 0.04375 0.0640625
0 0.05625 0.146875 0.046875 0.0625
0 0.2875 0.1078125 0.04375 0.040625
0 0.39296875 0.203125 0.046875 0.05
0 0.24609375 0.2828125 0.0578125 0.0296875
0 0.20859375 0.23046875 0.0453125 0.0375
0 0.428125 0.39453125 0.04375 0.0515625
0 0.0421875 0.303125 0.0375 0.05
0 0.1078125 0.284375 0.028125 0.0625
0 0.18046875 0.29375 0.03125 0.053125
0 0.4765625 0.225 0.03125 0.05625
0 0.46875 0.31015625 0.04375 0.0703125
4 0.79921875 0.12734375 0.1171875 0.0640625
4 0.6890625 0.190625 0.128125 0.075
4 0.8078125 0.2546875 0.1234375 0.0875
4 0.59375 0.26953125 0.13125 0.08125
4 0.6859375 0.33828125 0.134375 0.0984375
4 0.91328125 0.17890625 0.11875 0.071875
5 0.23828125 0.771875 0.35 0.2296875
1 0.609375 0.7375 0.2125 0.271875
1 0.86953125 0.74453125 0.25625 0.2375