5 0.246875 0.23359375 0.290625 0.1203125
0 0.684375 0.33046875 0.15 0.109375
0 0.565625 0.22734375 0.0875 0.0796875
0 0.91875 0.1921875 0.0875 0.0546875
0 0.8703125 0.321875 0.1359375 0.096875
0 0.7578125 0.24921875 0.1078125 0.084375
0 0.9375 0.26796875 0.0875 0.090625
0 0.61640625 0.15625 0.0890625 0.05
0 0.715625 0.1203125 0.09375 0.034375
0 0.8296875 0.1421875 0.0859375 0.0453125
0 0.75390625 0.16796875 0.103125 0.053125
3 0.26328125 0.77421875 0.2 0.1453125
4 0.74921875 0.7546875 0.459375 0.4125