5 0.26015625 0.2546875 0.18125 0.103125
5 0.75 0.259375 0.4625 0.2796875
4 0.34140625 0.64296875 0.096875 0.0875
4 0.0953125 0.709375 0.08125 0.0734375
4 0.25078125 0.696875 0.084375 0.08125
4 0.18125 0.77421875 0.0984375 0.08125
4 0.39453125 0.721875 0.08125 0.06875
4 0.13828125 0.86640625 0.084375 0.0703125
4 0.24296875 0.86796875 0.08125 0.065625
4 0.30625 0.7875 0.09375 0.075
4 0.15390625 0.6375 0.109375 0.0859375
4 0.3421875 0.8734375 0.078125 0.065625
5 0.7625 0.75859375 0.259375 0.1515625