5 0.25 0.25390625 0.49375 0.3140625
4 0.5859375 0.10078125 0.078125 0.075
4 0.79765625 0.059375 0.0765625 0.071875
4 0.69296875 0.059375 0.065625 0.059375
4 0.9046875 0.0921875 0.0609375 0.0625
4 0.625 0.228125 0.08125 0.071875
4 0.546875 0.325 0.071875 0.08125
4 0.68515625 0.16171875 0.065625 0.065625
4 0.646875 0.31875 0.078125 0.0828125
4 0.8421875 0.4265625 0.075 0.078125
4 0.63984375 0.415625 0.08125 0.065625
4 0.9203125 0.375 0.065625 0.0703125
4 0.93828125 0.17109375 0.078125 0.0671875
4 0.75 0.353125 0.075 0.075
4 0.7421875 0.4546875 0.071875 0.05625
4 0.78359375 0.15078125 0.065625 0.0625
4 0.9703125 0.2625 0.05 0.05625
4 0.846875 0.18125 0.0625 0.040625
4 0.875 0.259375 0.05625 0.053125
4 0.8265625 0.321875 0.0625 0.053125
4 0.528125 0.2078125 0.046875 0.06875
1 0.39921875 0.75 0.1125 0.146875
1 0.25625 0.7578125 0.11875 0.13125
1 0.1078125 0.76796875 0.128125 0.1125
2 0.64375 0.8453125 0.090625 0.06875
2 0.853125 0.853125 0.096875 0.06875
2 0.66328125 0.746875 0.0375 0.028125
2 0.84609375 0.73828125 0.034375 0.03125
2 0.83203125 0.70625 0.028125 0.021875
2 0.575 0.703125 0.053125 0.0375
2 0.796875 0.68515625 0.04375 0.021875
2 0.73671875 0.678125 0.03125 0.015625
2 0.6953125 0.68671875 0.0328125 0.0203125
2 0.76328125 0.646875 0.0390625 0.015625
2 0.6640625 0.7125 0.034375 0.028125
2 0.840625 0.66015625 0.053125 0.0265625
2 0.6765625 0.65703125 0.0578125 0.028125
2 0.934375 0.70546875 0.040625 0.03125
2 0.540625 0.77890625 0.05625 0.05625
2 0.7953125 0.771875 0.040625 0.03125
2 0.95546875 0.77578125 0.0453125 0.05
2 0.71875 0.77734375 0.053125 0.025