1 0.2484375 0.25625 0.1421875 0.090625
1 0.4234375 0.2171875 0.125 0.08125
1 0.3578125 0.38046875 0.153125 0.121875
1 0.08125 0.3 0.1375 0.090625
1 0.19921875 0.13984375 0.11875 0.0765625
0 0.7484375 0.04296875 0.059375 0.0546875
0 0.6203125 0.08359375 0.0578125 0.05
0 0.875 0.0828125 0.05625 0.053125
0 0.55703125 0.18671875 0.0609375 0.05
0 0.621875 0.4125 0.0609375 0.053125
0 0.55703125 0.30546875 0.0609375 0.0578125
0 0.75078125 0.45625 0.059375 0.0515625
0 0.9421875 0.18515625 0.059375 0.053125
0 0.94609375 0.309375 0.059375 0.05
0 0.88671875 0.4046875 0.059375 0.05
1 0.25859375 0.7609375 0.403125 0.2421875
1 0.590625 0.715625 0.153125 0.0625
1 0.62578125 0.91484375 0.1875 0.1140625
1 0.76875 0.86015625 0.121875 0.078125
1 0.64296875 0.56796875 0.11875 0.046875
1 0.740625 0.6015625 0.0984375 0.04375
1 0.82578125 0.63828125 0.065625 0.03125
1 0.87421875 0.8265625 0.084375 0.05
1 0.721875 0.725 0.065625 0.0375
1 0.959375 0.79921875 0.059375 0.034375
1 0.9015625 0.6671875 0.05 0.028125
1 0.9625 0.73359375 0.046875 0.03125
1 0.8109375 0.7296875 0.04375 0.0296875
1 0.88515625 0.73046875 0.046875 0.028125