1 0.3921875 0.178125 0.2125 0.128125
1 0.14609375 0.24140625 0.2875 0.1921875
1 0.75625 0.253125 0.125 0.1453125
1 0.6421875 0.1296875 0.1421875 0.1421875
1 0.875 0.3625 0.14375 0.15
1 0.6578125 0.36875 0.153125 0.140625
1 0.865625 0.1296875 0.15 0.14375
5 0.24921875 0.74296875 0.3453125 0.1796875
2 0.765625 0.5765625 0.134375 0.0859375
2 0.5828125 0.6015625 0.153125 0.1296875
2 0.9234375 0.59453125 0.103125 0.109375
2 0.6 0.68828125 0.1125 0.1
2 0.71015625 0.7015625 0.1 0.0671875
2 0.88828125 0.68046875 0.084375 0.0859375
2 0.815625 0.70703125 0.075 0.065625
2 0.6140625 0.77578125 0.078125 0.075
2 0.75859375 0.7609375 0.084375 0.0609375
2 0.55625 0.84921875 0.053125 0.0578125
2 0.9 0.77890625 0.0640625 0.065625
2 0.57734375 0.9109375 0.0515625 0.04375
2 0.696875 0.790625 0.046875 0.0515625
2 0.73359375 0.84453125 0.0625 0.040625
2 0.7328125 0.89296875 0.059375 0.040625
2 0.6515625 0.890625 0.0546875 0.0328125
2 0.64921875 0.8328125 0.0546875 0.0328125
2 0.85078125 0.81015625 0.0390625 0.0265625
2 0.86875 0.90703125 0.0390625 0.034375
2 0.85546875 0.8546875 0.0375 0.03125
2 0.80234375 0.81015625 0.0375 0.028125
2 0.82421875 0.88515625 0.034375 0.0234375
2 0.89921875 0.840625 0.0375 0.028125
2 0.9796875 0.890625 0.028125 0.0390625
2 0.95078125 0.84609375 0.0375 0.0296875
2 0.825 0.92109375 0.028125 0.01875
2 0.81484375 0.8375 0.025 0.021875
2 0.896875 0.871875 0.021875 0.0234375
2 0.93515625 0.865625 0.025 0.0203125
2 0.7890625 0.871875 0.0234375 0.01875
2 0.91875 0.88984375 0.021875 0.021875
2 0.93359375 0.915625 0.01875 0.01875
2 0.909375 0.92578125 0.015625 0.01875
2 0.95390625 0.89453125 0.01875 0.0171875