1 0.11796875 0.0703125 0.078125 0.075
1 0.184375 0.20078125 0.0765625 0.103125
1 0.084375 0.3609375 0.08125 0.0953125
1 0.3984375 0.3921875 0.1 0.084375
1 0.03671875 0.2265625 0.065625 0.09375
1 0.3265625 0.234375 0.08125 0.0859375
1 0.45625 0.25703125 0.0828125 0.09375
1 0.2171875 0.4328125 0.1015625 0.090625
1 0.28671875 0.03984375 0.103125 0.053125
1 0.4015625 0.1 0.0875 0.0796875
5 0.88203125 0.12734375 0.059375 0.0953125
5 0.9453125 0.28515625 0.10625 0.1921875
5 0.94921875 0.08984375 0.0953125 0.028125
5 0.8796875 0.059375 0.0578125 0.0625
0 0.06171875 0.77890625 0.0890625 0.05
0 0.11640625 0.74453125 0.0765625 0.0390625
0 0.34296875 0.7140625 0.0703125 0.0375
0 0.153125 0.71640625 0.059375 0.0328125
0 0.37578125 0.73984375 0.075 0.04375
0 0.32734375 0.69765625 0.053125 0.028125
0 0.17578125 0.69765625 0.0515625 0.028125
0 0.31171875 0.68359375 0.0453125 0.025
0 0.42890625 0.78203125 0.0984375 0.05625
0 0.20625 0.684375 0.0375 0.025
5 0.734375 0.74921875 0.4265625 0.490625