5 0.25625 0.24140625 0.3625 0.26875
3 0.69921875 0.29609375 0.14375 0.0796875
3 0.85625 0.234375 0.184375 0.09375
3 0.721875 0.19375 0.115625 0.06875
3 0.6078125 0.24140625 0.11875 0.0625
0 0.1703125 0.8453125 0.0828125 0.0546875
0 0.28203125 0.8484375 0.0875 0.05625
0 0.0953125 0.8234375 0.0671875 0.0578125
0 0.3859375 0.8359375 0.065625 0.053125
0 0.1359375 0.7109375 0.046875 0.0296875
0 0.0796875 0.73984375 0.0484375 0.034375
0 0.20859375 0.69375 0.053125 0.0265625
0 0.0515625 0.78046875 0.046875 0.04375
0 0.4015625 0.73046875 0.0484375 0.0328125
0 0.3484375 0.70625 0.05 0.0265625
0 0.328125 0.7765625 0.0609375 0.04375
0 0.2796875 0.69453125 0.05 0.03125
0 0.25 0.78984375 0.071875 0.05
0 0.3359375 0.740625 0.0453125 0.0375
0 0.43359375 0.8015625 0.053125 0.053125
0 0.265625 0.7203125 0.05625 0.028125
0 0.1953125 0.72890625 0.05625 0.034375
0 0.4421875 0.76328125 0.0375 0.0375
0 0.1734375 0.7640625 0.053125 0.046875
0 0.25625 0.753125 0.0515625 0.0375
5 0.73984375 0.684375 0.21875 0.275
5 0.615625 0.7625 0.209375 0.20625
5 0.87109375 0.840625 0.2375 0.1265625
5 0.87265625 0.76015625 0.21875 0.20625
5 0.621875 0.8453125 0.2265625 0.115625