4 0.25390625 0.2578125 0.434375 0.259375
5 0.9046875 0.22890625 0.1625 0.06875
5 0.90546875 0.26484375 0.1625 0.040625
5 0.25078125 0.7640625 0.2296875 0.1828125
1 0.6921875 0.853125 0.10625 0.071875
1 0.859375 0.85 0.096875 0.0828125
1 0.56484375 0.69140625 0.084375 0.06875
1 0.5765625 0.79921875 0.0734375 0.0828125
1 0.66953125 0.61484375 0.0875 0.0609375
1 0.9421875 0.7796875 0.05625 0.071875
1 0.81875 0.60859375 0.08125 0.046875
1 0.7484375 0.6546875 0.06875 0.05
1 0.94609375 0.6796875 0.078125 0.06875
1 0.72578125 0.77890625 0.078125 0.059375
1 0.80546875 0.77578125 0.06875 0.059375
1 0.68125 0.6890625 0.0625 0.053125
1 0.8515625 0.7328125 0.040625 0.05625
1 0.81875 0.68203125 0.053125 0.046875
1 0.6671875 0.7421875 0.053125 0.059375