0 0.26015625 0.1640625 0.046875 0.0234375
0 0.32109375 0.17421875 0.0375 0.028125
0 0.38515625 0.18125 0.0359375 0.03125
0 0.259375 0.190625 0.0375 0.025
0 0.3109375 0.2015625 0.0375 0.03125
0 0.19765625 0.1765625 0.040625 0.028125
0 0.21171875 0.203125 0.034375 0.03125
0 0.36796875 0.20859375 0.03125 0.028125
0 0.15078125 0.2046875 0.0375 0.028125
0 0.3078125 0.140625 0.0375 0.0203125
0 0.165625 0.14921875 0.0296875 0.025
0 0.125 0.17109375 0.03125 0.0296875
0 0.25625 0.134375 0.0359375 0.01875
0 0.25859375 0.22734375 0.04375 0.0296875
0 0.209375 0.1390625 0.034375 0.021875
0 0.3515625 0.1578125 0.034375 0.021875
0 0.0921875 0.20234375 0.0296875 0.028125
0 0.33828125 0.24296875 0.03125 0.0390625
0 0.41640625 0.21328125 0.03125 0.0265625
0 0.3875 0.25234375 0.028125 0.0375
0 0.440625 0.25 0.034375 0.034375
0 0.16796875 0.2390625 0.03125 0.040625
0 0.11484375 0.24375 0.03125 0.034375
0 0.403125 0.29375 0.034375 0.0453125
0 0.059375 0.24296875 0.0296875 0.0453125
0 0.35859375 0.296875 0.0375 0.0421875
0 0.1453125 0.29375 0.034375 0.04375
0 0.4578125 0.2953125 0.034375 0.04375
0 0.0890625 0.29296875 0.03125 0.05
0 0.0359375 0.296875 0.03125 0.0375
5 0.77421875 0.27578125 0.2703125 0.246875
1 0.25 0.74921875 0.428125 0.228125
5 0.76328125 0.75078125 0.2109375 0.1875