4 0.2484375 0.24921875 0.275 0.2390625
0 0.90390625 0.13515625 0.16875 0.09375
0 0.61640625 0.153125 0.1875 0.178125
0 0.76171875 0.08359375 0.165625 0.159375
0 0.6171875 0.35078125 0.221875 0.140625
0 0.9078125 0.290625 0.153125 0.1546875
0 0.81640625 0.3953125 0.1359375 0.2
4 0.2046875 0.78203125 0.096875 0.046875
4 0.3453125 0.78046875 0.10625 0.0515625
4 0.0703125 0.79375 0.11875 0.034375
4 0.459375 0.7953125 0.06875 0.0359375
4 0.034375 0.82578125 0.06875 0.034375
4 0.2171875 0.82734375 0.06875 0.0265625
4 0.1125 0.828125 0.0546875 0.0296875
4 0.1375 0.8046875 0.078125 0.034375
4 0.27265625 0.7984375 0.059375 0.034375
4 0.0421875 0.8078125 0.075 0.034375
4 0.24765625 0.81171875 0.05 0.0234375
4 0.31171875 0.83515625 0.0375 0.021875
4 0.36796875 0.80078125 0.071875 0.034375
4 0.16796875 0.83515625 0.0375 0.01875
4 0.35546875 0.8375 0.0375 0.01875
4 0.4359375 0.815625 0.0484375 0.025
4 0.28046875 0.82421875 0.04375 0.021875
4 0.26796875 0.83984375 0.028125 0.01875
4 0.32578125 0.8171875 0.04375 0.021875
4 0.4203125 0.828125 0.028125 0.0140625
4 0.37578125 0.82421875 0.028125 0.0125
4 0.16484375 0.81796875 0.046875 0.021875
5 0.7515625 0.7484375 0.45 0.2015625