4 0.41875 0.325 0.1265625 0.103125
4 0.3109375 0.265625 0.128125 0.065625
4 0.15 0.29765625 0.109375 0.0703125
4 0.059375 0.253125 0.0921875 0.059375
4 0.4328125 0.2359375 0.1046875 0.05625
4 0.10703125 0.19296875 0.05 0.028125
4 0.29765625 0.17578125 0.075 0.0328125
4 0.39375 0.1890625 0.08125 0.0390625
4 0.10703125 0.2203125 0.053125 0.028125
4 0.36328125 0.21171875 0.053125 0.028125
4 0.18671875 0.25234375 0.0484375 0.0390625
4 0.17578125 0.19609375 0.0609375 0.028125
4 0.20625 0.215625 0.05 0.0375
4 0.203125 0.1765625 0.046875 0.025
4 0.28515625 0.22265625 0.05 0.040625
4 0.24921875 0.1953125 0.046875 0.0234375
4 0.31484375 0.2484375 0.08125 0.0296875
4 0.3015625 0.20234375 0.04375 0.01875
0 0.90546875 0.2796875 0.096875 0.096875
0 0.77109375 0.27578125 0.140625 0.0953125
0 0.60625 0.28046875 0.1390625 0.0953125
3 0.16328125 0.6734375 0.128125 0.125
3 0.33046875 0.684375 0.11875 0.121875
3 0.18203125 0.8234375 0.109375 0.10625
3 0.32578125 0.8296875 0.1125 0.115625
2 0.69375 0.82890625 0.146875 0.165625
2 0.74296875 0.65859375 0.14375 0.13125
2 0.8921875 0.69453125 0.1296875 0.121875
2 0.6 0.68359375 0.140625 0.13125
2 0.86015625 0.825 0.084375 0.090625
2 0.77578125 0.78125 0.04375 0.084375