5 0.24609375 0.2625 0.459375 0.371875
5 0.74765625 0.28125 0.2125 0.196875
1 0.27421875 0.7671875 0.046875 0.0359375
1 0.3203125 0.7890625 0.046875 0.03125
1 0.3578125 0.7671875 0.04375 0.03125
1 0.05546875 0.79375 0.046875 0.028125
1 0.10234375 0.76875 0.05 0.03125
1 0.13828125 0.79296875 0.0453125 0.0328125
1 0.19296875 0.76875 0.046875 0.03125
1 0.22109375 0.78828125 0.05 0.034375
1 0.41875 0.7875 0.053125 0.0421875
1 0.44453125 0.76640625 0.04375 0.0265625
0 0.81015625 0.56171875 0.0625 0.040625
0 0.7734375 0.61171875 0.09375 0.040625
0 0.596875 0.57421875 0.04375 0.0375
0 0.7640625 0.65390625 0.0875 0.0390625
0 0.865625 0.6109375 0.05 0.0390625
0 0.853125 0.52890625 0.0359375 0.0265625
0 0.740625 0.55625 0.059375 0.034375
0 0.86484375 0.67578125 0.0625 0.0734375
0 0.8984375 0.55703125 0.034375 0.028125
0 0.8046875 0.86484375 0.0921875 0.05625
0 0.7171875 0.51328125 0.053125 0.021875
0 0.78125 0.5109375 0.0515625 0.0203125
0 0.6515625 0.53671875 0.034375 0.028125
0 0.9421875 0.6046875 0.0328125 0.0359375
0 0.66328125 0.59140625 0.05625 0.040625
0 0.6703125 0.63125 0.071875 0.0625
0 0.7046875 0.88125 0.0875 0.046875
0 0.88359375 0.77890625 0.040625 0.09375
0 0.69140625 0.8125 0.0765625 0.06875
0 0.609375 0.93984375 0.040625 0.0390625
0 0.6625 0.9125 0.065625 0.040625
0 0.6703125 0.9765625 0.046875 0.028125
0 0.9 0.93203125 0.04375 0.0375
0 0.61328125 0.7046875 0.0421875 0.0875
0 0.67890625 0.6859375 0.053125 0.053125
0 0.75390625 0.76953125 0.078125 0.046875
0 0.55703125 0.6296875 0.025 0.040625
0 0.81875 0.92265625 0.065625 0.040625
0 0.7609375 0.8359375 0.0578125 0.03125
0 0.93671875 0.790625 0.0328125 0.078125
0 0.628125 0.80859375 0.046875 0.0921875
0 0.95078125 0.8796875 0.0359375 0.040625
0 0.57578125 0.67890625 0.040625 0.06875
0 0.56015625 0.89375 0.021875 0.0484375
0 0.60078125 0.85390625 0.05625 0.05
0 0.7046875 0.7140625 0.046875 0.0671875
0 0.73515625 0.98359375 0.040625 0.025
0 0.74609375 0.93984375 0.0625 0.025
0 0.84609375 0.96640625 0.04375 0.021875
0 0.928125 0.6859375 0.040625 0.059375
0 0.8875 0.87265625 0.05 0.053125
0 0.97265625 0.6640625 0.028125 0.0421875
0 0.8234375 0.7078125 0.04375 0.059375
0 0.98203125 0.8140625 0.028125 0.046875
0 0.64453125 0.75 0.0359375 0.0625
0 0.571875 0.7796875 0.03125 0.0625
0 0.51875 0.69375 0.015625 0.040625
0 0.5125 0.76796875 0.01875 0.0484375
0 0.5296875 0.840625 0.025 0.040625
0 0.79296875 0.98359375 0.034375 0.0234375
0 0.81953125 0.8234375 0.053125 0.03125
0 0.73984375 0.8 0.0421875 0.025
0 0.79921875 0.725 0.028125 0.046875
0 0.75859375 0.6953125 0.046875 0.015625
0 0.69453125 0.78046875 0.03125 0.040625
0 0.740625 0.7265625 0.046875 0.021875
0 0.8421875 0.77421875 0.028125 0.0546875
0 0.80546875 0.7859375 0.028125 0.040625
0 0.990625 0.73359375 0.015625 0.053125