0 0.3421875 0.25 0.05625 0.065625
0 0.434375 0.19609375 0.0578125 0.071875
0 0.1296875 0.1984375 0.053125 0.0625
0 0.2390625 0.4390625 0.075 0.0390625
0 0.12109375 0.38828125 0.0609375 0.05625
0 0.3578125 0.40078125 0.059375 0.0453125
0 0.26953125 0.29453125 0.0578125 0.05625
0 0.14375 0.29765625 0.0625 0.0796875
0 0.36796875 0.29296875 0.040625 0.053125
0 0.20546875 0.2921875 0.059375 0.046875
0 0.3484375 0.184375 0.059375 0.0375
0 0.42109375 0.30859375 0.034375 0.075
0 0.18515625 0.2203125 0.0484375 0.05
0 0.23046875 0.36953125 0.040625 0.0375
0 0.11171875 0.12109375 0.065625 0.0671875
0 0.27734375 0.12734375 0.078125 0.046875
0 0.0546875 0.20390625 0.040625 0.05
0 0.3125 0.359375 0.040625 0.0328125
0 0.38125 0.11640625 0.0484375 0.04375
0 0.190625 0.134375 0.053125 0.046875
0 0.2921875 0.22578125 0.0375 0.0328125
0 0.3015625 0.06015625 0.0671875 0.040625
0 0.19375 0.05390625 0.065625 0.040625
0 0.23984375 0.21796875 0.0375 0.090625
0 0.046875 0.2953125 0.0359375 0.059375
5 0.7265625 0.246875 0.31875 0.175
4 0.40625 0.60859375 0.065625 0.06875
4 0.2171875 0.64140625 0.0703125 0.059375
4 0.21875 0.53359375 0.059375 0.0625
4 0.3125 0.5484375 0.0609375 0.0625
4 0.13203125 0.7140625 0.0609375 0.06875
4 0.05625 0.63515625 0.059375 0.053125
4 0.21484375 0.95390625 0.065625 0.0625
4 0.328125 0.6578125 0.065625 0.06875
4 0.46328125 0.7125 0.0625 0.065625
4 0.246875 0.75703125 0.0703125 0.0625
4 0.16953125 0.8296875 0.06875 0.075
4 0.05546875 0.8453125 0.0578125 0.065625
4 0.29765625 0.85 0.065625 0.065625
4 0.0328125 0.7453125 0.05625 0.071875
4 0.39609375 0.8953125 0.0578125 0.075
4 0.11796875 0.915625 0.0609375 0.0625
4 0.12578125 0.57109375 0.059375 0.0671875
4 0.30703125 0.9515625 0.0625 0.059375
4 0.37109375 0.7515625 0.059375 0.0640625
4 0.4453125 0.8171875 0.059375 0.065625
0 0.6796875 0.84765625 0.125 0.075
0 0.828125 0.8484375 0.109375 0.071875
0 0.56640625 0.78359375 0.084375 0.075
0 0.5796875 0.71015625 0.071875 0.0546875
0 0.94609375 0.784375 0.078125 0.075
0 0.925 0.7140625 0.06875 0.0484375
0 0.66171875 0.67265625 0.0734375 0.0390625
0 0.7546875 0.65390625 0.071875 0.03125
0 0.853125 0.67265625 0.0703125 0.0375