1 0.25 0.22734375 0.415625 0.359375
4 0.825 0.08046875 0.1625 0.128125
4 0.653125 0.08203125 0.1625 0.1265625
4 0.56953125 0.20078125 0.121875 0.1125
4 0.6078125 0.28359375 0.128125 0.096875
4 0.92578125 0.2 0.1171875 0.103125
4 0.7484375 0.27578125 0.0875 0.096875
4 0.8953125 0.28671875 0.115625 0.0875
4 0.80546875 0.21015625 0.0625 0.0921875
4 0.68671875 0.20703125 0.08125 0.078125
4 0.7765625 0.371875 0.0375 0.0484375
4 0.90078125 0.371875 0.0359375 0.0484375
4 0.596875 0.37421875 0.034375 0.04375
4 0.840625 0.3734375 0.034375 0.046875
4 0.7140625 0.37421875 0.03125 0.04375
4 0.65546875 0.371875 0.034375 0.05
4 0.68046875 0.42890625 0.0203125 0.03125
4 0.59296875 0.42734375 0.021875 0.03125
4 0.72265625 0.4296875 0.0203125 0.028125
4 0.76171875 0.43046875 0.01875 0.028125
4 0.8359375 0.43046875 0.021875 0.0265625
4 0.79921875 0.4328125 0.015625 0.0203125
4 0.86953125 0.43203125 0.015625 0.0203125
4 0.90234375 0.43203125 0.015625 0.0203125
4 0.63515625 0.43203125 0.015625 0.021875
4 0.615625 0.4703125 0.01875 0.028125
4 0.6578125 0.471875 0.015625 0.0203125
4 0.85 0.47265625 0.015625 0.021875
4 0.740625 0.475 0.0109375 0.015625
4 0.81484375 0.475 0.0125 0.015625
4 0.78125 0.47421875 0.0109375 0.015625
4 0.70234375 0.475 0.0125 0.015625
4 0.88671875 0.475 0.0109375 0.015625
1 0.24609375 0.740625 0.4 0.4484375
0 0.75 0.74921875 0.39375 0.2953125