4 0.33125 0.28828125 0.225 0.16875
4 0.09765625 0.3171875 0.1375 0.178125
4 0.28828125 0.13359375 0.10625 0.08125
5 0.9125 0.1453125 0.171875 0.109375
1 0.30078125 0.7953125 0.103125 0.0625
1 0.13359375 0.7640625 0.1 0.0421875
1 0.1953125 0.7953125 0.1125 0.0640625
1 0.0734375 0.7375 0.08125 0.046875
1 0.2875 0.721875 0.0875 0.04375
1 0.18203125 0.71484375 0.084375 0.040625
1 0.38203125 0.7375 0.090625 0.034375
1 0.43515625 0.69453125 0.0859375 0.0375
1 0.2484375 0.69296875 0.0734375 0.028125
1 0.3453125 0.68515625 0.075 0.034375
5 0.75390625 0.77890625 0.16875 0.153125