5 0.38359375 0.22578125 0.20625 0.146875
5 0.14375 0.259375 0.2703125 0.16875
2 0.89375 0.240625 0.178125 0.1796875
2 0.246875 0.753125 0.3859375 0.471875
2 0.5859375 0.80390625 0.165625 0.075
2 0.9078125 0.81015625 0.1609375 0.08125
2 0.60234375 0.75859375 0.134375 0.06875
2 0.8671875 0.7671875 0.121875 0.0703125
2 0.834375 0.74296875 0.0921875 0.0515625
2 0.6234375 0.73203125 0.090625 0.05625
2 0.64375 0.715625 0.0671875 0.0484375
2 0.66796875 0.68359375 0.065625 0.03125
2 0.66171875 0.70390625 0.0625 0.040625
2 0.67421875 0.69296875 0.05625 0.0296875
2 0.82890625 0.72265625 0.08125 0.040625
2 0.815625 0.70703125 0.059375 0.034375
2 0.79609375 0.6921875 0.0640625 0.03125
2 0.78671875 0.68125 0.059375 0.0328125