2 0.2140625 0.3796875 0.090625 0.071875
2 0.34609375 0.365625 0.0890625 0.0671875
2 0.17578125 0.1578125 0.053125 0.0328125
2 0.109375 0.35 0.084375 0.059375
2 0.10234375 0.18515625 0.05 0.0421875
2 0.25703125 0.14609375 0.0453125 0.0375
2 0.39453125 0.19453125 0.0515625 0.0515625
2 0.32578125 0.16015625 0.05 0.04375
2 0.05625 0.29375 0.053125 0.0625
2 0.42578125 0.3078125 0.065625 0.065625
2 0.440625 0.2484375 0.05 0.059375
2 0.0578125 0.22734375 0.04375 0.0515625
5 0.7578125 0.24921875 0.3625 0.265625
5 0.3140625 0.75 0.253125 0.209375
5 0.1953125 0.74140625 0.246875 0.203125
0 0.5671875 0.8515625 0.09375 0.078125
0 0.6453125 0.8296875 0.09375 0.071875
0 0.715625 0.809375 0.09375 0.05625
0 0.78046875 0.79609375 0.090625 0.053125
0 0.93984375 0.721875 0.078125 0.028125
0 0.8296875 0.6859375 0.0859375 0.03125
0 0.83125 0.7890625 0.0703125 0.0375
0 0.9578125 0.75234375 0.040625 0.034375
0 0.88046875 0.70703125 0.0875 0.03125
0 0.5765625 0.62734375 0.0625 0.0375
0 0.8921875 0.7734375 0.090625 0.0375
0 0.77890625 0.671875 0.075 0.034375
0 0.63515625 0.6375 0.0796875 0.03125
0 0.68125 0.64453125 0.0859375 0.03125
0 0.7234375 0.6578125 0.06875 0.03125