4 0.41953125 0.26484375 0.0859375 0.075
4 0.184375 0.25859375 0.096875 0.0921875
4 0.30546875 0.26796875 0.09375 0.1
4 0.34921875 0.15859375 0.053125 0.053125
4 0.0703125 0.2484375 0.075 0.0828125
4 0.28125 0.15546875 0.04375 0.0375
4 0.21796875 0.15546875 0.040625 0.040625
4 0.14921875 0.15390625 0.0578125 0.046875
0 0.628125 0.2359375 0.159375 0.109375
0 0.8875 0.234375 0.15625 0.10625
0 0.77421875 0.30078125 0.11875 0.0875
1 0.2921875 0.6734375 0.14375 0.06875
1 0.16484375 0.83125 0.1984375 0.146875
1 0.4390625 0.66875 0.1203125 0.078125
1 0.16171875 0.7 0.14375 0.075
1 0.08828125 0.75 0.175 0.0859375
4 0.7453125 0.753125 0.440625 0.4625