5 0.23671875 0.24609375 0.31875 0.303125
0 0.60078125 0.271875 0.14375 0.103125
0 0.8984375 0.28125 0.1109375 0.0890625
0 0.7609375 0.22421875 0.1296875 0.08125
5 0.25390625 0.65703125 0.2703125 0.028125
5 0.253125 0.79453125 0.2703125 0.14375
1 0.7328125 0.784375 0.109375 0.109375
1 0.575 0.859375 0.1375 0.134375
1 0.578125 0.70703125 0.0921875 0.0828125
1 0.70390625 0.684375 0.0796875 0.065625
1 0.809375 0.66640625 0.0796875 0.0625
1 0.584375 0.63828125 0.0703125 0.05625
1 0.93359375 0.684375 0.0875 0.0703125
1 0.85 0.73125 0.090625 0.08125
1 0.9578125 0.6140625 0.06875 0.046875
1 0.88203125 0.628125 0.08125 0.053125
1 0.79140625 0.62265625 0.0625 0.0421875
1 0.83984375 0.59453125 0.0625 0.046875
1 0.66953125 0.59296875 0.06875 0.04375
1 0.75234375 0.5953125 0.053125 0.040625
1 0.58515625 0.59453125 0.0609375 0.04375
1 0.68828125 0.6296875 0.0703125 0.0546875