1 0.0796875 0.2953125 0.084375 0.0484375
1 0.2015625 0.296875 0.078125 0.0515625
1 0.15 0.278125 0.059375 0.0421875
1 0.33671875 0.29453125 0.078125 0.05
1 0.2671875 0.27890625 0.065625 0.0421875
1 0.39140625 0.27890625 0.05 0.0375
1 0.41640625 0.265625 0.046875 0.034375
1 0.35390625 0.2609375 0.05 0.0234375
1 0.30546875 0.2640625 0.04375 0.0375
1 0.25546875 0.26171875 0.0375 0.028125
1 0.21328125 0.2671875 0.0546875 0.0296875
1 0.6140625 0.084375 0.15625 0.1375
1 0.8921875 0.084375 0.15625 0.1375
1 0.753125 0.24765625 0.15625 0.146875
1 0.62109375 0.40859375 0.1359375 0.1359375
1 0.8953125 0.4140625 0.1375 0.1375
0 0.36484375 0.77265625 0.18125 0.0625
0 0.1359375 0.77109375 0.184375 0.065625
5 0.74921875 0.7296875 0.4953125 0.4296875