5 0.25078125 0.24765625 0.375 0.26875
5 0.721875 0.2546875 0.2390625 0.153125
1 0.23671875 0.55390625 0.175 0.0921875
1 0.09453125 0.66875 0.140625 0.13125
1 0.4109375 0.66171875 0.153125 0.140625
1 0.07109375 0.8046875 0.096875 0.103125
1 0.4265625 0.8015625 0.0890625 0.10625
1 0.2515625 0.6765625 0.078125 0.053125
1 0.33359375 0.73125 0.071875 0.071875
1 0.17265625 0.73515625 0.078125 0.071875
1 0.253125 0.75625 0.05625 0.034375
1 0.17890625 0.80703125 0.05625 0.053125
1 0.25625 0.8046875 0.0625 0.034375
1 0.25625 0.86171875 0.0640625 0.034375
1 0.13046875 0.865625 0.040625 0.0265625
1 0.334375 0.80859375 0.0609375 0.0453125
1 0.37578125 0.86171875 0.0421875 0.0265625
1 0.18984375 0.8671875 0.040625 0.025
1 0.1390625 0.92109375 0.040625 0.0234375
1 0.3203125 0.8625 0.0421875 0.028125
1 0.35 0.9125 0.0453125 0.0296875
1 0.27578125 0.91875 0.04375 0.03125
1 0.153125 0.9609375 0.0328125 0.021875
1 0.20234375 0.9609375 0.0328125 0.01875
1 0.09921875 0.96171875 0.03125 0.021875
1 0.2625 0.96015625 0.034375 0.01875
1 0.31484375 0.959375 0.0296875 0.01875
1 0.3625 0.96171875 0.03125 0.021875
1 0.40859375 0.96015625 0.03125 0.01875
1 0.215625 0.9171875 0.046875 0.0265625
4 0.95703125 0.69609375 0.071875 0.06875
4 0.5421875 0.815625 0.071875 0.059375
4 0.85625 0.68125 0.065625 0.059375
4 0.6125 0.75 0.084375 0.0625
4 0.69453125 0.70625 0.071875 0.05625
4 0.771875 0.68203125 0.0625 0.053125