2 0.24609375 0.2515625 0.315625 0.2546875
5 0.8046875 0.278125 0.2875 0.215625
5 0.721875 0.2359375 0.21875 0.228125
5 0.2765625 0.76171875 0.2828125 0.209375
5 0.23515625 0.7390625 0.2171875 0.228125
0 0.92734375 0.71953125 0.065625 0.046875
0 0.72734375 0.8765625 0.0921875 0.0375
0 0.95 0.7828125 0.040625 0.05
0 0.88515625 0.7859375 0.0453125 0.034375
0 0.8046875 0.8171875 0.05 0.0265625
0 0.54375 0.7765625 0.034375 0.0375
0 0.56484375 0.7234375 0.04375 0.0328125
0 0.621875 0.678125 0.071875 0.0375
0 0.59921875 0.83515625 0.06875 0.0453125
0 0.87890625 0.67890625 0.05 0.028125
0 0.86328125 0.8546875 0.071875 0.040625
0 0.7078125 0.82265625 0.0515625 0.03125
0 0.853125 0.75703125 0.0625 0.0421875
0 0.69921875 0.7703125 0.06875 0.0375
0 0.7703125 0.78046875 0.06875 0.0375
0 0.6984375 0.6921875 0.053125 0.0265625
0 0.80625 0.65390625 0.0640625 0.021875
0 0.6265625 0.77265625 0.065625 0.05625
0 0.6515625 0.7265625 0.0609375 0.0359375
0 0.82109375 0.71796875 0.065625 0.0265625
0 0.7796875 0.684375 0.08125 0.0296875
0 0.6890625 0.74140625 0.053125 0.0328125
0 0.71171875 0.65078125 0.0640625 0.015625
0 0.79765625 0.73984375 0.0421875 0.021875
0 0.73984375 0.73046875 0.0375 0.05625