4 0.25 0.25546875 0.25625 0.2203125
5 0.75 0.25625 0.434375 0.221875
1 0.25078125 0.5734375 0.10625 0.090625
1 0.4 0.625 0.1 0.090625
1 0.09921875 0.62890625 0.09375 0.084375
1 0.19140625 0.690625 0.09375 0.0875
1 0.06796875 0.7953125 0.096875 0.096875
1 0.37421875 0.89921875 0.103125 0.1
1 0.21640625 0.825 0.090625 0.096875
1 0.3359375 0.746875 0.08125 0.084375
1 0.44140625 0.7828125 0.078125 0.0921875
1 0.1796875 0.921875 0.0875 0.0953125
5 0.75234375 0.81171875 0.4515625 0.1125
5 0.78203125 0.74765625 0.38125 0.053125