2 0.246875 0.228125 0.4078125 0.2859375
4 0.82734375 0.07578125 0.0828125 0.075
4 0.69453125 0.2765625 0.0921875 0.1
4 0.63359375 0.41640625 0.090625 0.084375
4 0.89140625 0.37265625 0.09375 0.0921875
4 0.76953125 0.4453125 0.084375 0.071875
4 0.92734375 0.16015625 0.075 0.078125
4 0.553125 0.30390625 0.0765625 0.0875
4 0.71875 0.0484375 0.078125 0.0625
4 0.603125 0.1 0.084375 0.078125
4 0.81484375 0.30703125 0.090625 0.084375
4 0.696875 0.15078125 0.084375 0.06875
4 0.953125 0.2609375 0.078125 0.09375
4 0.8140625 0.17890625 0.06875 0.06875
4 0.54609375 0.1828125 0.06875 0.08125
5 0.2765625 0.74140625 0.303125 0.215625
4 0.75078125 0.74140625 0.446875 0.240625