5 0.25234375 0.2546875 0.21875 0.190625
1 0.909375 0.1625 0.15 0.134375
1 0.5859375 0.184375 0.1421875 0.140625
1 0.72265625 0.25625 0.0875 0.13125
1 0.93046875 0.378125 0.075 0.125
1 0.8609375 0.36328125 0.078125 0.125
1 0.74609375 0.09765625 0.1625 0.103125
1 0.8 0.25390625 0.071875 0.11875
1 0.57734375 0.3921875 0.10625 0.1203125
1 0.6296875 0.3421875 0.090625 0.1125
1 0.128125 0.7703125 0.096875 0.04375
1 0.396875 0.76875 0.109375 0.046875
1 0.17890625 0.73671875 0.08125 0.028125
1 0.3546875 0.7453125 0.084375 0.028125
1 0.33125 0.72265625 0.0671875 0.021875
1 0.2078125 0.7203125 0.059375 0.021875
1 0.32109375 0.70625 0.05 0.0234375
1 0.309375 0.69609375 0.0453125 0.021875
1 0.24296875 0.70546875 0.05 0.025
1 0.259375 0.696875 0.0375 0.021875
0 0.75625 0.67734375 0.0625 0.040625
0 0.84296875 0.675 0.053125 0.03125
0 0.740625 0.5890625 0.040625 0.03125
0 0.84609375 0.74296875 0.0625 0.0296875
0 0.91640625 0.5921875 0.046875 0.028125
0 0.65625 0.58984375 0.046875 0.034375
0 0.659375 0.81484375 0.0703125 0.034375
0 0.5671875 0.67421875 0.053125 0.034375
0 0.65859375 0.6734375 0.075 0.0359375
0 0.65625 0.746875 0.0625 0.0390625
0 0.828125 0.590625 0.0625 0.03125
0 0.56015625 0.75078125 0.053125 0.0328125
0 0.753125 0.815625 0.0625 0.0375
0 0.56796875 0.81796875 0.06875 0.040625
0 0.93203125 0.67265625 0.05625 0.0296875
0 0.753125 0.74296875 0.0515625 0.0375
0 0.7578125 0.8953125 0.059375 0.0375
0 0.56640625 0.59609375 0.065625 0.034375
0 0.8484375 0.89609375 0.0546875 0.03125
0 0.6578125 0.896875 0.05 0.0328125
0 0.934375 0.7390625 0.053125 0.034375
0 0.84765625 0.809375 0.0578125 0.0375
0 0.9375 0.89140625 0.0703125 0.0421875
0 0.5578125 0.8953125 0.059375 0.034375
0 0.934375 0.81171875 0.0578125 0.0375