2 0.11171875 0.2234375 0.1875 0.3
2 0.375 0.2296875 0.21875 0.284375
5 0.74921875 0.2484375 0.14375 0.1234375
2 0.08828125 0.82578125 0.153125 0.0875
2 0.1578125 0.7828125 0.140625 0.0734375
2 0.33515625 0.67421875 0.0875 0.05
2 0.20859375 0.74765625 0.121875 0.065625
2 0.2609375 0.721875 0.115625 0.0609375
2 0.30078125 0.80234375 0.115625 0.0546875
2 0.4453125 0.69921875 0.084375 0.0421875
2 0.2984375 0.69375 0.1 0.05625
2 0.3328125 0.7765625 0.1109375 0.05625
2 0.3640625 0.75234375 0.096875 0.053125
2 0.39140625 0.73359375 0.090625 0.05
2 0.41484375 0.7140625 0.0828125 0.04375
2 0.7359375 0.64140625 0.353125 0.240625
2 0.76953125 0.8703125 0.3875 0.209375