5 0.2515625 0.2515625 0.2171875 0.115625
0 0.865625 0.4125 0.059375 0.059375
0 0.93984375 0.32578125 0.059375 0.05625
0 0.903125 0.10234375 0.0578125 0.0578125
0 0.75390625 0.45 0.0578125 0.059375
0 0.61875 0.07265625 0.059375 0.059375
0 0.8359375 0.184375 0.059375 0.0578125
0 0.6921875 0.32578125 0.0578125 0.05625
0 0.640625 0.24140625 0.0578125 0.05625
0 0.63671875 0.41484375 0.059375 0.059375
0 0.85 0.271875 0.059375 0.0578125
0 0.6765625 0.16328125 0.059375 0.0578125
0 0.9515625 0.2125 0.0578125 0.0578125
0 0.809375 0.040625 0.0578125 0.0578125
0 0.7125 0.0390625 0.0578125 0.059375
0 0.5625 0.33515625 0.059375 0.0578125
0 0.53984375 0.240625 0.059375 0.0578125
0 0.76953125 0.13203125 0.0578125 0.059375
0 0.75625 0.23515625 0.05625 0.0578125
0 0.56484375 0.1421875 0.059375 0.0578125
0 0.775 0.33046875 0.0578125 0.0578125
5 0.240625 0.75 0.4125 0.196875
1 0.63203125 0.72109375 0.2578125 0.140625
1 0.89453125 0.70390625 0.203125 0.109375