1 0.35546875 0.2328125 0.259375 0.26875
1 0.13671875 0.2265625 0.2453125 0.1421875
3 0.6796875 0.1921875 0.125 0.096875
3 0.74765625 0.29765625 0.13125 0.1
3 0.89140625 0.303125 0.115625 0.090625
3 0.815625 0.1953125 0.11875 0.09375
3 0.603125 0.30546875 0.103125 0.090625
1 0.1328125 0.62578125 0.065625 0.0765625
1 0.25 0.5828125 0.078125 0.0515625
1 0.3203125 0.7265625 0.0671875 0.096875
1 0.4140625 0.7375 0.05625 0.103125
1 0.24765625 0.89765625 0.0921875 0.075
1 0.128125 0.8421875 0.084375 0.0875
1 0.35859375 0.84375 0.09375 0.0875
1 0.353125 0.6296875 0.0796875 0.06875
1 0.246875 0.79765625 0.0875 0.0546875
1 0.0734375 0.7328125 0.0625 0.1
1 0.1734375 0.73046875 0.059375 0.075
1 0.24375 0.66484375 0.0703125 0.053125
3 0.6453125 0.74765625 0.175 0.171875
3 0.84453125 0.7375 0.18125 0.1734375