5 0.2515625 0.25625 0.484375 0.140625
1 0.5796875 0.2953125 0.084375 0.0484375
1 0.7015625 0.296875 0.078125 0.0515625
1 0.65 0.278125 0.059375 0.0421875
1 0.83671875 0.29453125 0.078125 0.05
1 0.7671875 0.27890625 0.065625 0.0421875
1 0.89140625 0.27890625 0.05 0.0375
1 0.91640625 0.265625 0.046875 0.034375
1 0.85390625 0.2609375 0.05 0.0234375
1 0.80546875 0.2640625 0.04375 0.0375
1 0.75546875 0.26171875 0.0375 0.028125
1 0.71328125 0.2671875 0.0546875 0.0296875
1 0.2625 0.74921875 0.41875 0.1390625
4 0.58515625 0.74921875 0.1203125 0.115625
4 0.90859375 0.7546875 0.121875 0.1171875
4 0.74765625 0.7546875 0.146875 0.128125