5 0.2515625 0.24765625 0.29375 0.278125
3 0.921875 0.3484375 0.090625 0.06875
3 0.628125 0.17109375 0.05625 0.040625
3 0.81015625 0.30546875 0.08125 0.065625
3 0.940625 0.259375 0.0625 0.05625
3 0.70234375 0.19609375 0.059375 0.0453125
3 0.78125 0.215625 0.06875 0.040625
3 0.72734375 0.2765625 0.06875 0.053125
3 0.5640625 0.2296875 0.065625 0.05
3 0.64375 0.2515625 0.06875 0.0546875
3 0.86015625 0.23828125 0.065625 0.046875
5 0.2984375 0.6984375 0.2171875 0.278125
5 0.74609375 0.74296875 0.41875 0.1625