4 0.25 0.2421875 0.475 0.15625
0 0.54921875 0.21171875 0.059375 0.046875
0 0.84140625 0.04453125 0.0453125 0.03125
0 0.7828125 0.07578125 0.046875 0.034375
0 0.63984375 0.16015625 0.05625 0.04375
0 0.60546875 0.2828125 0.059375 0.05
0 0.6875 0.2265625 0.0625 0.0484375
0 0.753125 0.17890625 0.053125 0.040625
0 0.65625 0.3390625 0.0546875 0.04375
0 0.70546875 0.396875 0.046875 0.040625
0 0.87890625 0.103125 0.040625 0.03125
0 0.95703125 0.2125 0.034375 0.03125
0 0.8203125 0.140625 0.04375 0.0328125
0 0.7953125 0.24140625 0.046875 0.0375
0 0.9171875 0.15625 0.0375 0.028125
0 0.77265625 0.43046875 0.0328125 0.0296875
0 0.7296875 0.28671875 0.04375 0.034375
0 0.846875 0.3765625 0.03125 0.028125
0 0.86015625 0.196875 0.040625 0.028125
0 0.7796875 0.3390625 0.0375 0.034375
0 0.83984375 0.2921875 0.0375 0.0328125
0 0.90625 0.33125 0.03125 0.0265625
0 0.903125 0.25078125 0.034375 0.03125
0 0.95859375 0.28515625 0.028125 0.025
0 0.7078125 0.115625 0.053125 0.0390625
4 0.2484375 0.75078125 0.3265625 0.21875
4 0.634375 0.7453125 0.2375 0.159375
4 0.8765625 0.746875 0.2125 0.19375