2 0.39375 0.1921875 0.1171875 0.08125
2 0.13125 0.1671875 0.109375 0.0921875
2 0.27109375 0.10234375 0.05625 0.11875
2 0.40703125 0.2734375 0.11875 0.053125
2 0.10078125 0.234375 0.121875 0.0515625
2 0.34296875 0.125 0.078125 0.1125
2 0.37890625 0.340625 0.103125 0.0984375
2 0.1109375 0.3078125 0.121875 0.0625
2 0.19375 0.11328125 0.075 0.11875
2 0.16328125 0.37421875 0.09375 0.1125
2 0.32109375 0.3875 0.059375 0.1125
2 0.246875 0.40625 0.0375 0.121875
5 0.68125 0.2359375 0.24375 0.2
5 0.83359375 0.25703125 0.253125 0.2125
5 0.25 0.75390625 0.390625 0.209375
2 0.86484375 0.78671875 0.140625 0.1140625
2 0.65703125 0.68046875 0.134375 0.078125
2 0.64140625 0.790625 0.1515625 0.109375
2 0.75390625 0.72890625 0.103125 0.1125
2 0.83359375 0.67734375 0.1125 0.071875