4 0.39296875 0.25546875 0.1 0.0875
4 0.33125 0.36875 0.09375 0.0703125
4 0.26953125 0.14609375 0.096875 0.096875
4 0.14921875 0.2609375 0.09375 0.090625
4 0.2125 0.36953125 0.08125 0.071875
4 0.2703125 0.26875 0.090625 0.071875
5 0.75390625 0.27734375 0.328125 0.25625
5 0.25390625 0.87109375 0.25625 0.128125
5 0.375 0.80703125 0.16875 0.246875
5 0.35546875 0.6359375 0.20625 0.196875
5 0.13203125 0.81015625 0.171875 0.240625
5 0.15 0.6359375 0.20625 0.196875
5 0.74296875 0.75390625 0.325 0.2109375