0 0.08046875 0.0875 0.059375 0.053125
0 0.1921875 0.05 0.0671875 0.05
0 0.3953125 0.0875 0.053125 0.05625
0 0.44921875 0.303125 0.059375 0.0640625
0 0.303125 0.0453125 0.05625 0.05
0 0.396875 0.409375 0.0515625 0.059375
0 0.1765625 0.15859375 0.05625 0.05
0 0.44765625 0.1890625 0.046875 0.05625
0 0.0453125 0.19453125 0.05 0.05625
0 0.25078125 0.24375 0.059375 0.059375
0 0.2765625 0.3546875 0.06875 0.046875
0 0.1765625 0.3375 0.0515625 0.05625
0 0.28984375 0.15078125 0.059375 0.0515625
0 0.04921875 0.29453125 0.05 0.0625
0 0.29921875 0.4609375 0.059375 0.053125
0 0.13984375 0.240625 0.046875 0.05625
0 0.1875 0.46015625 0.059375 0.053125
0 0.353125 0.209375 0.0484375 0.0625
0 0.0984375 0.396875 0.0484375 0.05625
0 0.34296875 0.290625 0.046875 0.059375
4 0.76875 0.3359375 0.140625 0.1109375
4 0.88515625 0.22578125 0.109375 0.0859375
4 0.75390625 0.15859375 0.11875 0.090625
4 0.6296875 0.24609375 0.13125 0.08125
2 0.25546875 0.784375 0.128125 0.0953125
2 0.41953125 0.740625 0.11875 0.071875
2 0.1546875 0.73828125 0.11875 0.08125
2 0.07265625 0.70234375 0.09375 0.05
2 0.17890625 0.6453125 0.075 0.0421875
2 0.2453125 0.6671875 0.084375 0.046875
2 0.31796875 0.690625 0.10625 0.071875
1 0.8453125 0.82265625 0.15 0.090625
1 0.640625 0.8078125 0.14375 0.08125
1 0.5484375 0.728125 0.0734375 0.065625
1 0.6046875 0.6703125 0.084375 0.0359375
1 0.678125 0.7484375 0.103125 0.0609375
1 0.74375 0.7 0.071875 0.053125
1 0.821875 0.7375 0.0875 0.0734375
1 0.94921875 0.76328125 0.08125 0.08125
1 0.65078125 0.69140625 0.0625 0.04375
1 0.92890625 0.70234375 0.0640625 0.05
1 0.8375 0.6953125 0.075 0.0515625
1 0.859375 0.665625 0.065625 0.0375
1 0.69296875 0.64140625 0.05625 0.021875
1 0.740625 0.66328125 0.06875 0.03125
1 0.78125 0.64296875 0.059375 0.0234375