1 0.25 0.23671875 0.465625 0.275
5 0.73515625 0.26484375 0.2625 0.1796875
1 0.225 0.59453125 0.134375 0.096875
1 0.3765625 0.65 0.0796875 0.0578125
1 0.096875 0.64609375 0.10625 0.05625
1 0.46484375 0.8140625 0.05 0.04375
1 0.4375 0.89921875 0.0375 0.04375
1 0.27890625 0.68828125 0.046875 0.04375
1 0.4171875 0.74765625 0.05 0.040625
1 0.353125 0.70859375 0.05 0.0375
1 0.36875 0.9140625 0.04375 0.0359375
1 0.0296875 0.8234375 0.040625 0.04375
1 0.0609375 0.746875 0.05 0.03125
1 0.38671875 0.84765625 0.040625 0.0375
1 0.39375 0.7890625 0.0375 0.0359375
1 0.32265625 0.7625 0.04375 0.0328125
1 0.309375 0.8859375 0.0375 0.0328125
1 0.328125 0.8265625 0.04375 0.0328125
1 0.1453125 0.82265625 0.04375 0.034375
1 0.0625 0.8984375 0.0375 0.0375
1 0.12265625 0.7015625 0.046875 0.034375
1 0.1671875 0.8875 0.03125 0.034375
1 0.190625 0.68828125 0.0515625 0.040625
1 0.23671875 0.8828125 0.03125 0.034375
1 0.11640625 0.91640625 0.028125 0.03125
1 0.2671875 0.8109375 0.040625 0.021875
1 0.0953125 0.85234375 0.0296875 0.025
1 0.2546875 0.7453125 0.03125 0.021875
1 0.13671875 0.75703125 0.028125 0.0234375
1 0.1953125 0.7421875 0.034375 0.0265625
1 0.203125 0.81015625 0.03125 0.025
1 0.0875 0.78203125 0.025 0.025
5 0.725 0.73828125 0.259375 0.1984375