2 0.0859375 0.1890625 0.1375 0.04375
2 0.3140625 0.3515625 0.1 0.053125
2 0.2609375 0.321875 0.1 0.0515625
2 0.43671875 0.3015625 0.0875 0.046875
2 0.22265625 0.28984375 0.0875 0.04375
2 0.33046875 0.21484375 0.1046875 0.046875
2 0.18125 0.25546875 0.121875 0.05625
2 0.39765625 0.27421875 0.078125 0.0375
2 0.3625 0.24609375 0.08125 0.0375
2 0.2421875 0.15 0.13125 0.05
2 0.146875 0.23203125 0.1125 0.05
2 0.28828125 0.1921875 0.09375 0.040625
2 0.11171875 0.21171875 0.109375 0.0390625
2 0.265625 0.16796875 0.125 0.046875
5 0.63515625 0.24609375 0.225 0.225
5 0.8640625 0.246875 0.225 0.225
1 0.29609375 0.79609375 0.1 0.0875
1 0.14296875 0.80078125 0.096875 0.075
1 0.0703125 0.76015625 0.0625 0.05625
1 0.41796875 0.7546875 0.078125 0.0546875
1 0.39765625 0.7046875 0.0578125 0.046875
1 0.30625 0.7171875 0.065625 0.046875
1 0.1921875 0.72890625 0.0625 0.046875
1 0.1140625 0.70703125 0.05625 0.034375
1 0.225 0.68125 0.0625 0.028125
1 0.31171875 0.678125 0.06875 0.0296875
2 0.8484375 0.7640625 0.196875 0.175
2 0.65390625 0.715625 0.19375 0.15625