1 0.2578125 0.24921875 0.425 0.2671875
4 0.75078125 0.2765625 0.4625 0.08125
1 0.28828125 0.80078125 0.08125 0.05
1 0.175 0.7765625 0.084375 0.0375
1 0.22265625 0.7234375 0.0625 0.0328125
1 0.38359375 0.77109375 0.065625 0.0390625
1 0.37265625 0.71484375 0.053125 0.028125
1 0.309375 0.69765625 0.04375 0.028125
1 0.3 0.74375 0.05625 0.034375
1 0.17734375 0.6921875 0.04375 0.0265625
1 0.103125 0.7515625 0.0734375 0.034375
1 0.109375 0.7140625 0.0515625 0.025
1 0.24609375 0.6859375 0.046875 0.025
5 0.75390625 0.65703125 0.2703125 0.028125
5 0.753125 0.79453125 0.2703125 0.14375