2 0.090625 0.0890625 0.065625 0.071875
2 0.2078125 0.0296875 0.0734375 0.0453125
2 0.32734375 0.046875 0.065625 0.05625
2 0.38984375 0.41328125 0.071875 0.06875
2 0.42109375 0.115625 0.05625 0.0640625
2 0.07734375 0.3890625 0.0703125 0.059375
2 0.2890625 0.471875 0.078125 0.05
2 0.1671875 0.45390625 0.075 0.0625
2 0.47265625 0.22265625 0.046875 0.071875
2 0.45390625 0.334375 0.0515625 0.075
2 0.02890625 0.2984375 0.05 0.0625
2 0.03046875 0.19140625 0.05 0.065625
4 0.7546875 0.1796875 0.06875 0.121875
4 0.640625 0.17421875 0.078125 0.159375
4 0.86953125 0.340625 0.075 0.1390625
4 0.86015625 0.184375 0.05625 0.109375
4 0.76015625 0.33984375 0.0734375 0.121875
4 0.65390625 0.34375 0.071875 0.121875
1 0.25 0.70390625 0.1328125 0.065625
1 0.1984375 0.809375 0.234375 0.125
1 0.0921875 0.7546875 0.121875 0.09375
1 0.3984375 0.7203125 0.0875 0.06875
1 0.4125 0.77578125 0.13125 0.115625
0 0.7515625 0.9140625 0.115625 0.0890625
0 0.6578125 0.76953125 0.103125 0.0734375
0 0.6234375 0.5828125 0.08125 0.053125
0 0.55234375 0.64765625 0.078125 0.0625
0 0.8203125 0.828125 0.10625 0.078125
0 0.7859375 0.60703125 0.075 0.05625
0 0.73671875 0.675 0.084375 0.059375
0 0.946875 0.6171875 0.078125 0.05
0 0.87578125 0.7421875 0.090625 0.06875
0 0.91171875 0.671875 0.08125 0.05625