1 0.06953125 0.2671875 0.11875 0.09375
1 0.29609375 0.31953125 0.125 0.1125
1 0.4328125 0.253125 0.1125 0.071875
1 0.06015625 0.17578125 0.084375 0.065625
1 0.240625 0.25 0.10625 0.075
1 0.3046875 0.1453125 0.078125 0.04375
1 0.1765625 0.1484375 0.08125 0.0484375
1 0.35234375 0.1859375 0.096875 0.059375
1 0.2046875 0.19375 0.0875 0.0625
1 0.43984375 0.1703125 0.078125 0.053125
3 0.74921875 0.2953125 0.240625 0.115625
3 0.6234375 0.18515625 0.14375 0.06875
3 0.5546875 0.26171875 0.109375 0.0859375
3 0.8 0.1890625 0.13125 0.0625
3 0.9390625 0.2375 0.121875 0.0859375
3 0.809375 0.40078125 0.296875 0.053125
3 0.9765625 0.33984375 0.046875 0.128125
5 0.2640625 0.74296875 0.334375 0.3234375
3 0.77578125 0.7265625 0.0765625 0.0671875
3 0.7140625 0.85 0.125 0.090625
3 0.8671875 0.83515625 0.1265625 0.0859375
3 0.834375 0.64921875 0.08125 0.053125
3 0.73125 0.64375 0.075 0.0515625
3 0.9265625 0.78828125 0.0984375 0.071875
3 0.61015625 0.790625 0.1125 0.090625
3 0.925 0.7015625 0.090625 0.05625
3 0.6453125 0.6609375 0.084375 0.053125
3 0.58984375 0.71015625 0.09375 0.0703125