2 0.246875 0.2421875 0.4640625 0.359375
3 0.71484375 0.146875 0.08125 0.0828125
3 0.62578125 0.2328125 0.078125 0.084375
3 0.7546875 0.2484375 0.08125 0.084375
3 0.88359375 0.24140625 0.0796875 0.0828125
3 0.67421875 0.3390625 0.078125 0.08125
3 0.80703125 0.34453125 0.08125 0.084375
0 0.35859375 0.56640625 0.1171875 0.0734375
0 0.1171875 0.5921875 0.0875 0.078125
0 0.29140625 0.6890625 0.109375 0.059375
0 0.2296875 0.53125 0.0984375 0.053125
0 0.04375 0.7 0.06875 0.1015625
0 0.44921875 0.67578125 0.0703125 0.109375
0 0.19375 0.7484375 0.065625 0.09375
0 0.15 0.93203125 0.1046875 0.08125
0 0.45625 0.80390625 0.065625 0.10625
0 0.046875 0.84140625 0.05625 0.1
0 0.396875 0.9171875 0.08125 0.084375
0 0.28046875 0.8140625 0.065625 0.084375
0 0.2765625 0.97109375 0.1 0.05
1 0.7578125 0.74921875 0.425 0.2671875