5 0.25 0.2484375 0.4375 0.146875
4 0.90234375 0.2015625 0.128125 0.078125
4 0.7671875 0.1390625 0.103125 0.05
4 0.834375 0.25 0.1171875 0.084375
4 0.640625 0.22265625 0.103125 0.075
4 0.5765625 0.265625 0.0953125 0.0625
4 0.7015625 0.1765625 0.0875 0.046875
4 0.76015625 0.29453125 0.1078125 0.06875
4 0.6953125 0.3421875 0.134375 0.078125
2 0.24765625 0.696875 0.378125 0.0875
2 0.25 0.8046875 0.45625 0.078125
4 0.91953125 0.76484375 0.0859375 0.075
4 0.684375 0.75859375 0.096875 0.0921875
4 0.80546875 0.76796875 0.09375 0.1
4 0.84921875 0.65859375 0.053125 0.053125
4 0.5703125 0.7484375 0.075 0.0828125
4 0.78125 0.65546875 0.04375 0.0375
4 0.71796875 0.65546875 0.040625 0.040625
4 0.64921875 0.65390625 0.0578125 0.046875