4 0.1859375 0.253125 0.0796875 0.0625
4 0.3109375 0.33984375 0.078125 0.0625
4 0.30546875 0.2515625 0.078125 0.0640625
4 0.1921875 0.34140625 0.078125 0.0625
4 0.41328125 0.24921875 0.078125 0.0609375
4 0.3015625 0.1609375 0.078125 0.0671875
4 0.0796875 0.265625 0.078125 0.0625
4 0.18203125 0.16484375 0.078125 0.065625
4 0.8328125 0.3140625 0.1375 0.075
4 0.66328125 0.315625 0.146875 0.090625
4 0.74765625 0.1828125 0.15 0.096875
5 0.25234375 0.75546875 0.409375 0.1625
4 0.75078125 0.740625 0.484375 0.35