4 0.39921875 0.23359375 0.1375 0.1375
4 0.203125 0.23515625 0.325 0.196875
1 0.621875 0.315625 0.1265625 0.103125
1 0.76640625 0.31796875 0.121875 0.0875
1 0.915625 0.26328125 0.10625 0.065625
1 0.559375 0.20234375 0.10625 0.0578125
1 0.65078125 0.228125 0.103125 0.053125
1 0.8109375 0.23515625 0.090625 0.0609375
1 0.6390625 0.15546875 0.0828125 0.0328125
1 0.76484375 0.19296875 0.065625 0.046875
1 0.7296875 0.1375 0.0515625 0.025
1 0.76484375 0.15390625 0.0625 0.03125
1 0.85 0.184375 0.0875 0.0390625
1 0.90546875 0.15859375 0.06875 0.025
1 0.68359375 0.17578125 0.06875 0.034375
1 0.83046875 0.1390625 0.05 0.025
1 0.9546875 0.19453125 0.08125 0.0359375
0 0.05 0.71875 0.0375 0.059375
0 0.0484375 0.78359375 0.05 0.059375
0 0.13046875 0.77578125 0.053125 0.0625
0 0.10625 0.721875 0.040625 0.040625
0 0.39375 0.721875 0.034375 0.04375
0 0.43046875 0.82734375 0.065625 0.0609375
0 0.1984375 0.7078125 0.04375 0.046875
0 0.11171875 0.83828125 0.0609375 0.05
0 0.43046875 0.6859375 0.034375 0.04375
0 0.38125 0.778125 0.053125 0.0421875
0 0.45625 0.77578125 0.0484375 0.046875
0 0.0796875 0.68125 0.0375 0.0359375
0 0.3578125 0.6703125 0.0375 0.04375
0 0.3296875 0.81796875 0.0640625 0.0484375
0 0.121875 0.64609375 0.04375 0.034375
0 0.45859375 0.73046875 0.04375 0.0375
0 0.28515625 0.7546875 0.071875 0.0375
0 0.396875 0.65625 0.0453125 0.040625
0 0.23203125 0.81796875 0.065625 0.040625
0 0.178125 0.6265625 0.040625 0.03125
0 0.2625 0.7125 0.053125 0.0375
0 0.3421875 0.86015625 0.084375 0.05
0 0.346875 0.63203125 0.046875 0.03125
0 0.14140625 0.67421875 0.05 0.034375
0 0.215625 0.86953125 0.0875 0.05
0 0.21875 0.64375 0.05625 0.028125
0 0.29609375 0.64140625 0.0609375 0.034375
0 0.23359375 0.61484375 0.046875 0.028125
0 0.29140625 0.68359375 0.059375 0.028125
0 0.2875 0.61796875 0.046875 0.0234375
1 0.7421875 0.740625 0.1734375 0.4484375