1 0.10078125 0.20703125 0.10625 0.1453125
1 0.415625 0.2015625 0.109375 0.1390625
1 0.3796875 0.35078125 0.115625 0.1359375
1 0.25 0.24921875 0.125 0.15625
1 0.11875 0.33984375 0.11875 0.15625
5 0.76484375 0.22890625 0.290625 0.184375
4 0.32734375 0.57578125 0.0828125 0.075
4 0.19453125 0.7765625 0.0921875 0.1
4 0.13359375 0.91640625 0.090625 0.084375
4 0.39140625 0.87265625 0.09375 0.0921875
4 0.26953125 0.9453125 0.084375 0.071875
4 0.42734375 0.66015625 0.075 0.078125
4 0.053125 0.80390625 0.0765625 0.0875
4 0.21875 0.5484375 0.078125 0.0625
4 0.103125 0.6 0.084375 0.078125
4 0.31484375 0.80703125 0.090625 0.084375
4 0.196875 0.65078125 0.084375 0.06875
4 0.453125 0.7609375 0.078125 0.09375
4 0.3140625 0.67890625 0.06875 0.06875
4 0.04609375 0.6828125 0.06875 0.08125
5 0.73828125 0.740625 0.30625 0.28125