5 0.38203125 0.12734375 0.059375 0.0953125
5 0.4453125 0.28515625 0.10625 0.1921875
5 0.44921875 0.08984375 0.0953125 0.028125
5 0.3796875 0.059375 0.0578125 0.0625
3 0.7109375 0.25390625 0.1203125 0.103125
3 0.840625 0.23125 0.10625 0.0875
3 0.7734375 0.1484375 0.1140625 0.09375
3 0.76171875 0.33984375 0.096875 0.090625
3 0.64296875 0.1796875 0.1109375 0.084375
3 0.384375 0.68046875 0.2125 0.153125
3 0.25625 0.86875 0.2015625 0.1859375
3 0.10859375 0.67734375 0.2015625 0.15625
1 0.89375 0.871875 0.075 0.090625
1 0.640625 0.903125 0.084375 0.0875
1 0.7609375 0.621875 0.078125 0.05625
1 0.653125 0.6796875 0.06875 0.084375
1 0.70625 0.55390625 0.065625 0.05
1 0.7359375 0.72890625 0.065625 0.0890625
1 0.81171875 0.55625 0.084375 0.05625
1 0.8234375 0.7640625 0.071875 0.090625
1 0.60625 0.6109375 0.0640625 0.05625
1 0.8984375 0.60078125 0.059375 0.05625
1 0.55625 0.80859375 0.059375 0.0734375
1 0.553125 0.7046875 0.05 0.071875
1 0.940625 0.7765625 0.053125 0.071875
1 0.9484375 0.68125 0.05 0.0703125
1 0.7828125 0.91953125 0.084375 0.075
1 0.7328125 0.84765625 0.0828125 0.0640625
1 0.65 0.7796875 0.0625 0.0609375
1 0.8484375 0.66796875 0.065625 0.05