2 0.3828125 0.26796875 0.15 0.1125
2 0.18984375 0.3359375 0.209375 0.121875
2 0.10859375 0.20625 0.1203125 0.0890625
2 0.25703125 0.165625 0.125 0.05625
2 0.21640625 0.2359375 0.184375 0.0890625
5 0.7765625 0.24140625 0.303125 0.215625
5 0.2484375 0.746875 0.3671875 0.26875
0 0.93203125 0.82421875 0.0515625 0.040625
0 0.8515625 0.81640625 0.046875 0.04375
0 0.6171875 0.82265625 0.0453125 0.04375
0 0.6890625 0.80390625 0.046875 0.0375
0 0.8390625 0.70859375 0.0375 0.021875
0 0.73984375 0.76171875 0.05 0.0234375
0 0.7859375 0.80546875 0.046875 0.046875
0 0.55390625 0.81484375 0.040625 0.040625
0 0.6546875 0.71015625 0.034375 0.021875
0 0.61015625 0.7390625 0.0375 0.028125
0 0.71328125 0.696875 0.0375 0.021875
0 0.90625 0.771875 0.034375 0.034375
0 0.875 0.73984375 0.0375 0.03125
0 0.7703125 0.69609375 0.0375 0.01875
0 0.653125 0.759375 0.040625 0.03125
0 0.803125 0.72890625 0.040625 0.025
0 0.69375 0.72578125 0.0375 0.025
0 0.5765625 0.77578125 0.0421875 0.0375
0 0.83671875 0.7671875 0.0375 0.034375
0 0.7453125 0.721875 0.040625 0.021875