1 0.05078125 0.334375 0.078125 0.09375
1 0.45703125 0.34140625 0.06875 0.0890625
1 0.184375 0.275 0.090625 0.0625
1 0.31796875 0.27734375 0.09375 0.065625
1 0.08359375 0.225 0.08125 0.059375
1 0.19375 0.15 0.084375 0.040625
1 0.4203125 0.22890625 0.075 0.053125
1 0.328125 0.1484375 0.0734375 0.034375
5 0.88984375 0.1703125 0.2 0.140625
4 0.3328125 0.75078125 0.24375 0.2875
0 0.5796875 0.7625 0.146875 0.0578125
0 0.75234375 0.8375 0.109375 0.078125
0 0.62421875 0.63203125 0.096875 0.028125
0 0.9296875 0.753125 0.125 0.0375
0 0.7640625 0.76015625 0.13125 0.0484375
0 0.60546875 0.66796875 0.0984375 0.03125
0 0.9140625 0.7078125 0.1296875 0.04375
0 0.753125 0.70234375 0.115625 0.046875
0 0.6015625 0.715625 0.1109375 0.028125
0 0.74375 0.6671875 0.128125 0.03125
0 0.7453125 0.6328125 0.0875 0.025
0 0.87265625 0.63359375 0.1 0.025
0 0.90703125 0.6703125 0.10625 0.03125