5 0.2515625 0.23984375 0.4765625 0.128125
1 0.75 0.26484375 0.43125 0.271875
4 0.253125 0.7484375 0.234375 0.278125
1 0.80078125 0.7953125 0.103125 0.0625
1 0.63359375 0.7640625 0.1 0.0421875
1 0.6953125 0.7953125 0.1125 0.0640625
1 0.5734375 0.7375 0.08125 0.046875
1 0.7875 0.721875 0.0875 0.04375
1 0.68203125 0.71484375 0.084375 0.040625
1 0.88203125 0.7375 0.090625 0.034375
1 0.93515625 0.69453125 0.0859375 0.0375
1 0.7484375 0.69296875 0.0734375 0.028125
1 0.8453125 0.68515625 0.075 0.034375