3 0.359375 0.25859375 0.15 0.115625
3 0.2765625 0.365625 0.1484375 0.1171875
3 0.21875 0.18515625 0.121875 0.109375
3 0.12890625 0.29921875 0.121875 0.115625
5 0.746875 0.22890625 0.3375 0.14375
1 0.23828125 0.575 0.215625 0.1375
1 0.41484375 0.6578125 0.09375 0.121875
1 0.07421875 0.68671875 0.11875 0.13125
1 0.2125 0.77109375 0.06875 0.078125
1 0.4625 0.7671875 0.040625 0.05625
1 0.25703125 0.715625 0.0609375 0.059375
1 0.2984375 0.765625 0.06875 0.071875
1 0.446875 0.840625 0.0375 0.05
1 0.3921875 0.89765625 0.046875 0.059375
1 0.04296875 0.821875 0.0515625 0.065625
1 0.090625 0.89140625 0.05 0.0546875
1 0.13359375 0.93828125 0.0375 0.0359375
1 0.31640625 0.88125 0.034375 0.034375
1 0.196875 0.83828125 0.046875 0.0390625
1 0.3859375 0.79296875 0.025 0.04375
1 0.2484375 0.89453125 0.0375 0.03125
1 0.35546875 0.72265625 0.03125 0.0421875
1 0.125 0.80234375 0.0296875 0.0421875
1 0.36484375 0.84765625 0.0328125 0.03125
1 0.14609375 0.853125 0.0296875 0.0328125
1 0.190625 0.96328125 0.05 0.0375
1 0.3171875 0.94765625 0.0625 0.046875
1 0.27890625 0.846875 0.059375 0.0390625
1 0.24921875 0.96484375 0.046875 0.040625
1 0.34296875 0.81015625 0.0265625 0.0296875
1 0.19140625 0.8890625 0.0390625 0.03125
1 0.1828125 0.690625 0.0421875 0.03125
1 0.140625 0.7390625 0.0375 0.034375
1 0.24296875 0.66484375 0.040625 0.028125
1 0.31328125 0.67421875 0.0375 0.03125
4 0.7484375 0.77109375 0.453125 0.190625