5 0.3484375 0.2953125 0.11875 0.0984375
3 0.87109375 0.21796875 0.10625 0.065625
3 0.68984375 0.21953125 0.1 0.065625
3 0.7 0.31171875 0.1671875 0.1078125
3 0.603125 0.25625 0.0859375 0.071875
3 0.8140625 0.2484375 0.1015625 0.06875
3 0.76640625 0.18203125 0.1 0.05625
5 0.24453125 0.74609375 0.146875 0.14375
5 0.1171875 0.7859375 0.2234375 0.0734375
5 0.159375 0.7640625 0.159375 0.1125
5 0.33203125 0.7625 0.146875 0.1125
5 0.3859375 0.784375 0.215625 0.075
1 0.88515625 0.77890625 0.2078125 0.1390625
1 0.61015625 0.775 0.196875 0.146875
1 0.7484375 0.646875 0.1625 0.090625