1 0.4484375 0.1953125 0.0734375 0.065625
1 0.10234375 0.1015625 0.071875 0.065625
1 0.240625 0.053125 0.0640625 0.065625
1 0.2515625 0.2515625 0.06875 0.090625
1 0.4390625 0.334375 0.0859375 0.0796875
1 0.084375 0.3484375 0.078125 0.075
1 0.37890625 0.0890625 0.071875 0.06875
1 0.05234375 0.22890625 0.08125 0.071875
1 0.19375 0.43046875 0.0703125 0.09375
1 0.3375 0.421875 0.075 0.096875
3 0.63203125 0.25078125 0.078125 0.075
3 0.85 0.19375 0.06875 0.065625
3 0.85859375 0.2734375 0.06875 0.075
3 0.6609375 0.16796875 0.06875 0.071875
3 0.671875 0.32734375 0.071875 0.078125
3 0.74765625 0.35859375 0.065625 0.065625
3 0.81796875 0.3421875 0.0609375 0.0640625
3 0.75078125 0.24921875 0.090625 0.0875
3 0.7328125 0.13828125 0.0609375 0.05625
3 0.8 0.14296875 0.053125 0.053125
5 0.25390625 0.65703125 0.2703125 0.028125
5 0.253125 0.79453125 0.2703125 0.14375
2 0.92109375 0.83515625 0.1 0.059375
2 0.73671875 0.8359375 0.09375 0.059375
2 0.55546875 0.83203125 0.1 0.075
2 0.7375 0.7625 0.0828125 0.059375
2 0.73828125 0.68671875 0.08125 0.0546875
2 0.73984375 0.6109375 0.0625 0.04375
2 0.5921875 0.6140625 0.0609375 0.0515625
2 0.5703125 0.75546875 0.1 0.0625
2 0.878125 0.609375 0.0703125 0.040625
2 0.909375 0.7546875 0.078125 0.0625
2 0.88828125 0.6828125 0.071875 0.053125
2 0.58515625 0.6890625 0.0734375 0.0484375