1 0.1 0.175 0.171875 0.071875
1 0.2296875 0.2390625 0.1828125 0.071875
1 0.38125 0.315625 0.20625 0.090625
1 0.6515625 0.1125 0.078125 0.090625
1 0.728125 0.4140625 0.0875 0.09375
1 0.78125 0.08828125 0.0765625 0.0921875
1 0.75546875 0.24140625 0.078125 0.078125
1 0.89921875 0.159375 0.0875 0.0828125
1 0.5828125 0.22578125 0.103125 0.0765625
1 0.85 0.3796875 0.09375 0.090625
1 0.928125 0.2796875 0.090625 0.0921875
1 0.609375 0.34140625 0.0890625 0.090625
2 0.1453125 0.83203125 0.096875 0.0703125
2 0.33203125 0.84453125 0.1125 0.05625
2 0.1015625 0.70859375 0.046875 0.040625
2 0.4515625 0.81015625 0.059375 0.05625
2 0.1859375 0.69296875 0.0546875 0.028125
2 0.2734375 0.690625 0.05625 0.025
2 0.20625 0.74375 0.0453125 0.040625
2 0.4046875 0.725 0.0484375 0.0375
2 0.3625 0.70390625 0.046875 0.028125
2 0.0625 0.79453125 0.0625 0.05625
2 0.27890625 0.73125 0.059375 0.0375
2 0.2734375 0.759375 0.078125 0.046875
2 0.45546875 0.7625 0.0390625 0.040625
2 0.0390625 0.74765625 0.059375 0.05
1 0.746875 0.74609375 0.46875 0.284375