0 0.33984375 0.33984375 0.1203125 0.134375
0 0.1703125 0.34375 0.1171875 0.1375
0 0.06875 0.275 0.121875 0.0953125
0 0.259375 0.228125 0.1 0.0875
0 0.178125 0.1078125 0.06875 0.04375
0 0.05 0.2 0.084375 0.0765625
0 0.165625 0.19453125 0.0984375 0.06875
0 0.275 0.10625 0.0609375 0.040625
0 0.10078125 0.1421875 0.078125 0.05
0 0.22265625 0.140625 0.0640625 0.05625
0 0.36171875 0.11484375 0.08125 0.040625
0 0.32734375 0.1625 0.075 0.0625
0 0.415625 0.2296875 0.103125 0.084375
0 0.4515625 0.1625 0.0796875 0.0578125
2 0.83984375 0.140625 0.159375 0.128125
2 0.6859375 0.11484375 0.13125 0.15625
2 0.640625 0.2703125 0.13125 0.1515625
2 0.7546875 0.396875 0.159375 0.11875
2 0.8828125 0.29765625 0.153125 0.1625
2 0.73984375 0.25 0.11875 0.14375
4 0.25 0.74921875 0.3984375 0.35
5 0.73125 0.76484375 0.20625 0.1453125