4 0.2515625 0.11484375 0.428125 0.215625
4 0.24921875 0.3296875 0.45625 0.290625
4 0.74765625 0.25234375 0.325 0.196875
4 0.096875 0.71640625 0.103125 0.06875
4 0.33125 0.81796875 0.109375 0.075
4 0.20078125 0.8390625 0.103125 0.08125
4 0.16953125 0.75546875 0.084375 0.06875
4 0.0734375 0.790625 0.0828125 0.05625
4 0.42734375 0.78046875 0.0859375 0.05625
4 0.26640625 0.73828125 0.109375 0.084375
4 0.2859375 0.6671875 0.0875 0.05625
4 0.38359375 0.7140625 0.090625 0.065625
4 0.17734375 0.67421875 0.06875 0.046875
3 0.65078125 0.83828125 0.15625 0.140625
3 0.6703125 0.6765625 0.13125 0.128125
3 0.83984375 0.8390625 0.153125 0.10625
3 0.8296875 0.6921875 0.13125 0.128125