1 0.265625 0.2734375 0.409375 0.15
1 0.74375 0.08671875 0.140625 0.1015625
1 0.578125 0.17265625 0.121875 0.109375
1 0.921875 0.16484375 0.121875 0.125
1 0.95 0.30625 0.06875 0.09375
1 0.55234375 0.309375 0.071875 0.0890625
1 0.840625 0.22421875 0.059375 0.05
1 0.65234375 0.228125 0.0625 0.05
1 0.678125 0.29921875 0.046875 0.0390625
1 0.8234375 0.29765625 0.05 0.0375
1 0.88203125 0.33359375 0.040625 0.04375
1 0.61796875 0.33515625 0.040625 0.0421875
1 0.75 0.278125 0.053125 0.0296875
1 0.75078125 0.2078125 0.0625 0.0421875
1 0.690625 0.359375 0.03125 0.025
1 0.61640625 0.403125 0.0234375 0.03125
1 0.8234375 0.3609375 0.0296875 0.025
1 0.65078125 0.3796875 0.028125 0.025
1 0.7828125 0.35390625 0.028125 0.0203125
1 0.7375 0.3515625 0.03125 0.01875
1 0.89453125 0.40625 0.025 0.025
1 0.86171875 0.37890625 0.028125 0.025
1 0.68515625 0.4078125 0.021875 0.01875
1 0.79375 0.40078125 0.0234375 0.01875
1 0.834375 0.41171875 0.021875 0.01875
1 0.75546875 0.39296875 0.021875 0.0140625
1 0.721875 0.396875 0.0203125 0.015625
1 0.86171875 0.4328125 0.021875 0.0203125
1 0.65390625 0.43359375 0.0203125 0.01875
5 0.21953125 0.74140625 0.259375 0.1953125
2 0.8671875 0.8015625 0.109375 0.0953125
2 0.66875 0.70234375 0.1078125 0.065625
2 0.9046875 0.7078125 0.09375 0.0625
2 0.72734375 0.7640625 0.11875 0.084375
2 0.61484375 0.8390625 0.1109375 0.0921875
2 0.834375 0.6625 0.109375 0.059375
2 0.7515625 0.8359375 0.13125 0.084375
2 0.73671875 0.66953125 0.096875 0.059375
2 0.80234375 0.7265625 0.125 0.065625
2 0.61640625 0.7609375 0.1140625 0.08125