4 0.40234375 0.2015625 0.128125 0.078125
4 0.2671875 0.1390625 0.103125 0.05
4 0.334375 0.25 0.1171875 0.084375
4 0.140625 0.22265625 0.103125 0.075
4 0.0765625 0.265625 0.0953125 0.0625
4 0.2015625 0.1765625 0.0875 0.046875
4 0.26015625 0.29453125 0.1078125 0.06875
4 0.1953125 0.3421875 0.134375 0.078125
5 0.79453125 0.2546875 0.3203125 0.290625
5 0.6890625 0.234375 0.26875 0.278125
4 0.25 0.75546875 0.25625 0.2203125
3 0.66328125 0.6734375 0.128125 0.125
3 0.83046875 0.684375 0.11875 0.121875
3 0.68203125 0.8234375 0.109375 0.10625
3 0.82578125 0.8296875 0.1125 0.115625