5 0.078125 0.25 0.1421875 0.459375
5 0.39765625 0.25234375 0.146875 0.45625
5 0.2359375 0.253125 0.14375 0.453125
0 0.73828125 0.2453125 0.328125 0.4625
2 0.18125 0.678125 0.24375 0.140625
2 0.2859375 0.7796875 0.31875 0.184375
2 0.7375 0.67578125 0.1765625 0.040625
2 0.74921875 0.8234375 0.159375 0.040625
2 0.74765625 0.74921875 0.16875 0.028125
2 0.8390625 0.5984375 0.0875 0.06875
2 0.9078125 0.67265625 0.059375 0.090625
2 0.63359375 0.61484375 0.084375 0.075
2 0.80703125 0.92265625 0.0625 0.0359375
2 0.62109375 0.565625 0.046875 0.0375
2 0.65390625 0.9046875 0.059375 0.0421875
2 0.596875 0.846875 0.0453125 0.059375
2 0.6796875 0.53828125 0.046875 0.025
2 0.7296875 0.92890625 0.0625 0.021875
2 0.5734375 0.609375 0.0375 0.040625
2 0.9 0.58125 0.0328125 0.0296875
2 0.9328125 0.615625 0.028125 0.034375
2 0.7359375 0.57109375 0.096875 0.0265625
2 0.8640625 0.55390625 0.03125 0.021875
2 0.74765625 0.61953125 0.046875 0.015625
2 0.82578125 0.53515625 0.034375 0.021875
2 0.73125 0.93046875 0.0625 0.021875
2 0.9578125 0.65859375 0.021875 0.034375
2 0.54453125 0.6640625 0.03125 0.046875
2 0.7796875 0.52421875 0.034375 0.0140625
2 0.734375 0.525 0.0328125 0.0125
2 0.91875 0.834375 0.034375 0.059375
2 0.55234375 0.8515625 0.028125 0.046875
2 0.96875 0.79921875 0.015625 0.034375
2 0.971875 0.7015625 0.0125 0.034375
2 0.6171875 0.9296875 0.03125 0.028125
2 0.6640625 0.95625 0.034375 0.021875
2 0.8140625 0.96484375 0.0328125 0.01875
2 0.58046875 0.896875 0.025 0.034375
2 0.87890625 0.73046875 0.01875 0.046875
2 0.8703125 0.89140625 0.0375 0.03125
2 0.975 0.7484375 0.0109375 0.034375
2 0.93671875 0.75859375 0.01875 0.0625
2 0.8578125 0.94609375 0.03125 0.025
2 0.75 0.8859375 0.046875 0.015625
2 0.71484375 0.96953125 0.034375 0.0125
2 0.89609375 0.91640625 0.028125 0.03125
2 0.92890625 0.884375 0.0234375 0.03125
2 0.5328125 0.79140625 0.0203125 0.046875
2 0.95078125 0.84609375 0.0203125 0.0328125
2 0.56796875 0.77265625 0.025 0.0625
2 0.5265625 0.72578125 0.01875 0.0484375
2 0.76328125 0.971875 0.03125 0.0140625
2 0.57421875 0.69296875 0.025 0.059375
2 0.6109375 0.74921875 0.01875 0.046875