5 0.2375 0.196875 0.2703125 0.3
2 0.84375 0.30859375 0.109375 0.05625
2 0.615625 0.33125 0.121875 0.0578125
2 0.74765625 0.25078125 0.078125 0.04375
2 0.69296875 0.2875 0.090625 0.05625
2 0.625 0.28046875 0.0921875 0.05
2 0.7671875 0.296875 0.0828125 0.05
2 0.81796875 0.265625 0.0765625 0.040625
2 0.896875 0.26953125 0.08125 0.05
2 0.68515625 0.24765625 0.0796875 0.04375
2 0.7140625 0.35 0.13125 0.0765625
5 0.24921875 0.75625 0.3515625 0.2828125
2 0.82109375 0.73984375 0.315625 0.1625
2 0.66328125 0.76015625 0.2703125 0.15