5 0.25546875 0.25 0.459375 0.3671875
5 0.75078125 0.2421875 0.140625 0.45
5 0.25703125 0.88046875 0.209375 0.059375
5 0.25703125 0.709375 0.2125 0.2421875
2 0.5375 0.8015625 0.05625 0.0625
2 0.821875 0.79921875 0.05625 0.0671875
2 0.96015625 0.80234375 0.053125 0.059375
2 0.67109375 0.7984375 0.05 0.06875
2 0.565625 0.6828125 0.040625 0.0453125
2 0.93984375 0.7375 0.046875 0.05
2 0.546875 0.73046875 0.040625 0.05
2 0.675 0.64765625 0.0328125 0.04375
2 0.68046875 0.6875 0.040625 0.0375
2 0.6796875 0.728125 0.0421875 0.05
2 0.90390625 0.653125 0.0328125 0.0390625
2 0.91796875 0.690625 0.0359375 0.0421875
2 0.81015625 0.7265625 0.046875 0.05
2 0.58046875 0.64609375 0.0421875 0.0390625
2 0.7953125 0.67890625 0.0375 0.0453125
2 0.78984375 0.6453125 0.025 0.040625