5 0.24921875 0.2515625 0.44375 0.1640625
2 0.76171875 0.18046875 0.271875 0.06875
2 0.75625 0.28828125 0.25625 0.084375
2 0.759375 0.0796875 0.2875 0.05625
2 0.7609375 0.40546875 0.2625 0.0828125
4 0.2484375 0.76875 0.375 0.1796875
1 0.74921875 0.8 0.08125 0.053125
1 0.6390625 0.82109375 0.075 0.0625
1 0.83515625 0.71484375 0.0578125 0.040625
1 0.871875 0.7765625 0.0828125 0.046875
1 0.571875 0.7953125 0.05 0.053125
1 0.8328125 0.75 0.071875 0.046875
1 0.6625 0.7671875 0.05625 0.0484375
1 0.6046875 0.7515625 0.0484375 0.0375
1 0.90078125 0.7296875 0.059375 0.040625
1 0.94375 0.74765625 0.075 0.034375
1 0.684375 0.725 0.0453125 0.034375
1 0.753125 0.75625 0.0546875 0.046875
1 0.721875 0.7078125 0.046875 0.028125
1 0.76328125 0.73125 0.0515625 0.03125
1 0.66171875 0.70703125 0.040625 0.025
1 0.778125 0.7109375 0.059375 0.0328125
1 0.696875 0.74453125 0.0375 0.034375
1 0.62890625 0.728125 0.04375 0.0296875