5 0.259375 0.25234375 0.35625 0.28125
2 0.715625 0.18671875 0.1125 0.053125
2 0.83359375 0.18984375 0.121875 0.0546875
2 0.65078125 0.30078125 0.1796875 0.090625
2 0.83671875 0.27265625 0.1828125 0.071875
2 0.63046875 0.20546875 0.125 0.05
2 0.76171875 0.225 0.1171875 0.0484375
2 0.88828125 0.228125 0.128125 0.06875
2 0.63203125 0.2453125 0.1578125 0.05625
1 0.4 0.74921875 0.115625 0.13125
1 0.259375 0.7578125 0.1140625 0.115625
1 0.1109375 0.75546875 0.1359375 0.11875
5 0.75078125 0.74140625 0.390625 0.125