5 0.24765625 0.25546875 0.353125 0.1953125
3 0.76015625 0.25078125 0.403125 0.2625
4 0.1421875 0.77265625 0.25625 0.175
4 0.3578125 0.71875 0.25625 0.1609375
3 0.671875 0.86015625 0.103125 0.084375
3 0.6359375 0.77578125 0.08125 0.0625
3 0.675 0.6796875 0.0703125 0.0625
3 0.7375 0.7203125 0.0796875 0.053125
3 0.8203125 0.6625 0.084375 0.0484375
3 0.78828125 0.7890625 0.096875 0.08125
3 0.865625 0.7265625 0.071875 0.0625
3 0.7484375 0.62265625 0.0671875 0.05625
3 0.91640625 0.67578125 0.0640625 0.0546875
3 0.5921875 0.734375 0.08125 0.0625