5 0.18828125 0.2484375 0.2484375 0.1796875
5 0.3375 0.26796875 0.234375 0.1890625
3 0.72109375 0.41875 0.1359375 0.0890625
3 0.83515625 0.22109375 0.109375 0.1125
3 0.86171875 0.3953125 0.1 0.109375
3 0.75 0.29765625 0.10625 0.096875
3 0.7078125 0.065625 0.109375 0.071875
3 0.5859375 0.1390625 0.0921875 0.1
3 0.834375 0.0796875 0.10625 0.0734375
3 0.7578125 0.15546875 0.09375 0.084375
3 0.596875 0.31875 0.1 0.103125
3 0.93046875 0.15546875 0.0890625 0.090625
3 0.93125 0.278125 0.125 0.090625
3 0.65546875 0.22265625 0.090625 0.115625
3 0.71875 0.409375 0.05 0.021875
2 0.3828125 0.76796875 0.15 0.1125
2 0.18984375 0.8359375 0.209375 0.121875
2 0.10859375 0.70625 0.1203125 0.0890625
2 0.25703125 0.665625 0.125 0.05625
2 0.21640625 0.7359375 0.184375 0.0890625
4 0.87109375 0.65234375 0.11875 0.1046875
4 0.7484375 0.75859375 0.115625 0.1015625
4 0.6109375 0.83203125 0.1125 0.0984375
4 0.8828125 0.83671875 0.1140625 0.1
4 0.62109375 0.66015625 0.1046875 0.1140625