2 0.390625 0.25390625 0.175 0.296875
2 0.16171875 0.19921875 0.290625 0.2078125
1 0.71484375 0.353125 0.1421875 0.1203125
1 0.88828125 0.32265625 0.115625 0.109375
1 0.56015625 0.25703125 0.10625 0.096875
1 0.821875 0.2171875 0.09375 0.0875
1 0.5921875 0.1578125 0.078125 0.075
1 0.7046875 0.18046875 0.09375 0.075
1 0.6734375 0.1140625 0.08125 0.05625
1 0.94609375 0.22421875 0.090625 0.078125
1 0.7796875 0.1109375 0.0765625 0.053125
1 0.89453125 0.15625 0.0875 0.065625
3 0.1796875 0.6921875 0.125 0.096875
3 0.24765625 0.79765625 0.13125 0.1
3 0.39140625 0.803125 0.115625 0.090625
3 0.315625 0.6953125 0.11875 0.09375
3 0.103125 0.80546875 0.103125 0.090625
5 0.76015625 0.75625 0.2625 0.115625