5 0.38984375 0.16875 0.1625 0.109375
1 0.871875 0.26875 0.2125 0.175
1 0.64609375 0.253125 0.1984375 0.16875
2 0.14453125 0.909375 0.1140625 0.084375
2 0.1 0.6375 0.0578125 0.071875
2 0.31171875 0.928125 0.109375 0.0515625
2 0.05625 0.7765625 0.046875 0.109375
2 0.3859375 0.62265625 0.0484375 0.046875
2 0.2984375 0.57265625 0.078125 0.0375
2 0.21796875 0.82421875 0.05 0.040625
2 0.4359375 0.71875 0.040625 0.078125
2 0.415625 0.8421875 0.053125 0.075
2 0.1859375 0.571875 0.075 0.04375
2 0.31328125 0.80703125 0.053125 0.046875
2 0.325 0.72109375 0.03125 0.05625
2 0.1796875 0.7359375 0.025 0.059375
2 0.25234375 0.6765625 0.05625 0.01875
4 0.67109375 0.80625 0.1734375 0.1296875
4 0.83125 0.69453125 0.159375 0.13125