5 0.275 0.24921875 0.25 0.475
1 0.70234375 0.11875 0.234375 0.19375
1 0.890625 0.32265625 0.18125 0.225
1 0.64375 0.36875 0.225 0.178125
0 0.42734375 0.71953125 0.065625 0.046875
0 0.22734375 0.8765625 0.0921875 0.0375
0 0.45 0.7828125 0.040625 0.05
0 0.38515625 0.7859375 0.0453125 0.034375
0 0.3046875 0.8171875 0.05 0.0265625
0 0.04375 0.7765625 0.034375 0.0375
0 0.06484375 0.7234375 0.04375 0.0328125
0 0.121875 0.678125 0.071875 0.0375
0 0.09921875 0.83515625 0.06875 0.0453125
0 0.37890625 0.67890625 0.05 0.028125
0 0.36328125 0.8546875 0.071875 0.040625
0 0.2078125 0.82265625 0.0515625 0.03125
0 0.353125 0.75703125 0.0625 0.0421875
0 0.19921875 0.7703125 0.06875 0.0375
0 0.2703125 0.78046875 0.06875 0.0375
0 0.1984375 0.6921875 0.053125 0.0265625
0 0.30625 0.65390625 0.0640625 0.021875
0 0.1265625 0.77265625 0.065625 0.05625
0 0.1515625 0.7265625 0.0609375 0.0359375
0 0.32109375 0.71796875 0.065625 0.0265625
0 0.2796875 0.684375 0.08125 0.0296875
0 0.1890625 0.74140625 0.053125 0.0328125
0 0.21171875 0.65078125 0.0640625 0.015625
0 0.29765625 0.73984375 0.0421875 0.021875
0 0.23984375 0.73046875 0.0375 0.05625
1 0.621875 0.815625 0.1265625 0.103125
1 0.76640625 0.81796875 0.121875 0.0875
1 0.915625 0.76328125 0.10625 0.065625
1 0.559375 0.70234375 0.10625 0.0578125
1 0.65078125 0.728125 0.103125 0.053125
1 0.8109375 0.73515625 0.090625 0.0609375
1 0.6390625 0.65546875 0.0828125 0.0328125
1 0.76484375 0.69296875 0.065625 0.046875
1 0.7296875 0.6375 0.0515625 0.025
1 0.76484375 0.65390625 0.0625 0.03125
1 0.85 0.684375 0.0875 0.0390625
1 0.90546875 0.65859375 0.06875 0.025
1 0.68359375 0.67578125 0.06875 0.034375
1 0.83046875 0.6390625 0.05 0.025
1 0.9546875 0.69453125 0.08125 0.0359375