0 0.39296875 0.115625 0.128125 0.103125
0 0.0765625 0.34921875 0.11875 0.1390625
0 0.2390625 0.02421875 0.1359375 0.0484375
0 0.071875 0.1421875 0.121875 0.18125
0 0.390625 0.371875 0.1203125 0.121875
0 0.45234375 0.24921875 0.075 0.09375
0 0.1765625 0.32265625 0.084375 0.0765625
0 0.30390625 0.14296875 0.103125 0.096875
0 0.18046875 0.15390625 0.084375 0.0359375
0 0.18203125 0.215625 0.096875 0.05
0 0.29921875 0.21796875 0.071875 0.1046875
0 0.175 0.2671875 0.084375 0.0421875
0 0.30234375 0.29140625 0.04375 0.05625
0 0.3078125 0.34453125 0.05 0.0375
0 0.23828125 0.46171875 0.13125 0.075
5 0.76953125 0.25390625 0.2171875 0.16875
0 0.36640625 0.5578125 0.225 0.084375
0 0.13203125 0.55625 0.21875 0.0890625
0 0.134375 0.6484375 0.225 0.08125
0 0.384375 0.64453125 0.178125 0.090625
0 0.18671875 0.81171875 0.065625 0.1484375
0 0.0546875 0.8 0.071875 0.175
0 0.3109375 0.74296875 0.0859375 0.04375
0 0.421875 0.7453125 0.096875 0.046875
0 0.11875 0.796875 0.0671875 0.178125
0 0.42265625 0.80390625 0.096875 0.0421875
0 0.42265625 0.85625 0.09375 0.04375
0 0.31328125 0.8546875 0.09375 0.0421875
0 0.30859375 0.8 0.08125 0.04375
0 0.271875 0.94375 0.034375 0.0625
0 0.45859375 0.94375 0.03125 0.0625
0 0.0421875 0.94375 0.03125 0.0640625
0 0.3265625 0.94453125 0.03125 0.0625
0 0.2234375 0.9453125 0.028125 0.0609375
0 0.178125 0.94375 0.03125 0.0625
0 0.08984375 0.94375 0.03125 0.059375
0 0.375 0.94375 0.03125 0.0625
0 0.1328125 0.94453125 0.028125 0.059375
0 0.41484375 0.94375 0.03125 0.0625
5 0.7453125 0.77421875 0.215625 0.1671875