5 0.3046875 0.278125 0.2875 0.215625
5 0.221875 0.2359375 0.21875 0.228125
3 0.746875 0.2515625 0.28125 0.240625
1 0.2453125 0.8296875 0.125 0.08125
1 0.125 0.81484375 0.09375 0.06875
1 0.38046875 0.796875 0.103125 0.0890625
1 0.2625 0.69921875 0.08125 0.040625
1 0.04296875 0.790625 0.0859375 0.0625
1 0.1703125 0.70625 0.0625 0.0390625
1 0.35625 0.70703125 0.0625 0.040625
1 0.196875 0.76328125 0.0625 0.05
1 0.29453125 0.7609375 0.071875 0.05625
1 0.4546875 0.76328125 0.084375 0.059375
1 0.20546875 0.734375 0.059375 0.0375
1 0.10234375 0.725 0.05 0.0375
1 0.0453125 0.746875 0.078125 0.059375
1 0.29296875 0.73515625 0.05625 0.03125
1 0.4234375 0.7265625 0.08125 0.0484375
1 0.79453125 0.85859375 0.15 0.109375
1 0.6796875 0.7234375 0.1125 0.06875
1 0.60703125 0.81484375 0.125 0.08125
1 0.7421875 0.6453125 0.1078125 0.065625
1 0.8578125 0.76171875 0.1140625 0.078125
1 0.9 0.67890625 0.103125 0.05625
1 0.79140625 0.58203125 0.084375 0.04375