4 0.26953125 0.25 0.4 0.284375
4 0.76171875 0.23828125 0.10625 0.10625
4 0.90859375 0.27890625 0.0796875 0.065625
4 0.8703125 0.1890625 0.0890625 0.0875
4 0.59921875 0.22734375 0.0921875 0.0953125
4 0.8265625 0.3390625 0.0921875 0.078125
4 0.60234375 0.3296875 0.075 0.0625
4 0.68046875 0.27890625 0.075 0.0734375
4 0.721875 0.37734375 0.0828125 0.078125
4 0.771875 0.1265625 0.090625 0.0765625
4 0.6625 0.14296875 0.071875 0.075
3 0.2109375 0.846875 0.303125 0.184375
3 0.359375 0.67734375 0.24375 0.1203125
3 0.1328125 0.63359375 0.209375 0.0984375
0 0.5875 0.59296875 0.1046875 0.071875
0 0.9046875 0.603125 0.1 0.0515625
0 0.74609375 0.6 0.1 0.0578125
0 0.5890625 0.74375 0.115625 0.0625
0 0.75625 0.74375 0.1 0.0625
0 0.9265625 0.875 0.10625 0.06875
0 0.5671875 0.8765625 0.1 0.065625
0 0.8046875 0.8796875 0.1 0.059375
0 0.6890625 0.88046875 0.1015625 0.059375
0 0.909375 0.7390625 0.096875 0.071875