5 0.24609375 0.2625 0.459375 0.371875
3 0.903125 0.27734375 0.190625 0.075
3 0.57265625 0.27421875 0.1453125 0.075
3 0.73125 0.25078125 0.246875 0.05625
3 0.9296875 0.24296875 0.140625 0.0375
3 0.55234375 0.240625 0.1046875 0.040625
5 0.2484375 0.7484375 0.46875 0.146875
2 0.75078125 0.87421875 0.046875 0.078125
2 0.6234375 0.840625 0.0828125 0.0703125
2 0.575 0.79921875 0.084375 0.05
2 0.8265625 0.8640625 0.059375 0.071875
2 0.675 0.871875 0.06875 0.071875
2 0.56015625 0.746875 0.0875 0.034375
2 0.58125 0.6984375 0.08125 0.03125
2 0.64609375 0.634375 0.059375 0.0421875
2 0.60625 0.65703125 0.0734375 0.04375
2 0.88515625 0.8453125 0.0828125 0.0625
2 0.9375 0.7234375 0.084375 0.0328125
2 0.93203125 0.765625 0.084375 0.0390625
2 0.9265625 0.6859375 0.08125 0.03125
2 0.696875 0.615625 0.0453125 0.04375
2 0.90078125 0.65390625 0.06875 0.0328125
2 0.9203125 0.81171875 0.0875 0.05
2 0.825 0.61953125 0.05625 0.040625
2 0.8671875 0.63359375 0.0609375 0.04375
2 0.74375 0.61328125 0.025 0.040625
2 0.7828125 0.61328125 0.034375 0.04375