1 0.1390625 0.11015625 0.075 0.0671875
1 0.26484375 0.0671875 0.084375 0.046875
1 0.07109375 0.20703125 0.059375 0.078125
1 0.375 0.12109375 0.071875 0.0671875
1 0.4328125 0.2234375 0.05 0.08125
1 0.4171875 0.32890625 0.05625 0.078125
1 0.07734375 0.31953125 0.059375 0.0828125
1 0.3453125 0.4140625 0.071875 0.0609375
1 0.24375 0.43984375 0.071875 0.05
1 0.14609375 0.4015625 0.071875 0.0625
2 0.82890625 0.340625 0.121875 0.053125
2 0.94765625 0.30625 0.090625 0.040625
2 0.7546875 0.32734375 0.1015625 0.040625
2 0.884375 0.29140625 0.0875 0.034375
2 0.70859375 0.309375 0.0984375 0.0375
2 0.8375 0.28125 0.078125 0.0296875
2 0.78671875 0.271875 0.078125 0.028125
2 0.6671875 0.296875 0.0875 0.028125
2 0.74609375 0.26484375 0.053125 0.0234375
2 0.721875 0.259375 0.0578125 0.0234375
2 0.6078125 0.2796875 0.0625 0.025
2 0.5328125 0.2546875 0.0578125 0.0203125
2 0.559375 0.2671875 0.0578125 0.021875
2 0.69296875 0.25390625 0.053125 0.021875
2 0.58515625 0.27109375 0.059375 0.025
2 0.63984375 0.28671875 0.0875 0.028125
2 0.63828125 0.24375 0.05 0.01875
2 0.67109375 0.2484375 0.046875 0.01875
2 0.540625 0.26328125 0.0484375 0.01875
2 0.65 0.2453125 0.03125 0.015625
5 0.2265625 0.77265625 0.2171875 0.121875
5 0.75390625 0.7484375 0.0984375 0.23125