5 0.14765625 0.30703125 0.2125 0.353125
5 0.2515625 0.10546875 0.40625 0.2015625
5 0.35546875 0.30703125 0.20625 0.3515625
5 0.76171875 0.2484375 0.221875 0.41875
5 0.234375 0.74921875 0.4265625 0.490625
1 0.6390625 0.61015625 0.075 0.0671875
1 0.76484375 0.5671875 0.084375 0.046875
1 0.57109375 0.70703125 0.059375 0.078125
1 0.875 0.62109375 0.071875 0.0671875
1 0.9328125 0.7234375 0.05 0.08125
1 0.9171875 0.82890625 0.05625 0.078125
1 0.57734375 0.81953125 0.059375 0.0828125
1 0.8453125 0.9140625 0.071875 0.0609375
1 0.74375 0.93984375 0.071875 0.05
1 0.64609375 0.9015625 0.071875 0.0625