1 0.06953125 0.2671875 0.11875 0.09375
1 0.29609375 0.31953125 0.125 0.1125
1 0.4328125 0.253125 0.1125 0.071875
1 0.06015625 0.17578125 0.084375 0.065625
1 0.240625 0.25 0.10625 0.075
1 0.3046875 0.1453125 0.078125 0.04375
1 0.1765625 0.1484375 0.08125 0.0484375
1 0.35234375 0.1859375 0.096875 0.059375
1 0.2046875 0.19375 0.0875 0.0625
1 0.43984375 0.1703125 0.078125 0.053125
1 0.75 0.2296875 0.44375 0.103125
1 0.2390625 0.5546875 0.11875 0.078125
1 0.10703125 0.62578125 0.1015625 0.1078125
1 0.35703125 0.58671875 0.075 0.071875
1 0.05859375 0.74609375 0.078125 0.084375
1 0.43046875 0.671875 0.06875 0.0875
1 0.3 0.68828125 0.08125 0.0890625
1 0.19453125 0.68671875 0.0828125 0.071875
1 0.2515625 0.7703125 0.075 0.0828125
1 0.39140625 0.87421875 0.0625 0.0703125
1 0.09140625 0.86640625 0.0765625 0.0875
1 0.44296875 0.790625 0.0625 0.075
1 0.3078125 0.81484375 0.084375 0.065625
1 0.18203125 0.8203125 0.078125 0.071875
1 0.1984375 0.9375 0.0875 0.0671875
1 0.3015625 0.93671875 0.0625 0.059375
4 0.7484375 0.7453125 0.315625 0.4671875