5 0.2546875 0.2515625 0.0796875 0.1875
2 0.58828125 0.32578125 0.153125 0.0875
2 0.6578125 0.2828125 0.140625 0.0734375
2 0.83515625 0.17421875 0.0875 0.05
2 0.70859375 0.24765625 0.121875 0.065625
2 0.7609375 0.221875 0.115625 0.0609375
2 0.80078125 0.30234375 0.115625 0.0546875
2 0.9453125 0.19921875 0.084375 0.0421875
2 0.7984375 0.19375 0.1 0.05625
2 0.8328125 0.2765625 0.1109375 0.05625
2 0.8640625 0.25234375 0.096875 0.053125
2 0.89140625 0.23359375 0.090625 0.05
2 0.91484375 0.2140625 0.0828125 0.04375
1 0.2921875 0.6734375 0.14375 0.06875
1 0.16484375 0.83125 0.1984375 0.146875
1 0.4390625 0.66875 0.1203125 0.078125
1 0.16171875 0.7 0.14375 0.075
1 0.08828125 0.75 0.175 0.0859375
3 0.75 0.75078125 0.2578125 0.215625