0 0.0875 0.09296875 0.1046875 0.071875
0 0.4046875 0.103125 0.1 0.0515625
0 0.24609375 0.1 0.1 0.0578125
0 0.0890625 0.24375 0.115625 0.0625
0 0.25625 0.24375 0.1 0.0625
0 0.4265625 0.375 0.10625 0.06875
0 0.0671875 0.3765625 0.1 0.065625
0 0.3046875 0.3796875 0.1 0.059375
0 0.1890625 0.38046875 0.1015625 0.059375
0 0.409375 0.2390625 0.096875 0.071875
5 0.77109375 0.175 0.234375 0.184375
4 0.096875 0.71640625 0.103125 0.06875
4 0.33125 0.81796875 0.109375 0.075
4 0.20078125 0.8390625 0.103125 0.08125
4 0.16953125 0.75546875 0.084375 0.06875
4 0.0734375 0.790625 0.0828125 0.05625
4 0.42734375 0.78046875 0.0859375 0.05625
4 0.26640625 0.73828125 0.109375 0.084375
4 0.2859375 0.6671875 0.0875 0.05625
4 0.38359375 0.7140625 0.090625 0.065625
4 0.17734375 0.67421875 0.06875 0.046875
4 0.596875 0.71640625 0.103125 0.06875
4 0.83125 0.81796875 0.109375 0.075
4 0.70078125 0.8390625 0.103125 0.08125
4 0.66953125 0.75546875 0.084375 0.06875
4 0.5734375 0.790625 0.0828125 0.05625
4 0.92734375 0.78046875 0.0859375 0.05625
4 0.76640625 0.73828125 0.109375 0.084375
4 0.7859375 0.6671875 0.0875 0.05625
4 0.88359375 0.7140625 0.090625 0.065625
4 0.67734375 0.67421875 0.06875 0.046875