1 0.31015625 0.23203125 0.33125 0.15
1 0.10546875 0.20390625 0.146875 0.115625
1 0.73046875 0.3578125 0.125 0.09375
1 0.8890625 0.315625 0.13125 0.09375
1 0.5734375 0.29375 0.1109375 0.084375
1 0.634375 0.13671875 0.071875 0.06875
1 0.871875 0.153125 0.0828125 0.06875
1 0.7484375 0.21640625 0.0828125 0.0609375
1 0.56015625 0.1984375 0.10625 0.075
1 0.93984375 0.228125 0.1 0.078125
1 0.753125 0.125 0.06875 0.0640625
4 0.3546875 0.74453125 0.20625 0.2234375
4 0.134375 0.759375 0.1875 0.21875
4 0.6890625 0.86796875 0.109375 0.0921875
4 0.596875 0.8140625 0.10625 0.084375
4 0.90703125 0.80390625 0.103125 0.0921875
4 0.58359375 0.7140625 0.10625 0.090625
4 0.8109375 0.8578125 0.10625 0.084375
4 0.7 0.76328125 0.1 0.0953125
4 0.80703125 0.75 0.096875 0.1125
4 0.80703125 0.6359375 0.115625 0.0953125
4 0.91484375 0.68828125 0.096875 0.115625
4 0.69453125 0.65546875 0.096875 0.1046875