0 0.0875 0.09296875 0.1046875 0.071875
0 0.4046875 0.103125 0.1 0.0515625
0 0.24609375 0.1 0.1 0.0578125
0 0.0890625 0.24375 0.115625 0.0625
0 0.25625 0.24375 0.1 0.0625
0 0.4265625 0.375 0.10625 0.06875
0 0.0671875 0.3765625 0.1 0.065625
0 0.3046875 0.3796875 0.1 0.059375
0 0.1890625 0.38046875 0.1015625 0.059375
0 0.409375 0.2390625 0.096875 0.071875
4 0.86796875 0.26171875 0.246875 0.15625
4 0.603125 0.271875 0.203125 0.11875
1 0.34609375 0.8125 0.10625 0.09375
1 0.175 0.81640625 0.1125 0.08125
1 0.08125 0.74921875 0.084375 0.06875
1 0.13125 0.675 0.078125 0.040625
1 0.25546875 0.64765625 0.09375 0.028125
1 0.428125 0.734375 0.0859375 0.05
1 0.36875 0.67109375 0.065625 0.025
4 0.76953125 0.75 0.4 0.284375