2 0.3875 0.08125 0.071875 0.13125
2 0.18125 0.08125 0.0625 0.13125
2 0.08125 0.08125 0.053125 0.13125
2 0.34375 0.24921875 0.065625 0.134375
2 0.284375 0.08125 0.04375 0.13125
2 0.3828125 0.40703125 0.0765625 0.134375
2 0.0953125 0.40703125 0.078125 0.134375
2 0.1375 0.24921875 0.05 0.1359375
2 0.20546875 0.24921875 0.05 0.134375
2 0.26953125 0.24921875 0.046875 0.134375
2 0.2015625 0.4078125 0.0734375 0.134375
2 0.2921875 0.4078125 0.05625 0.134375
2 0.75078125 0.0609375 0.0953125 0.0625
2 0.6125 0.121875 0.0765625 0.075
2 0.89453125 0.3609375 0.0765625 0.084375
2 0.5515625 0.25078125 0.05625 0.0875
2 0.871875 0.1109375 0.075 0.0625
2 0.9328125 0.22265625 0.059375 0.084375
2 0.75390625 0.44375 0.08125 0.05
2 0.61171875 0.3890625 0.06875 0.0625
2 0.73046875 0.171875 0.053125 0.046875
2 0.83203125 0.2875 0.040625 0.0578125
2 0.66640625 0.225 0.040625 0.0484375
2 0.67734375 0.31796875 0.05 0.0515625
2 0.81875 0.209375 0.053125 0.04375
2 0.7609375 0.34375 0.0546875 0.046875
2 0.721875 0.24375 0.040625 0.040625
2 0.77109375 0.23359375 0.0375 0.0390625
2 0.74765625 0.2828125 0.046875 0.03125
5 0.2515625 0.7484375 0.45 0.2015625
2 0.80859375 0.825 0.10625 0.140625
2 0.61875 0.79453125 0.140625 0.125
2 0.92578125 0.76328125 0.128125 0.0875
2 0.77109375 0.6953125 0.090625 0.06875
2 0.56953125 0.70625 0.1328125 0.0828125
2 0.71796875 0.6171875 0.0625 0.0625
2 0.815625 0.621875 0.059375 0.0625
2 0.9015625 0.64375 0.1 0.0640625
2 0.62734375 0.64296875 0.10625 0.0625
2 0.94140625 0.690625 0.10625 0.065625