3 0.1984375 0.328125 0.15625 0.1171875
3 0.14453125 0.22578125 0.1375 0.09375
3 0.27265625 0.16953125 0.1109375 0.090625
3 0.35546875 0.2671875 0.134375 0.109375
0 0.60078125 0.271875 0.14375 0.103125
0 0.8984375 0.28125 0.1109375 0.0890625
0 0.7609375 0.22421875 0.1296875 0.08125
5 0.2515625 0.79921875 0.3578125 0.15625
5 0.25 0.64609375 0.3578125 0.05
4 0.85234375 0.83828125 0.075 0.0671875
4 0.6453125 0.6640625 0.065625 0.06875
4 0.73828125 0.86328125 0.065625 0.0765625
4 0.80390625 0.771875 0.0703125 0.065625
4 0.6234375 0.75703125 0.071875 0.059375
4 0.88203125 0.71640625 0.0734375 0.065625
4 0.65 0.83359375 0.0640625 0.06875
4 0.80859375 0.665625 0.06875 0.0734375
4 0.7203125 0.74609375 0.0671875 0.071875
4 0.7359375 0.6390625 0.053125 0.071875