2 0.3484375 0.2640625 0.196875 0.175
2 0.15390625 0.215625 0.19375 0.15625
1 0.93203125 0.2765625 0.0875 0.11875
1 0.7046875 0.0546875 0.1015625 0.078125
1 0.8375 0.06328125 0.0828125 0.071875
1 0.55859375 0.240625 0.090625 0.103125
1 0.85390625 0.403125 0.109375 0.090625
1 0.70703125 0.4234375 0.1109375 0.090625
1 0.6 0.1265625 0.0890625 0.075
1 0.915625 0.153125 0.0671875 0.078125
1 0.58671875 0.35625 0.065625 0.0671875
3 0.221875 0.80703125 0.1796875 0.146875
3 0.278125 0.684375 0.15625 0.121875
5 0.74921875 0.7421875 0.359375 0.125