4 0.09609375 0.25 0.1328125 0.0953125
4 0.184375 0.1953125 0.109375 0.065625
4 0.22265625 0.3234375 0.134375 0.08125
4 0.39140625 0.221875 0.1359375 0.075
4 0.265625 0.1515625 0.096875 0.053125
4 0.30390625 0.265625 0.128125 0.0703125
2 0.74609375 0.21953125 0.384375 0.28125
4 0.22109375 0.8234375 0.13125 0.0859375
4 0.25625 0.72421875 0.10625 0.05
4 0.2703125 0.65078125 0.078125 0.0453125
4 0.1 0.7328125 0.11875 0.046875
4 0.41640625 0.71796875 0.096875 0.065625
1 0.75 0.74921875 0.428125 0.228125