1 0.06328125 0.2453125 0.090625 0.034375
1 0.05546875 0.30234375 0.090625 0.0421875
1 0.32109375 0.290625 0.103125 0.0375
1 0.2 0.246875 0.0828125 0.03125
1 0.18515625 0.28984375 0.0890625 0.0359375
1 0.3203125 0.24609375 0.075 0.028125
1 0.43984375 0.24609375 0.075 0.028125
1 0.44453125 0.28984375 0.096875 0.0390625
4 0.83125 0.28828125 0.225 0.16875
4 0.59765625 0.3171875 0.1375 0.178125
4 0.78828125 0.13359375 0.10625 0.08125
5 0.24921875 0.77265625 0.1828125 0.159375
1 0.578125 0.75625 0.134375 0.165625
1 0.91953125 0.759375 0.1203125 0.13125
1 0.6640625 0.56875 0.121875 0.1125
1 0.76484375 0.91484375 0.175 0.15625
1 0.8625 0.60078125 0.140625 0.134375