1 0.14765625 0.315625 0.1 0.121875
1 0.315625 0.33125 0.090625 0.128125
1 0.4328125 0.26796875 0.0984375 0.09375
1 0.16640625 0.1296875 0.053125 0.046875
1 0.2734375 0.11953125 0.046875 0.034375
1 0.05546875 0.2453125 0.090625 0.09375
1 0.4390625 0.19609375 0.078125 0.0625
1 0.0671875 0.171875 0.075 0.0578125
1 0.3609375 0.14140625 0.0546875 0.05
5 0.7484375 0.24765625 0.14375 0.11875
0 0.25625 0.67734375 0.0625 0.040625
0 0.34296875 0.675 0.053125 0.03125
0 0.240625 0.5890625 0.040625 0.03125
0 0.34609375 0.74296875 0.0625 0.0296875
0 0.41640625 0.5921875 0.046875 0.028125
0 0.15625 0.58984375 0.046875 0.034375
0 0.159375 0.81484375 0.0703125 0.034375
0 0.0671875 0.67421875 0.053125 0.034375
0 0.15859375 0.6734375 0.075 0.0359375
0 0.15625 0.746875 0.0625 0.0390625
0 0.328125 0.590625 0.0625 0.03125
0 0.06015625 0.75078125 0.053125 0.0328125
0 0.253125 0.815625 0.0625 0.0375
0 0.06796875 0.81796875 0.06875 0.040625
0 0.43203125 0.67265625 0.05625 0.0296875
0 0.253125 0.74296875 0.0515625 0.0375
0 0.2578125 0.8953125 0.059375 0.0375
0 0.06640625 0.59609375 0.065625 0.034375
0 0.3484375 0.89609375 0.0546875 0.03125
0 0.1578125 0.896875 0.05 0.0328125
0 0.434375 0.7390625 0.053125 0.034375
0 0.34765625 0.809375 0.0578125 0.0375
0 0.4375 0.89140625 0.0703125 0.0421875
0 0.0578125 0.8953125 0.059375 0.034375
0 0.434375 0.81171875 0.0578125 0.0375
1 0.809375 0.803125 0.1625 0.21875
1 0.63125 0.721875 0.203125 0.1609375
1 0.8734375 0.65859375 0.1921875 0.146875