3 0.1296875 0.29765625 0.225 0.1171875
3 0.37578125 0.30078125 0.234375 0.10625
3 0.79609375 0.23671875 0.08125 0.1015625
3 0.6140625 0.14921875 0.08125 0.0859375
3 0.7 0.25390625 0.0765625 0.0859375
3 0.74140625 0.36171875 0.0765625 0.090625
3 0.85625 0.36015625 0.0875 0.075
3 0.5953125 0.24921875 0.075 0.0890625
3 0.62421875 0.359375 0.084375 0.078125
3 0.73515625 0.15 0.08125 0.084375
3 0.86875 0.13984375 0.078125 0.1015625
3 0.89921875 0.259375 0.0875 0.0890625
3 0.2046875 0.671875 0.0984375 0.071875
3 0.37890625 0.81875 0.1140625 0.09375
3 0.35859375 0.6921875 0.1 0.078125
3 0.14921875 0.82109375 0.11875 0.0953125
3 0.25703125 0.746875 0.10625 0.084375
3 0.1 0.72734375 0.103125 0.0765625
5 0.75 0.75390625 0.49375 0.3140625