2 0.13125 0.2453125 0.1625 0.25
2 0.359375 0.2484375 0.203125 0.25
3 0.88984375 0.08203125 0.1859375 0.1625
3 0.64140625 0.0953125 0.20625 0.1421875
3 0.70234375 0.2265625 0.11875 0.140625
3 0.58046875 0.2265625 0.103125 0.140625
3 0.8328125 0.23359375 0.0875 0.1375
3 0.77578125 0.3328125 0.090625 0.0828125
3 0.925 0.2328125 0.090625 0.13125
3 0.65234375 0.3375 0.090625 0.0796875
3 0.903125 0.3375 0.0953125 0.06875
3 0.671875 0.4171875 0.05625 0.046875
3 0.53828125 0.42109375 0.05625 0.040625
3 0.534375 0.36640625 0.05 0.040625
3 0.60859375 0.41953125 0.053125 0.04375
3 0.534375 0.46953125 0.0578125 0.046875
3 0.60625 0.4703125 0.053125 0.046875
3 0.671875 0.4734375 0.0578125 0.0390625
3 0.77734375 0.44375 0.0375 0.03125
3 0.7296875 0.409375 0.0390625 0.025
3 0.78046875 0.478125 0.0375 0.028125
3 0.77734375 0.40859375 0.0375 0.025
3 0.82421875 0.44296875 0.034375 0.0265625
3 0.73125 0.478125 0.0359375 0.0265625
3 0.85625 0.4078125 0.03125 0.028125
3 0.73125 0.44453125 0.0375 0.028125
3 0.81953125 0.4078125 0.034375 0.0265625
3 0.86484375 0.478125 0.03125 0.0265625
3 0.865625 0.4421875 0.034375 0.025
3 0.82578125 0.478125 0.03125 0.028125
3 0.9296875 0.41640625 0.025 0.0171875
3 0.96171875 0.4171875 0.021875 0.015625
3 0.9015625 0.41953125 0.021875 0.015625
3 0.984375 0.43125 0.021875 0.015625
3 0.90390625 0.484375 0.021875 0.015625
3 0.98671875 0.47734375 0.015625 0.0171875
3 0.965625 0.4859375 0.0171875 0.015625
3 0.98671875 0.45390625 0.01875 0.0125
3 0.93203125 0.4421875 0.021875 0.0125
3 0.903125 0.440625 0.021875 0.0140625
3 0.90390625 0.46015625 0.021875 0.015625
3 0.9328125 0.4640625 0.0203125 0.015625
3 0.9640625 0.46328125 0.021875 0.0140625
3 0.9328125 0.48671875 0.01875 0.0125
3 0.96015625 0.44140625 0.021875 0.0125
4 0.39375 0.7796875 0.2125 0.203125
4 0.21484375 0.7640625 0.215625 0.121875
5 0.7671875 0.765625 0.2953125 0.178125