4 0.25859375 0.2515625 0.35625 0.2875
2 0.75546875 0.284375 0.128125 0.0953125
2 0.91953125 0.240625 0.11875 0.071875
2 0.6546875 0.23828125 0.11875 0.08125
2 0.57265625 0.20234375 0.09375 0.05
2 0.67890625 0.1453125 0.075 0.0421875
2 0.7453125 0.1671875 0.084375 0.046875
2 0.81796875 0.190625 0.10625 0.071875
4 0.134375 0.72734375 0.09375 0.084375
4 0.25546875 0.73046875 0.090625 0.06875
4 0.25390625 0.64609375 0.0875 0.078125
4 0.37890625 0.71953125 0.1 0.0796875
4 0.32578125 0.8046875 0.1015625 0.078125
4 0.19453125 0.80859375 0.0875 0.078125
4 0.74921875 0.753125 0.39375 0.2796875