5 0.24921875 0.2484375 0.14375 0.1234375
1 0.74921875 0.3 0.08125 0.053125
1 0.6390625 0.32109375 0.075 0.0625
1 0.83515625 0.21484375 0.0578125 0.040625
1 0.871875 0.2765625 0.0828125 0.046875
1 0.571875 0.2953125 0.05 0.053125
1 0.8328125 0.25 0.071875 0.046875
1 0.6625 0.2671875 0.05625 0.0484375
1 0.6046875 0.2515625 0.0484375 0.0375
1 0.90078125 0.2296875 0.059375 0.040625
1 0.94375 0.24765625 0.075 0.034375
1 0.684375 0.225 0.0453125 0.034375
1 0.753125 0.25625 0.0546875 0.046875
1 0.721875 0.2078125 0.046875 0.028125
1 0.76328125 0.23125 0.0515625 0.03125
1 0.66171875 0.20703125 0.040625 0.025
1 0.778125 0.2109375 0.059375 0.0328125
1 0.696875 0.24453125 0.0375 0.034375
1 0.62890625 0.228125 0.04375 0.0296875
3 0.353125 0.746875 0.178125 0.171875
3 0.15546875 0.75703125 0.165625 0.171875
4 0.71796875 0.8640625 0.1015625 0.0921875
4 0.6453125 0.646875 0.090625 0.05625
4 0.83515625 0.8578125 0.075 0.065625
4 0.94140625 0.7109375 0.09375 0.0796875
4 0.8046875 0.6296875 0.078125 0.05
4 0.9421875 0.7953125 0.0921875 0.071875
4 0.734375 0.628125 0.04375 0.034375
4 0.55859375 0.746875 0.109375 0.0890625
4 0.69609375 0.73125 0.05625 0.046875
4 0.59140625 0.81875 0.0734375 0.053125
4 0.8671875 0.66875 0.0484375 0.0390625
4 0.77265625 0.75859375 0.059375 0.046875
4 0.759375 0.70625 0.053125 0.040625
4 0.5875 0.690625 0.04375 0.0375