5 0.25390625 0.26015625 0.365625 0.196875
0 0.74453125 0.0625 0.059375 0.046875
0 0.82734375 0.078125 0.053125 0.046875
0 0.6515625 0.0890625 0.0546875 0.0515625
0 0.5875 0.146875 0.0453125 0.053125
0 0.8921875 0.1296875 0.0484375 0.053125
0 0.93203125 0.203125 0.0375 0.05
0 0.74609375 0.1875 0.05625 0.05
0 0.803125 0.24375 0.04375 0.053125
0 0.56171875 0.225 0.046875 0.059375
0 0.9296875 0.278125 0.05 0.05
0 0.6859375 0.22734375 0.046875 0.0546875
0 0.5671875 0.30390625 0.046875 0.05625
0 0.6515625 0.4109375 0.053125 0.05
0 0.59375 0.36484375 0.0453125 0.046875
0 0.7 0.29453125 0.05625 0.05
0 0.8546875 0.40078125 0.0546875 0.046875
0 0.796875 0.43671875 0.053125 0.04375
0 0.725 0.44140625 0.053125 0.04375
0 0.7734375 0.3078125 0.05 0.046875
0 0.9109375 0.34765625 0.046875 0.053125
3 0.36796875 0.81171875 0.1234375 0.0875
3 0.265625 0.75078125 0.1109375 0.08125
3 0.3484375 0.69296875 0.109375 0.0703125
3 0.16796875 0.8296875 0.1109375 0.096875
3 0.17265625 0.70078125 0.096875 0.075
5 0.728125 0.7703125 0.234375 0.1375