0 0.0671875 0.3515625 0.09375 0.078125
0 0.1453125 0.3296875 0.09375 0.071875
0 0.215625 0.309375 0.09375 0.05625
0 0.28046875 0.29609375 0.090625 0.053125
0 0.43984375 0.221875 0.078125 0.028125
0 0.3296875 0.1859375 0.0859375 0.03125
0 0.33125 0.2890625 0.0703125 0.0375
0 0.4578125 0.25234375 0.040625 0.034375
0 0.38046875 0.20703125 0.0875 0.03125
0 0.0765625 0.12734375 0.0625 0.0375
0 0.3921875 0.2734375 0.090625 0.0375
0 0.27890625 0.171875 0.075 0.034375
0 0.13515625 0.1375 0.0796875 0.03125
0 0.18125 0.14453125 0.0859375 0.03125
0 0.2234375 0.1578125 0.06875 0.03125
2 0.61328125 0.11015625 0.125 0.1125
2 0.8671875 0.4171875 0.1359375 0.0921875
2 0.80390625 0.0609375 0.146875 0.09375
2 0.55625 0.28984375 0.096875 0.1640625
2 0.9359375 0.228125 0.09375 0.146875
2 0.67578125 0.43671875 0.1328125 0.09375
5 0.30703125 0.665625 0.1796875 0.303125
5 0.875 0.73359375 0.196875 0.265625
5 0.73828125 0.75859375 0.453125 0.221875
5 0.70546875 0.64296875 0.384375 0.08125