2 0.24609375 0.253125 0.459375 0.265625
0 0.54375 0.22578125 0.0703125 0.05
0 0.91796875 0.28125 0.1453125 0.059375
0 0.7171875 0.20625 0.084375 0.040625
0 0.84921875 0.23515625 0.090625 0.053125
0 0.63203125 0.2109375 0.078125 0.0453125
0 0.790625 0.2171875 0.06875 0.0453125
5 0.23046875 0.7640625 0.25 0.1546875
1 0.5859375 0.7578125 0.1015625 0.046875
1 0.771875 0.78828125 0.1453125 0.059375
1 0.67734375 0.77265625 0.115625 0.05
1 0.87421875 0.7578125 0.103125 0.04375
1 0.934375 0.7359375 0.0859375 0.0359375
1 0.75234375 0.740625 0.0875 0.0328125
1 0.6125 0.73203125 0.0703125 0.028125
1 0.81796875 0.7234375 0.078125 0.03125
1 0.7171875 0.72265625 0.0875 0.03125