4 0.3515625 0.2828125 0.090625 0.078125
4 0.2265625 0.3 0.096875 0.078125
4 0.321875 0.1984375 0.0984375 0.078125
4 0.11328125 0.265625 0.096875 0.065625
4 0.21015625 0.203125 0.084375 0.084375
1 0.6546875 0.28671875 0.1828125 0.3109375
1 0.8328125 0.2171875 0.1875 0.30625
1 0.171875 0.7703125 0.3125 0.2078125
1 0.38046875 0.71484375 0.20625 0.18125
0 0.55 0.71875 0.0375 0.059375
0 0.5484375 0.78359375 0.05 0.059375
0 0.63046875 0.77578125 0.053125 0.0625
0 0.60625 0.721875 0.040625 0.040625
0 0.89375 0.721875 0.034375 0.04375
0 0.93046875 0.82734375 0.065625 0.0609375
0 0.6984375 0.7078125 0.04375 0.046875
0 0.61171875 0.83828125 0.0609375 0.05
0 0.93046875 0.6859375 0.034375 0.04375
0 0.88125 0.778125 0.053125 0.0421875
0 0.95625 0.77578125 0.0484375 0.046875
0 0.5796875 0.68125 0.0375 0.0359375
0 0.8578125 0.6703125 0.0375 0.04375
0 0.8296875 0.81796875 0.0640625 0.0484375
0 0.621875 0.64609375 0.04375 0.034375
0 0.95859375 0.73046875 0.04375 0.0375
0 0.78515625 0.7546875 0.071875 0.0375
0 0.896875 0.65625 0.0453125 0.040625
0 0.73203125 0.81796875 0.065625 0.040625
0 0.678125 0.6265625 0.040625 0.03125
0 0.7625 0.7125 0.053125 0.0375
0 0.8421875 0.86015625 0.084375 0.05
0 0.846875 0.63203125 0.046875 0.03125
0 0.64140625 0.67421875 0.05 0.034375
0 0.715625 0.86953125 0.0875 0.05
0 0.71875 0.64375 0.05625 0.028125
0 0.79609375 0.64140625 0.0609375 0.034375
0 0.73359375 0.61484375 0.046875 0.028125
0 0.79140625 0.68359375 0.059375 0.028125
0 0.7875 0.61796875 0.046875 0.0234375