5 0.24921875 0.27578125 0.309375 0.1484375
0 0.75234375 0.2453125 0.359375 0.440625
4 0.1265625 0.58359375 0.075 0.0640625
4 0.36484375 0.5828125 0.0734375 0.0625
4 0.34375 0.9203125 0.071875 0.06875
4 0.15078125 0.9296875 0.08125 0.05
4 0.159375 0.640625 0.0578125 0.05
4 0.33203125 0.63515625 0.0609375 0.0515625
4 0.17109375 0.871875 0.05625 0.05
4 0.43984375 0.7625 0.05 0.0765625
4 0.303125 0.6828125 0.04375 0.034375
4 0.33125 0.86015625 0.053125 0.046875
4 0.11875 0.7703125 0.040625 0.053125
4 0.19765625 0.68671875 0.040625 0.0359375
4 0.2546875 0.8234375 0.04375 0.028125
4 0.1796875 0.7703125 0.028125 0.040625
4 0.0515625 0.76171875 0.046875 0.06875
4 0.3203125 0.77265625 0.03125 0.040625
4 0.375 0.7671875 0.040625 0.0515625
1 0.73984375 0.59453125 0.19375 0.146875
1 0.9 0.85234375 0.196875 0.221875
1 0.578125 0.8671875 0.15625 0.1765625