1 0.24375 0.2828125 0.421875 0.16875
1 0.56953125 0.2671875 0.11875 0.09375
1 0.79609375 0.31953125 0.125 0.1125
1 0.9328125 0.253125 0.1125 0.071875
1 0.56015625 0.17578125 0.084375 0.065625
1 0.740625 0.25 0.10625 0.075
1 0.8046875 0.1453125 0.078125 0.04375
1 0.6765625 0.1484375 0.08125 0.0484375
1 0.85234375 0.1859375 0.096875 0.059375
1 0.7046875 0.19375 0.0875 0.0625
1 0.93984375 0.1703125 0.078125 0.053125
5 0.27109375 0.7640625 0.175 0.20625
1 0.6328125 0.62578125 0.065625 0.0765625
1 0.75 0.5828125 0.078125 0.0515625
1 0.8203125 0.7265625 0.0671875 0.096875
1 0.9140625 0.7375 0.05625 0.103125
1 0.74765625 0.89765625 0.0921875 0.075
1 0.628125 0.8421875 0.084375 0.0875
1 0.85859375 0.84375 0.09375 0.0875
1 0.853125 0.6296875 0.0796875 0.06875
1 0.746875 0.79765625 0.0875 0.0546875
1 0.5734375 0.7328125 0.0625 0.1
1 0.6734375 0.73046875 0.059375 0.075
1 0.74375 0.66484375 0.0703125 0.053125