3 0.403125 0.171875 0.0953125 0.0671875
3 0.3578125 0.34140625 0.090625 0.059375
3 0.0828125 0.1796875 0.06875 0.0703125
3 0.25 0.33515625 0.075 0.06875
3 0.25078125 0.25234375 0.084375 0.0578125
3 0.14296875 0.3421875 0.090625 0.0625
3 0.35703125 0.2609375 0.0875 0.0578125
3 0.14453125 0.25703125 0.0859375 0.065625
3 0.28359375 0.1671875 0.09375 0.0671875
3 0.17734375 0.17265625 0.075 0.0609375
4 0.7484375 0.26875 0.375 0.1796875
2 0.24453125 0.740625 0.171875 0.0703125
2 0.4046875 0.78984375 0.1859375 0.0796875
2 0.084375 0.78828125 0.1625 0.08125
5 0.721875 0.7546875 0.2390625 0.153125