5 0.25625 0.3109375 0.296875 0.20625
5 0.23671875 0.0828125 0.1140625 0.071875
1 0.44921875 0.03515625 0.015625 0.0125
1 0.425 0.1390625 0.015625 0.0125
2 0.87890625 0.2953125 0.128125 0.14375
2 0.6578125 0.35234375 0.1234375 0.115625
2 0.79375 0.13984375 0.1125 0.1015625
2 0.60234375 0.16328125 0.184375 0.1125
2 0.921875 0.16484375 0.1234375 0.0875
2 0.71875 0.2484375 0.096875 0.08125
0 0.06328125 0.58359375 0.109375 0.059375
0 0.246875 0.68828125 0.1046875 0.0515625
0 0.1328125 0.6859375 0.0796875 0.05625
0 0.37109375 0.69375 0.10625 0.040625
0 0.0453125 0.77734375 0.078125 0.046875
0 0.43671875 0.590625 0.1140625 0.0453125
0 0.31640625 0.58828125 0.115625 0.05
0 0.190625 0.59296875 0.125 0.040625
0 0.0828125 0.85625 0.05625 0.040625
0 0.43125 0.859375 0.053125 0.034375
0 0.45859375 0.7765625 0.078125 0.04375
0 0.08671875 0.925 0.05625 0.0375
0 0.2578125 0.8625 0.053125 0.028125
0 0.1703125 0.8609375 0.053125 0.03125
0 0.33984375 0.86015625 0.0625 0.034375
0 0.346875 0.925 0.0578125 0.0375
0 0.26015625 0.9265625 0.05625 0.034375
0 0.1765625 0.92734375 0.05625 0.03125
0 0.2078125 0.77890625 0.0765625 0.0421875
0 0.42890625 0.921875 0.053125 0.0390625
0 0.375 0.77734375 0.0765625 0.0421875
0 0.12734375 0.78203125 0.071875 0.0359375
0 0.29140625 0.7796875 0.08125 0.0375
2 0.75 0.77578125 0.44375 0.196875