5 0.246875 0.22890625 0.3375 0.14375
1 0.7328125 0.284375 0.109375 0.109375
1 0.575 0.359375 0.1375 0.134375
1 0.578125 0.20703125 0.0921875 0.0828125
1 0.70390625 0.184375 0.0796875 0.065625
1 0.809375 0.16640625 0.0796875 0.0625
1 0.584375 0.13828125 0.0703125 0.05625
1 0.93359375 0.184375 0.0875 0.0703125
1 0.85 0.23125 0.090625 0.08125
1 0.9578125 0.1140625 0.06875 0.046875
1 0.88203125 0.128125 0.08125 0.053125
1 0.79140625 0.12265625 0.0625 0.0421875
1 0.83984375 0.09453125 0.0625 0.046875
1 0.66953125 0.09296875 0.06875 0.04375
1 0.75234375 0.0953125 0.053125 0.040625
1 0.58515625 0.09453125 0.0609375 0.04375
1 0.68828125 0.1296875 0.0703125 0.0546875
5 0.2484375 0.7828125 0.48125 0.31875
2 0.7109375 0.54375 0.08125 0.053125
2 0.6171875 0.8859375 0.0625 0.065625
2 0.5421875 0.771875 0.05 0.078125
2 0.890625 0.88125 0.059375 0.059375
2 0.76015625 0.95 0.071875 0.040625
2 0.5796875 0.634375 0.059375 0.06875
2 0.90859375 0.6296875 0.0609375 0.065625
2 0.825 0.796875 0.04375 0.040625
2 0.69375 0.82109375 0.046875 0.040625
2 0.66640625 0.6859375 0.04375 0.05
2 0.825 0.6765625 0.0453125 0.05
2 0.8296875 0.55234375 0.053125 0.034375
2 0.6546875 0.76015625 0.0328125 0.040625
2 0.8484375 0.734375 0.028125 0.040625
2 0.7609375 0.840625 0.0375 0.03125
2 0.76796875 0.63359375 0.0390625 0.0265625
2 0.95546875 0.76796875 0.0296875 0.0546875
2 0.71328125 0.64140625 0.0375 0.028125