0 0.25859375 0.05234375 0.0890625 0.059375
0 0.13125 0.10234375 0.078125 0.075
0 0.0765625 0.2015625 0.0625 0.078125
0 0.3734375 0.0921875 0.08125 0.0671875
0 0.4390625 0.18671875 0.0625 0.075
0 0.259375 0.4421875 0.06875 0.05
0 0.2296875 0.1359375 0.05625 0.040625
0 0.0828125 0.315625 0.0625 0.0765625
0 0.30546875 0.1390625 0.046875 0.040625
0 0.3765625 0.4015625 0.0796875 0.071875
0 0.44140625 0.3 0.0625 0.075
0 0.29921875 0.35625 0.05625 0.04375
0 0.13671875 0.4015625 0.0625 0.05625
0 0.16875 0.1984375 0.05625 0.0625
0 0.3609375 0.1875 0.04375 0.05625
0 0.2421875 0.2140625 0.046875 0.040625
0 0.2078125 0.35 0.05625 0.04375
0 0.29453125 0.21328125 0.046875 0.040625
0 0.3546875 0.31796875 0.0421875 0.0453125
0 0.3828125 0.25859375 0.028125 0.0375
0 0.22734375 0.2703125 0.03125 0.0375
0 0.15859375 0.27890625 0.0515625 0.06875
0 0.27109375 0.2921875 0.0375 0.028125
0 0.309375 0.26796875 0.03125 0.0359375
3 0.8109375 0.28515625 0.178125 0.1375
3 0.68671875 0.20703125 0.15625 0.13125
5 0.25 0.75546875 0.3890625 0.25
4 0.75234375 0.734375 0.340625 0.4484375