2 0.1515625 0.03203125 0.090625 0.046875
2 0.33125 0.03125 0.090625 0.05
2 0.3296875 0.25 0.0921875 0.0515625
2 0.33359375 0.396875 0.0890625 0.053125
2 0.146875 0.1109375 0.1 0.046875
2 0.334375 0.10390625 0.096875 0.040625
2 0.14921875 0.1828125 0.090625 0.05
2 0.3328125 0.46328125 0.0875 0.04375
2 0.3296875 0.32421875 0.090625 0.04375
2 0.1546875 0.4578125 0.090625 0.059375
2 0.328125 0.18125 0.08125 0.053125
2 0.146875 0.31875 0.0875 0.05625
2 0.15078125 0.24609375 0.0890625 0.046875
2 0.15 0.3875 0.090625 0.046875
5 0.73984375 0.184375 0.21875 0.275
5 0.615625 0.2625 0.209375 0.20625
5 0.87109375 0.340625 0.2375 0.1265625
5 0.87265625 0.26015625 0.21875 0.20625
5 0.621875 0.3453125 0.2265625 0.115625
4 0.2484375 0.7453125 0.315625 0.4671875
3 0.74609375 0.75078125 0.2640625 0.2