4 0.38671875 0.190625 0.134375 0.184375
4 0.21875 0.36640625 0.184375 0.15625
4 0.12578125 0.1359375 0.153125 0.1671875
2 0.578125 0.37890625 0.1125 0.125
2 0.7 0.37734375 0.1 0.1265625
2 0.9203125 0.3796875 0.1125 0.1296875
2 0.86015625 0.22109375 0.0796875 0.1
2 0.84453125 0.0890625 0.071875 0.08125
2 0.8140625 0.37578125 0.08125 0.128125
2 0.653125 0.0890625 0.05625 0.08125
2 0.634375 0.22265625 0.0625 0.0984375
2 0.7796875 0.22109375 0.053125 0.1
2 0.70625 0.221875 0.053125 0.1
2 0.71796875 0.0890625 0.05625 0.0796875
2 0.778125 0.0890625 0.040625 0.0796875
1 0.36171875 0.80625 0.253125 0.11875
1 0.12109375 0.815625 0.225 0.1125
2 0.7890625 0.8640625 0.1453125 0.171875
2 0.590625 0.7578125 0.153125 0.109375
2 0.9171875 0.7765625 0.1375 0.125
2 0.86953125 0.6109375 0.08125 0.11875
2 0.70546875 0.63125 0.159375 0.1578125