2 0.35859375 0.26640625 0.2296875 0.3109375
2 0.17421875 0.1859375 0.3015625 0.221875
5 0.784375 0.2515625 0.34375 0.228125
5 0.25078125 0.7609375 0.3453125 0.1671875
1 0.73046875 0.8578125 0.125 0.09375
1 0.8890625 0.815625 0.13125 0.09375
1 0.5734375 0.79375 0.1109375 0.084375
1 0.634375 0.63671875 0.071875 0.06875
1 0.871875 0.653125 0.0828125 0.06875
1 0.7484375 0.71640625 0.0828125 0.0609375
1 0.56015625 0.6984375 0.10625 0.075
1 0.93984375 0.728125 0.1 0.078125
1 0.753125 0.625 0.06875 0.0640625