1 0.1890625 0.03984375 0.09375 0.078125
1 0.4046875 0.12578125 0.1 0.0875
1 0.096875 0.11484375 0.090625 0.09375
1 0.30234375 0.04140625 0.09375 0.0703125
1 0.128125 0.41328125 0.084375 0.0921875
1 0.43984375 0.34453125 0.075 0.096875
1 0.0484375 0.328125 0.06875 0.084375
1 0.25625 0.1859375 0.096875 0.053125
1 0.459375 0.234375 0.0765625 0.1078125
1 0.2578125 0.3078125 0.084375 0.0625
1 0.246875 0.46328125 0.0921875 0.06875
1 0.36015625 0.4359375 0.075 0.075
1 0.04453125 0.2140625 0.0875 0.0875
1 0.19921875 0.24921875 0.0640625 0.084375
1 0.3078125 0.24296875 0.059375 0.075
5 0.7578125 0.30703125 0.4484375 0.125
5 0.7609375 0.24453125 0.346875 0.0484375
5 0.415625 0.61875 0.1125 0.121875
5 0.40625 0.740625 0.159375 0.103125
5 0.75703125 0.753125 0.3265625 0.2640625