5 0.25234375 0.24453125 0.215625 0.20625
4 0.75234375 0.246875 0.403125 0.1953125
1 0.140625 0.8203125 0.0640625 0.0546875
1 0.45 0.696875 0.0515625 0.034375
1 0.05625 0.79140625 0.065625 0.053125
1 0.2 0.74140625 0.053125 0.04375
1 0.2140625 0.6140625 0.0375 0.0359375
1 0.36015625 0.83515625 0.0671875 0.0546875
1 0.2578125 0.68125 0.04375 0.0421875
1 0.4109375 0.75390625 0.06875 0.04375
1 0.1078125 0.71796875 0.0546875 0.0375
1 0.24375 0.83984375 0.059375 0.046875
1 0.2875 0.77109375 0.053125 0.046875
1 0.38671875 0.653125 0.046875 0.034375
1 0.334375 0.7046875 0.05625 0.0390625
1 0.30703125 0.6390625 0.0515625 0.034375
1 0.165625 0.66328125 0.0546875 0.0453125
5 0.7609375 0.74921875 0.446875 0.3765625