3 0.3453125 0.109375 0.128125 0.090625
3 0.2546875 0.246875 0.1171875 0.096875
3 0.16328125 0.09765625 0.1078125 0.0921875
3 0.34375 0.3765625 0.11875 0.08125
3 0.07265625 0.2359375 0.103125 0.084375
3 0.165625 0.38203125 0.10625 0.09375
3 0.42265625 0.23984375 0.10625 0.0875
5 0.76484375 0.28203125 0.29375 0.196875
5 0.25546875 0.79296875 0.259375 0.140625
5 0.25546875 0.65625 0.259375 0.03125
1 0.74140625 0.8484375 0.13125 0.0921875
1 0.9265625 0.79453125 0.103125 0.0875
1 0.56171875 0.775 0.090625 0.071875
1 0.6421875 0.734375 0.075 0.06875
1 0.77734375 0.7546875 0.0921875 0.071875
1 0.540625 0.7 0.06875 0.065625
1 0.7515625 0.69609375 0.08125 0.0453125
1 0.609375 0.64453125 0.0671875 0.040625
1 0.65078125 0.6734375 0.065625 0.0421875
1 0.95625 0.7046875 0.075 0.0625
1 0.8078125 0.621875 0.059375 0.034375
1 0.70703125 0.61875 0.065625 0.03125
1 0.746875 0.64453125 0.0703125 0.03125
1 0.9125 0.6515625 0.071875 0.04375
1 0.84140625 0.66640625 0.071875 0.046875
1 0.88046875 0.71640625 0.0625 0.05625