4 0.3453125 0.39296875 0.109375 0.1
4 0.4171875 0.25859375 0.1125 0.0890625
4 0.32421875 0.103125 0.090625 0.1140625
4 0.08125 0.2421875 0.109375 0.08125
4 0.1734375 0.3984375 0.09375 0.10625
4 0.1703125 0.109375 0.115625 0.1078125
5 0.734375 0.24921875 0.4265625 0.490625
5 0.203125 0.73984375 0.240625 0.259375
5 0.29765625 0.75234375 0.290625 0.26875
2 0.7953125 0.809375 0.153125 0.109375
2 0.72578125 0.696875 0.084375 0.0671875
2 0.81640625 0.6640625 0.09375 0.046875
2 0.61796875 0.740625 0.128125 0.078125
2 0.8765625 0.70390625 0.11875 0.059375
2 0.67890625 0.7890625 0.1359375 0.0921875
2 0.61796875 0.684375 0.103125 0.053125
2 0.7921875 0.73125 0.109375 0.071875
2 0.696875 0.65625 0.08125 0.040625
2 0.90390625 0.7765625 0.109375 0.096875