3 0.25 0.29609375 0.446875 0.19375
5 0.7578125 0.25234375 0.328125 0.203125
0 0.2421875 0.790625 0.075 0.04375
0 0.04453125 0.72734375 0.0515625 0.0265625
0 0.34453125 0.8234375 0.084375 0.0515625
0 0.15703125 0.7671875 0.0609375 0.0359375
0 0.38359375 0.78046875 0.0703125 0.0375
0 0.1671875 0.71796875 0.0546875 0.0265625
0 0.10390625 0.7453125 0.053125 0.0328125
0 0.35546875 0.7265625 0.05 0.025
0 0.10390625 0.709375 0.040625 0.01875
0 0.16953125 0.6859375 0.0296875 0.0203125
0 0.4671875 0.6859375 0.0265625 0.015625
0 0.28515625 0.71484375 0.046875 0.0203125
0 0.44609375 0.70703125 0.034375 0.0203125
0 0.428125 0.740625 0.040625 0.021875
0 0.3015625 0.7578125 0.071875 0.034375
0 0.2234375 0.7390625 0.0484375 0.0265625
0 0.23046875 0.671875 0.03125 0.0125
0 0.3875 0.7015625 0.034375 0.021875
0 0.2921875 0.65234375 0.021875 0.0109375
0 0.3453125 0.665625 0.0234375 0.0125
0 0.32265625 0.68984375 0.0359375 0.015625
0 0.228125 0.7 0.0359375 0.0203125
0 0.409375 0.6765625 0.025 0.015625
0 0.2765625 0.6796875 0.034375 0.015625
2 0.74375 0.7796875 0.459375 0.16875