1 0.15625 0.25078125 0.275 0.275
1 0.3578125 0.265625 0.246875 0.2
4 0.7078125 0.34765625 0.1 0.075
4 0.5734375 0.3015625 0.1 0.075
4 0.84296875 0.3453125 0.1 0.071875
4 0.68828125 0.26484375 0.08125 0.071875
4 0.803125 0.26171875 0.08125 0.059375
4 0.93046875 0.2953125 0.0875 0.06875
4 0.58984375 0.171875 0.0609375 0.04375
4 0.53828125 0.221875 0.0578125 0.046875
4 0.9578125 0.23984375 0.06875 0.0578125
4 0.634375 0.215625 0.071875 0.053125
4 0.6765625 0.14375 0.046875 0.0328125
4 0.9296875 0.1828125 0.04375 0.0375
4 0.8796875 0.15234375 0.0546875 0.0375
4 0.6796875 0.1765625 0.0609375 0.034375
4 0.86875 0.2296875 0.046875 0.053125
4 0.82578125 0.1359375 0.046875 0.03125
4 0.8078125 0.16875 0.046875 0.034375
4 0.8625 0.190625 0.046875 0.0390625
4 0.7578125 0.134375 0.0515625 0.034375
4 0.74921875 0.16328125 0.04375 0.0375
5 0.253125 0.77421875 0.1375 0.121875
5 0.709375 0.73671875 0.28125 0.2453125
5 0.78359375 0.7515625 0.2765625 0.253125