0 0.16875 0.26328125 0.2734375 0.309375
0 0.3171875 0.19765625 0.325 0.2375
4 0.7484375 0.25078125 0.3265625 0.21875
2 0.2953125 0.809375 0.153125 0.109375
2 0.22578125 0.696875 0.084375 0.0671875
2 0.31640625 0.6640625 0.09375 0.046875
2 0.11796875 0.740625 0.128125 0.078125
2 0.3765625 0.70390625 0.11875 0.059375
2 0.17890625 0.7890625 0.1359375 0.0921875
2 0.11796875 0.684375 0.103125 0.053125
2 0.2921875 0.73125 0.109375 0.071875
2 0.196875 0.65625 0.08125 0.040625
2 0.40390625 0.7765625 0.109375 0.096875
2 0.74453125 0.746875 0.4546875 0.3390625