5 0.2265625 0.246875 0.31875 0.175
1 0.60625 0.1671875 0.153125 0.075
1 0.8875 0.165625 0.1515625 0.06875
1 0.746875 0.10234375 0.153125 0.0515625
1 0.56875 0.36328125 0.096875 0.090625
1 0.70703125 0.265625 0.09375 0.0625
1 0.934375 0.37265625 0.096875 0.071875
1 0.865625 0.346875 0.075 0.06875
1 0.7953125 0.2546875 0.06875 0.059375
1 0.6453125 0.334375 0.0890625 0.0703125
3 0.15703125 0.64765625 0.165625 0.1625
3 0.346875 0.64296875 0.15625 0.153125
3 0.33984375 0.859375 0.1625 0.146875
3 0.2515625 0.7578125 0.09375 0.125
3 0.1453125 0.8515625 0.134375 0.134375
3 0.86640625 0.75 0.0953125 0.0875
3 0.63046875 0.7515625 0.10625 0.0875
3 0.74375 0.75859375 0.0875 0.096875
3 0.80859375 0.8640625 0.1140625 0.075
3 0.67109375 0.865625 0.115625 0.0734375
3 0.75078125 0.6359375 0.1140625 0.08125