3 0.1296875 0.29765625 0.225 0.1171875
3 0.37578125 0.30078125 0.234375 0.10625
2 0.5921875 0.2515625 0.090625 0.0578125
2 0.91328125 0.25 0.0890625 0.05
2 0.71328125 0.2359375 0.096875 0.05
2 0.8203125 0.2828125 0.128125 0.0625
2 0.77734375 0.20078125 0.06875 0.03125
2 0.8046875 0.2328125 0.1125 0.0453125
2 0.71328125 0.20546875 0.08125 0.03125
2 0.671875 0.27734375 0.15 0.053125
2 0.88125 0.21796875 0.103125 0.0359375
2 0.63125 0.21953125 0.0703125 0.04375
4 0.24453125 0.74921875 0.0421875 0.078125
4 0.3078125 0.63984375 0.040625 0.08125
4 0.25 0.85546875 0.0375 0.075
4 0.31484375 0.85546875 0.0390625 0.0796875
4 0.18046875 0.64453125 0.0375 0.084375
4 0.36875 0.64140625 0.046875 0.08125
4 0.18828125 0.86171875 0.0359375 0.08125
4 0.31015625 0.753125 0.0375 0.08125
4 0.24453125 0.640625 0.0375 0.090625
4 0.1921875 0.7546875 0.040625 0.084375
4 0.384375 0.853125 0.040625 0.0765625
4 0.375 0.7515625 0.0421875 0.08125
4 0.1296875 0.86328125 0.040625 0.0875
4 0.12578125 0.753125 0.034375 0.08125
4 0.121875 0.65 0.0328125 0.08125
5 0.75234375 0.75546875 0.409375 0.1625