3 0.24765625 0.32421875 0.128125 0.11875
3 0.30390625 0.15859375 0.0765625 0.075
3 0.33515625 0.25234375 0.09375 0.084375
3 0.21484375 0.15625 0.08125 0.078125
3 0.1625 0.25 0.1046875 0.1046875
1 0.75 0.23515625 0.453125 0.128125
4 0.365625 0.75546875 0.14375 0.1390625
4 0.1625 0.7703125 0.2 0.1328125
1 0.60625 0.6671875 0.153125 0.075
1 0.8875 0.665625 0.1515625 0.06875
1 0.746875 0.60234375 0.153125 0.0515625
1 0.56875 0.86328125 0.096875 0.090625
1 0.70703125 0.765625 0.09375 0.0625
1 0.934375 0.87265625 0.096875 0.071875
1 0.865625 0.846875 0.075 0.06875
1 0.7953125 0.7546875 0.06875 0.059375
1 0.6453125 0.834375 0.0890625 0.0703125