4 0.29140625 0.34765625 0.1375 0.13125
4 0.1515625 0.26015625 0.0984375 0.090625
4 0.2859375 0.2234375 0.1171875 0.0875
4 0.04765625 0.1328125 0.0734375 0.04375
4 0.4 0.23125 0.0890625 0.0625
4 0.09609375 0.18515625 0.0828125 0.065625
4 0.1328125 0.125 0.0625 0.040625
4 0.2171875 0.16875 0.096875 0.0640625
4 0.44453125 0.1265625 0.053125 0.040625
4 0.325 0.16640625 0.0828125 0.0625
4 0.20625 0.12421875 0.0640625 0.04375
4 0.36796875 0.1265625 0.065625 0.040625
4 0.2875 0.12421875 0.0625 0.0453125
4 0.41953125 0.16640625 0.06875 0.053125
1 0.825 0.3515625 0.1328125 0.084375
1 0.67265625 0.35234375 0.13125 0.0859375
1 0.9265625 0.27109375 0.1 0.0921875
1 0.56484375 0.215625 0.096875 0.059375
1 0.7359375 0.128125 0.0875 0.03125
1 0.63203125 0.15234375 0.084375 0.046875
1 0.56640625 0.28125 0.075 0.071875
1 0.846875 0.14375 0.075 0.0390625
1 0.921875 0.1984375 0.065625 0.0515625
5 0.23515625 0.7640625 0.2640625 0.178125
4 0.75625 0.7453125 0.284375 0.2640625