3 0.27734375 0.31953125 0.115625 0.090625
3 0.3859375 0.23046875 0.10625 0.0734375
3 0.121875 0.32578125 0.1375 0.096875
3 0.34921875 0.16171875 0.096875 0.071875
3 0.184375 0.20546875 0.128125 0.084375
1 0.75 0.24921875 0.44375 0.24375
1 0.1921875 0.809375 0.096875 0.065625
1 0.34453125 0.80546875 0.084375 0.059375
1 0.09375 0.7890625 0.0625 0.04375
1 0.4203125 0.7921875 0.065625 0.0453125
1 0.1828125 0.775 0.059375 0.040625
1 0.2703125 0.78671875 0.078125 0.05
1 0.24609375 0.7625 0.05625 0.0421875
1 0.17109375 0.7546875 0.0578125 0.040625
1 0.32421875 0.7625 0.0578125 0.0375
1 0.24453125 0.74296875 0.05625 0.028125
1 0.08828125 0.7640625 0.046875 0.034375
1 0.421875 0.76796875 0.0484375 0.034375
1 0.1296875 0.74375 0.04375 0.0296875
1 0.271875 0.73203125 0.05 0.028125
1 0.19921875 0.7359375 0.040625 0.021875
1 0.3390625 0.7390625 0.0390625 0.021875
1 0.38984375 0.746875 0.040625 0.028125
1 0.31875 0.7453125 0.053125 0.0328125
5 0.75 0.76953125 0.18125 0.165625