5 0.26328125 0.178125 0.2875 0.309375
4 0.7734375 0.2546875 0.346875 0.2734375
4 0.2484375 0.7484375 0.4625 0.309375
1 0.6109375 0.81953125 0.1140625 0.140625
1 0.790625 0.84140625 0.125 0.153125
1 0.7578125 0.70078125 0.0875 0.096875
1 0.92265625 0.784375 0.109375 0.1359375
1 0.6875 0.61015625 0.071875 0.05625
1 0.7921875 0.60625 0.071875 0.053125
1 0.5515625 0.7265625 0.084375 0.1
1 0.5921875 0.65390625 0.078125 0.075
1 0.89453125 0.63671875 0.0765625 0.075
1 0.95234375 0.69921875 0.0765625 0.096875