0 0.09921875 0.25 0.1375 0.084375
0 0.3984375 0.2484375 0.140625 0.084375
0 0.2515625 0.2484375 0.128125 0.084375
1 0.6171875 0.1359375 0.11875 0.078125
1 0.76796875 0.06875 0.140625 0.0375
1 0.58359375 0.29140625 0.134375 0.1328125
1 0.70859375 0.32890625 0.078125 0.084375
1 0.89921875 0.40859375 0.06875 0.08125
1 0.72578125 0.22109375 0.0859375 0.075
1 0.7984375 0.134375 0.109375 0.04375
1 0.921875 0.30625 0.059375 0.05625
1 0.80546875 0.36953125 0.065625 0.059375
1 0.821875 0.26953125 0.0765625 0.0625
1 0.9234375 0.22890625 0.059375 0.04375
1 0.83359375 0.19140625 0.075 0.034375
1 0.9265625 0.17265625 0.05625 0.021875
1 0.19609375 0.85546875 0.0625 0.065625
1 0.30546875 0.79140625 0.0578125 0.0546875
1 0.1671875 0.709375 0.059375 0.0375
1 0.375 0.71640625 0.05625 0.0375
1 0.18125 0.771875 0.05625 0.04375
1 0.26796875 0.72109375 0.053125 0.04375
1 0.2375 0.671875 0.05 0.03125
1 0.325 0.6375 0.05 0.028125
1 0.34453125 0.671875 0.05 0.034375
5 0.71171875 0.75234375 0.140625 0.2