2 0.25 0.303125 0.4046875 0.078125
2 0.23671875 0.18984375 0.0328125 0.0953125
2 0.0953125 0.18984375 0.0359375 0.1
2 0.14375 0.18984375 0.0375 0.1015625
2 0.28203125 0.1890625 0.034375 0.0953125
2 0.40625 0.190625 0.0328125 0.090625
2 0.36875 0.19296875 0.03125 0.09375
5 0.75703125 0.23671875 0.33125 0.1390625
1 0.17265625 0.61015625 0.128125 0.0921875
1 0.08046875 0.7734375 0.084375 0.11875
1 0.24296875 0.90859375 0.146875 0.0765625
1 0.39453125 0.8078125 0.08125 0.09375
1 0.38359375 0.64375 0.0828125 0.08125
1 0.7484375 0.7484375 0.46875 0.14375