4 0.17265625 0.15 0.140625 0.1
4 0.13046875 0.30859375 0.19375 0.16875
4 0.38359375 0.20703125 0.1703125 0.128125
5 0.74921875 0.27890625 0.4453125 0.2609375
3 0.171875 0.86015625 0.103125 0.084375
3 0.1359375 0.77578125 0.08125 0.0625
3 0.175 0.6796875 0.0703125 0.0625
3 0.2375 0.7203125 0.0796875 0.053125
3 0.3203125 0.6625 0.084375 0.0484375
3 0.28828125 0.7890625 0.096875 0.08125
3 0.365625 0.7265625 0.071875 0.0625
3 0.2484375 0.62265625 0.0671875 0.05625
3 0.41640625 0.67578125 0.0640625 0.0546875
3 0.0921875 0.734375 0.08125 0.0625
4 0.74375 0.7625 0.240625 0.2125