1 0.084375 0.25703125 0.0421875 0.034375
1 0.25078125 0.28515625 0.05625 0.04375
1 0.45 0.284375 0.059375 0.040625
1 0.34375 0.2828125 0.059375 0.04375
1 0.41171875 0.2484375 0.046875 0.03125
1 0.1515625 0.2890625 0.05625 0.040625
1 0.33125 0.253125 0.05 0.034375
1 0.17265625 0.25703125 0.04375 0.028125
1 0.05 0.2859375 0.0640625 0.04375
1 0.24765625 0.25390625 0.046875 0.03125
3 0.74609375 0.24765625 0.19375 0.2171875
2 0.43046875 0.753125 0.1 0.090625
2 0.2953125 0.7546875 0.090625 0.084375
2 0.06796875 0.75234375 0.075 0.090625
2 0.17421875 0.75 0.075 0.09375
5 0.74921875 0.74765625 0.45 0.140625