5 0.25 0.24921875 0.43125 0.121875
5 0.7453125 0.2421875 0.1828125 0.20625
5 0.253125 0.64375 0.275 0.05625
5 0.25390625 0.79453125 0.271875 0.14375
1 0.5953125 0.58671875 0.1625 0.165625
1 0.75390625 0.6125 0.175 0.146875
1 0.8203125 0.7375 0.121875 0.1109375
1 0.909375 0.6015625 0.1578125 0.15625
1 0.68515625 0.740625 0.13125 0.11875
1 0.9109375 0.80703125 0.0875 0.0875
1 0.6046875 0.821875 0.0875 0.0890625
1 0.75703125 0.8515625 0.078125 0.075
1 0.75703125 0.95625 0.053125 0.05
1 0.84296875 0.96328125 0.05625 0.05625
1 0.6640625 0.96015625 0.05625 0.05625
1 0.80625 0.92578125 0.046875 0.046875
1 0.7015625 0.925 0.046875 0.046875