2 0.378125 0.234375 0.1390625 0.065625
2 0.12265625 0.26640625 0.128125 0.0703125
2 0.2890625 0.29375 0.165625 0.071875
2 0.23046875 0.20390625 0.15 0.0375
2 0.2515625 0.24140625 0.165625 0.046875
1 0.62734375 0.3140625 0.225 0.1375
1 0.8984375 0.28203125 0.16875 0.134375
1 0.7078125 0.18359375 0.175 0.090625
1 0.3453125 0.82265625 0.15 0.090625
1 0.140625 0.8078125 0.14375 0.08125
1 0.0484375 0.728125 0.0734375 0.065625
1 0.1046875 0.6703125 0.084375 0.0359375
1 0.178125 0.7484375 0.103125 0.0609375
1 0.24375 0.7 0.071875 0.053125
1 0.321875 0.7375 0.0875 0.0734375
1 0.44921875 0.76328125 0.08125 0.08125
1 0.15078125 0.69140625 0.0625 0.04375
1 0.42890625 0.70234375 0.0640625 0.05
1 0.3375 0.6953125 0.075 0.0515625
1 0.359375 0.665625 0.065625 0.0375
1 0.19296875 0.64140625 0.05625 0.021875
1 0.240625 0.66328125 0.06875 0.03125
1 0.28125 0.64296875 0.059375 0.0234375
5 0.73984375 0.784375 0.3375 0.25
5 0.7828125 0.7546875 0.296875 0.259375