1 0.10078125 0.20703125 0.10625 0.1453125
1 0.415625 0.2015625 0.109375 0.1390625
1 0.3796875 0.35078125 0.115625 0.1359375
1 0.25 0.24921875 0.125 0.15625
1 0.11875 0.33984375 0.11875 0.15625
5 0.85546875 0.14140625 0.2046875 0.196875
5 0.753125 0.3703125 0.253125 0.128125
5 0.87421875 0.3109375 0.16875 0.2390625
5 0.65234375 0.14140625 0.2046875 0.1953125
5 0.63359375 0.3109375 0.16875 0.2375
3 0.271875 0.91640625 0.3109375 0.1640625
3 0.12109375 0.59296875 0.0984375 0.075
3 0.28125 0.62265625 0.1375 0.0703125
3 0.21953125 0.73515625 0.259375 0.134375
3 0.39453125 0.69921875 0.06875 0.09375
4 0.840625 0.74296875 0.1265625 0.1140625
4 0.6671875 0.7546875 0.1609375 0.1140625