4 0.24765625 0.2546875 0.371875 0.23125
1 0.7625 0.24921875 0.421875 0.1859375
1 0.178125 0.84375 0.096875 0.0765625
1 0.07109375 0.70703125 0.071875 0.075
1 0.33984375 0.85234375 0.09375 0.059375
1 0.34765625 0.6171875 0.0671875 0.03125
1 0.0796875 0.79375 0.075 0.0625
1 0.2671875 0.7625 0.078125 0.0625
1 0.33828125 0.7328125 0.053125 0.05
1 0.18359375 0.73046875 0.059375 0.0625
1 0.42109375 0.79921875 0.059375 0.059375
1 0.24609375 0.60546875 0.0609375 0.028125
1 0.44921875 0.73125 0.05625 0.05
1 0.21875 0.6703125 0.065625 0.040625
1 0.13984375 0.6328125 0.075 0.040625
1 0.41328125 0.66484375 0.046875 0.04375
1 0.2984375 0.6703125 0.06875 0.053125
0 0.9109375 0.8296875 0.065625 0.059375
0 0.80546875 0.871875 0.06875 0.0640625
0 0.675 0.85234375 0.0796875 0.05625
0 0.58828125 0.80078125 0.0625 0.059375
0 0.94609375 0.7546875 0.046875 0.0484375
0 0.790625 0.77578125 0.065625 0.05
0 0.5921875 0.6734375 0.05 0.0359375
0 0.5421875 0.73984375 0.05 0.05
0 0.6484375 0.63125 0.0375 0.0265625
0 0.6890625 0.7578125 0.059375 0.05
0 0.9265625 0.69375 0.0421875 0.034375
0 0.71171875 0.6125 0.0359375 0.021875
0 0.8609375 0.64765625 0.04375 0.0296875
0 0.75234375 0.7015625 0.05 0.04375
0 0.78984375 0.6203125 0.034375 0.0234375
0 0.821875 0.678125 0.040625 0.0375
0 0.84453125 0.73203125 0.0375 0.046875
0 0.70390625 0.66171875 0.046875 0.028125
0 0.65078125 0.7109375 0.040625 0.040625
0 0.771875 0.653125 0.046875 0.028125