5 0.26328125 0.25078125 0.2109375 0.1875
1 0.90859375 0.18515625 0.1125 0.0796875
1 0.92109375 0.3078125 0.075 0.078125
1 0.96640625 0.3859375 0.0578125 0.05625
1 0.7875 0.2265625 0.08125 0.06875
1 0.703125 0.171875 0.09375 0.065625
1 0.71015625 0.20859375 0.0703125 0.059375
1 0.86953125 0.24453125 0.0671875 0.053125
1 0.90078125 0.365625 0.05625 0.046875
1 0.85859375 0.29140625 0.059375 0.0515625
1 0.60078125 0.2171875 0.0625 0.040625
1 0.70546875 0.25703125 0.0484375 0.046875
1 0.84140625 0.346875 0.05625 0.0453125
1 0.8 0.3359375 0.0453125 0.040625
1 0.6546875 0.24765625 0.04375 0.0375
1 0.6140625 0.2390625 0.046875 0.034375
1 0.76171875 0.32421875 0.046875 0.040625
1 0.5359375 0.24765625 0.0375 0.028125
1 0.64609375 0.28828125 0.0328125 0.03125
1 0.621875 0.2796875 0.03125 0.028125
1 0.7 0.303125 0.034375 0.03125
1 0.67109375 0.2953125 0.028125 0.028125
1 0.728125 0.31484375 0.03125 0.0265625
1 0.559375 0.25703125 0.028125 0.0234375
1 0.578125 0.26484375 0.025 0.025
1 0.5125 0.23984375 0.021875 0.028125
1 0.59765625 0.26953125 0.0359375 0.028125
1 0.7640625 0.278125 0.05625 0.0484375
5 0.259375 0.75 0.4015625 0.36875
1 0.75 0.75546875 0.48125 0.4375