3 0.35546875 0.13125 0.16875 0.0953125
3 0.15625 0.17265625 0.175 0.11875
3 0.34453125 0.29453125 0.2640625 0.20625
3 0.090625 0.334375 0.18125 0.1625
3 0.1921875 0.0984375 0.109375 0.0296875
4 0.840625 0.24296875 0.1265625 0.1140625
4 0.6671875 0.2546875 0.1609375 0.1140625
1 0.2515625 0.75234375 0.4328125 0.265625
1 0.6234375 0.80234375 0.103125 0.034375
1 0.67734375 0.74609375 0.0671875 0.028125
1 0.778125 0.7578125 0.0828125 0.0359375
1 0.9046875 0.753125 0.08125 0.028125
1 0.7265625 0.7078125 0.059375 0.021875
1 0.75859375 0.678125 0.05 0.015625
1 0.8015625 0.71640625 0.0640625 0.021875
1 0.87734375 0.7203125 0.065625 0.028125
1 0.84453125 0.69921875 0.053125 0.01875