5 0.24921875 0.253125 0.45 0.35
4 0.70234375 0.28046875 0.165625 0.115625
3 0.21640625 0.7421875 0.2859375 0.1140625
3 0.08828125 0.80546875 0.1734375 0.159375
3 0.05546875 0.70703125 0.1109375 0.078125
3 0.30625 0.71484375 0.1375 0.071875
3 0.4203125 0.85390625 0.159375 0.15
4 0.79140625 0.84765625 0.1375 0.13125
4 0.6515625 0.76015625 0.0984375 0.090625
4 0.7859375 0.7234375 0.1171875 0.0875
4 0.54765625 0.6328125 0.0734375 0.04375
4 0.9 0.73125 0.0890625 0.0625
4 0.59609375 0.68515625 0.0828125 0.065625
4 0.6328125 0.625 0.0625 0.040625
4 0.7171875 0.66875 0.096875 0.0640625
4 0.94453125 0.6265625 0.053125 0.040625
4 0.825 0.66640625 0.0828125 0.0625
4 0.70625 0.62421875 0.0640625 0.04375
4 0.86796875 0.6265625 0.065625 0.040625
4 0.7875 0.62421875 0.0625 0.0453125
4 0.91953125 0.66640625 0.06875 0.053125