0 0.34609375 0.3046875 0.09375 0.05
0 0.17109375 0.3078125 0.090625 0.053125
0 0.43359375 0.2703125 0.075 0.0375
0 0.06796875 0.2796875 0.078125 0.04375
0 0.37890625 0.246875 0.0671875 0.03125
0 0.2390625 0.25703125 0.071875 0.0390625
0 0.090625 0.24375 0.0609375 0.034375
0 0.32734375 0.2265625 0.0578125 0.03125
0 0.1515625 0.23046875 0.053125 0.028125
0 0.246875 0.22265625 0.053125 0.025
5 0.746875 0.24453125 0.3875 0.29375
4 0.14609375 0.803125 0.128125 0.09375
4 0.35390625 0.80234375 0.1265625 0.096875
4 0.15390625 0.6828125 0.10625 0.0796875
4 0.2484375 0.75078125 0.078125 0.090625
4 0.3421875 0.6828125 0.0875 0.084375
5 0.7484375 0.7828125 0.48125 0.31875