5 0.4046875 0.17265625 0.15 0.1
1 0.80078125 0.2953125 0.103125 0.0625
1 0.63359375 0.2640625 0.1 0.0421875
1 0.6953125 0.2953125 0.1125 0.0640625
1 0.5734375 0.2375 0.08125 0.046875
1 0.7875 0.221875 0.0875 0.04375
1 0.68203125 0.21484375 0.084375 0.040625
1 0.88203125 0.2375 0.090625 0.034375
1 0.93515625 0.19453125 0.0859375 0.0375
1 0.7484375 0.19296875 0.0734375 0.028125
1 0.8453125 0.18515625 0.075 0.034375
4 0.34296875 0.8109375 0.171875 0.1578125
4 0.16796875 0.66875 0.125 0.103125
4 0.15 0.803125 0.1359375 0.1375
4 0.32578125 0.66328125 0.11875 0.115625
1 0.67578125 0.79375 0.275 0.15625
1 0.8578125 0.7078125 0.20625 0.1609375