4 0.325 0.08046875 0.1625 0.128125
4 0.153125 0.08203125 0.1625 0.1265625
4 0.06953125 0.20078125 0.121875 0.1125
4 0.1078125 0.28359375 0.128125 0.096875
4 0.42578125 0.2 0.1171875 0.103125
4 0.2484375 0.27578125 0.0875 0.096875
4 0.3953125 0.28671875 0.115625 0.0875
4 0.30546875 0.21015625 0.0625 0.0921875
4 0.18671875 0.20703125 0.08125 0.078125
4 0.2765625 0.371875 0.0375 0.0484375
4 0.40078125 0.371875 0.0359375 0.0484375
4 0.096875 0.37421875 0.034375 0.04375
4 0.340625 0.3734375 0.034375 0.046875
4 0.2140625 0.37421875 0.03125 0.04375
4 0.15546875 0.371875 0.034375 0.05
4 0.18046875 0.42890625 0.0203125 0.03125
4 0.09296875 0.42734375 0.021875 0.03125
4 0.22265625 0.4296875 0.0203125 0.028125
4 0.26171875 0.43046875 0.01875 0.028125
4 0.3359375 0.43046875 0.021875 0.0265625
4 0.29921875 0.4328125 0.015625 0.0203125
4 0.36953125 0.43203125 0.015625 0.0203125
4 0.40234375 0.43203125 0.015625 0.0203125
4 0.13515625 0.43203125 0.015625 0.021875
4 0.115625 0.4703125 0.01875 0.028125
4 0.1578125 0.471875 0.015625 0.0203125
4 0.35 0.47265625 0.015625 0.021875
4 0.240625 0.475 0.0109375 0.015625
4 0.31484375 0.475 0.0125 0.015625
4 0.28125 0.47421875 0.0109375 0.015625
4 0.20234375 0.475 0.0125 0.015625
4 0.38671875 0.475 0.0109375 0.015625
5 0.8484375 0.2953125 0.11875 0.0984375
5 0.24921875 0.75 0.44375 0.1671875
3 0.61484375 0.75546875 0.2046875 0.134375
3 0.8640625 0.7515625 0.228125 0.134375