2 0.3875 0.08125 0.071875 0.13125
2 0.18125 0.08125 0.0625 0.13125
2 0.08125 0.08125 0.053125 0.13125
2 0.34375 0.24921875 0.065625 0.134375
2 0.284375 0.08125 0.04375 0.13125
2 0.3828125 0.40703125 0.0765625 0.134375
2 0.0953125 0.40703125 0.078125 0.134375
2 0.1375 0.24921875 0.05 0.1359375
2 0.20546875 0.24921875 0.05 0.134375
2 0.26953125 0.24921875 0.046875 0.134375
2 0.2015625 0.4078125 0.0734375 0.134375
2 0.2921875 0.4078125 0.05625 0.134375
3 0.75078125 0.271875 0.48125 0.3328125
1 0.24453125 0.72421875 0.4234375 0.2875
5 0.75 0.7515625 0.4375 0.1046875