5 0.2453125 0.32265625 0.4484375 0.2734375
5 0.7390625 0.27578125 0.3375 0.2484375
5 0.784375 0.253125 0.2984375 0.240625
5 0.315625 0.9234375 0.2265625 0.134375
5 0.17109375 0.7953125 0.296875 0.134375
5 0.28359375 0.634375 0.359375 0.20625
1 0.628125 0.7703125 0.096875 0.04375
1 0.896875 0.76875 0.109375 0.046875
1 0.67890625 0.73671875 0.08125 0.028125
1 0.8546875 0.7453125 0.084375 0.028125
1 0.83125 0.72265625 0.0671875 0.021875
1 0.7078125 0.7203125 0.059375 0.021875
1 0.82109375 0.70625 0.05 0.0234375
1 0.809375 0.69609375 0.0453125 0.021875
1 0.74296875 0.70546875 0.05 0.025
1 0.759375 0.696875 0.0375 0.021875