2 0.27578125 0.2546875 0.0625 0.11875
2 0.053125 0.25234375 0.0765625 0.1375
2 0.20390625 0.2515625 0.046875 0.090625
2 0.45234375 0.246875 0.053125 0.11875
2 0.10390625 0.25 0.0515625 0.09375
2 0.41484375 0.25078125 0.040625 0.1
2 0.3296875 0.24140625 0.03125 0.059375
2 0.14375 0.24765625 0.03125 0.06875
2 0.37734375 0.2453125 0.0375 0.06875
1 0.6921875 0.353125 0.10625 0.071875
1 0.859375 0.35 0.096875 0.0828125
1 0.56484375 0.19140625 0.084375 0.06875
1 0.5765625 0.29921875 0.0734375 0.0828125
1 0.66953125 0.11484375 0.0875 0.0609375
1 0.9421875 0.2796875 0.05625 0.071875
1 0.81875 0.10859375 0.08125 0.046875
1 0.7484375 0.1546875 0.06875 0.05
1 0.94609375 0.1796875 0.078125 0.06875
1 0.72578125 0.27890625 0.078125 0.059375
1 0.80546875 0.27578125 0.06875 0.059375
1 0.68125 0.1890625 0.0625 0.053125
1 0.8515625 0.2328125 0.040625 0.05625
1 0.81875 0.18203125 0.053125 0.046875
1 0.6671875 0.2421875 0.053125 0.059375
2 0.24765625 0.79609375 0.346875 0.0875
2 0.25 0.68984375 0.371875 0.0609375
5 0.75078125 0.73828125 0.465625 0.134375