4 0.17109375 0.30625 0.1734375 0.1296875
4 0.33125 0.19453125 0.159375 0.13125
0 0.65859375 0.303125 0.1484375 0.084375
0 0.8515625 0.3078125 0.13125 0.1046875
0 0.77265625 0.23359375 0.0953125 0.0625
0 0.55078125 0.2546875 0.090625 0.0765625
0 0.80390625 0.15234375 0.065625 0.0265625
0 0.671875 0.209375 0.0765625 0.046875
0 0.63125 0.16875 0.075 0.034375
0 0.88046875 0.17421875 0.078125 0.034375
0 0.8328125 0.19140625 0.0671875 0.04375
0 0.94453125 0.2515625 0.0984375 0.065625
0 0.56015625 0.20234375 0.075 0.05
0 0.7390625 0.17734375 0.053125 0.0421875
0 0.7109375 0.153125 0.0640625 0.0265625
0 0.94765625 0.2078125 0.078125 0.0515625
5 0.203125 0.73984375 0.240625 0.259375
5 0.29765625 0.75234375 0.290625 0.26875
5 0.7578125 0.74921875 0.3625 0.265625