2 0.1796875 0.33359375 0.1390625 0.071875
2 0.215625 0.25078125 0.09375 0.075
2 0.13359375 0.21640625 0.0703125 0.071875
2 0.3171875 0.3421875 0.11875 0.090625
2 0.21484375 0.184375 0.08125 0.059375
2 0.409375 0.2625 0.0875 0.078125
2 0.38203125 0.1953125 0.10625 0.05625
2 0.303125 0.253125 0.1109375 0.0875
2 0.1015625 0.290625 0.0890625 0.0875
2 0.278125 0.1796875 0.071875 0.0640625
4 0.84296875 0.3109375 0.171875 0.1578125
4 0.66796875 0.16875 0.125 0.103125
4 0.65 0.303125 0.1359375 0.1375
4 0.82578125 0.16328125 0.11875 0.115625
2 0.16953125 0.73203125 0.109375 0.10625
2 0.29765625 0.73203125 0.109375 0.10625
2 0.059375 0.73203125 0.1 0.10625
2 0.415625 0.73203125 0.13125 0.10625
4 0.73515625 0.7484375 0.253125 0.49375