3 0.36484375 0.30546875 0.1453125 0.103125
3 0.24453125 0.23359375 0.13125 0.096875
3 0.34140625 0.165625 0.13125 0.084375
3 0.134375 0.175 0.1125 0.090625
3 0.13046875 0.32734375 0.13125 0.1140625
3 0.72109375 0.41875 0.1359375 0.0890625
3 0.83515625 0.22109375 0.109375 0.1125
3 0.86171875 0.3953125 0.1 0.109375
3 0.75 0.29765625 0.10625 0.096875
3 0.7078125 0.065625 0.109375 0.071875
3 0.5859375 0.1390625 0.0921875 0.1
3 0.834375 0.0796875 0.10625 0.0734375
3 0.7578125 0.15546875 0.09375 0.084375
3 0.596875 0.31875 0.1 0.103125
3 0.93046875 0.15546875 0.0890625 0.090625
3 0.93125 0.278125 0.125 0.090625
3 0.65546875 0.22265625 0.090625 0.115625
3 0.71875 0.409375 0.05 0.021875
1 0.253125 0.7765625 0.384375 0.2125
3 0.921875 0.8484375 0.090625 0.06875
3 0.628125 0.67109375 0.05625 0.040625
3 0.81015625 0.80546875 0.08125 0.065625
3 0.940625 0.759375 0.0625 0.05625
3 0.70234375 0.69609375 0.059375 0.0453125
3 0.78125 0.715625 0.06875 0.040625
3 0.72734375 0.7765625 0.06875 0.053125
3 0.5640625 0.7296875 0.065625 0.05
3 0.64375 0.7515625 0.06875 0.0546875
3 0.86015625 0.73828125 0.065625 0.046875