3 0.25546875 0.18203125 0.15625 0.10625
3 0.3390625 0.309375 0.146875 0.096875
3 0.1625 0.3078125 0.1578125 0.121875
5 0.75234375 0.2546875 0.21875 0.190625
3 0.13203125 0.75078125 0.078125 0.075
3 0.35 0.69375 0.06875 0.065625
3 0.35859375 0.7734375 0.06875 0.075
3 0.1609375 0.66796875 0.06875 0.071875
3 0.171875 0.82734375 0.071875 0.078125
3 0.24765625 0.85859375 0.065625 0.065625
3 0.31796875 0.8421875 0.0609375 0.0640625
3 0.25078125 0.74921875 0.090625 0.0875
3 0.2328125 0.63828125 0.0609375 0.05625
3 0.3 0.64296875 0.053125 0.053125
5 0.80703125 0.665625 0.1796875 0.303125