5 0.28828125 0.253125 0.215625 0.1
2 0.69921875 0.34375 0.090625 0.08125
2 0.578125 0.275 0.103125 0.075
2 0.8109375 0.28203125 0.0875 0.0890625
2 0.65859375 0.06953125 0.075 0.05625
2 0.83828125 0.425 0.09375 0.05625
2 0.90625 0.340625 0.096875 0.0515625
2 0.9203125 0.24765625 0.0890625 0.0625
2 0.72578125 0.45 0.0953125 0.08125
2 0.90859375 0.16171875 0.0875 0.065625
2 0.60390625 0.40234375 0.08125 0.0609375
2 0.68125 0.2 0.071875 0.075
2 0.8640625 0.10078125 0.090625 0.071875
2 0.58984375 0.175 0.075 0.09375
2 0.796875 0.05390625 0.06875 0.078125
2 0.75078125 0.13203125 0.078125 0.0671875
4 0.33203125 0.675 0.065625 0.0421875
4 0.25859375 0.63125 0.071875 0.034375
4 0.36953125 0.75 0.075 0.05
4 0.1390625 0.78671875 0.06875 0.05
4 0.1640625 0.6796875 0.0640625 0.05
4 0.11484375 0.70859375 0.0640625 0.0453125
4 0.4171875 0.7171875 0.0734375 0.0421875
4 0.0671875 0.734375 0.0640625 0.0453125
4 0.28984375 0.70078125 0.06875 0.04375
4 0.19453125 0.75703125 0.071875 0.05
4 0.21015625 0.65234375 0.0640625 0.0390625
4 0.234375 0.728125 0.071875 0.04375
4 0.3171875 0.7796875 0.0765625 0.05
4 0.26875 0.81640625 0.078125 0.053125
4 0.2203125 0.85 0.0875 0.0578125
5 0.75390625 0.65703125 0.26875 0.0296875
5 0.75390625 0.79453125 0.2703125 0.140625