5 0.2484375 0.27109375 0.315625 0.1515625
5 0.77734375 0.16484375 0.265625 0.325
5 0.409375 0.82734375 0.153125 0.09375
5 0.40859375 0.7375 0.153125 0.0984375
5 0.32734375 0.77890625 0.09375 0.1765625
0 0.36875 0.7671875 0.0140625 0.0140625
3 0.60859375 0.81015625 0.08125 0.08125
3 0.78515625 0.75546875 0.0921875 0.09375
3 0.68359375 0.74375 0.075 0.075
3 0.8671875 0.6875 0.075 0.0765625
3 0.7046875 0.8671875 0.0859375 0.0875
3 0.82578125 0.8609375 0.084375 0.084375
3 0.78515625 0.63203125 0.0671875 0.0671875
3 0.9 0.7796875 0.0765625 0.075
3 0.6953125 0.6421875 0.075 0.075
3 0.596875 0.703125 0.078125 0.078125