0 0.18359375 0.35078125 0.075 0.034375
0 0.20390625 0.278125 0.053125 0.01875
0 0.371875 0.2546875 0.0390625 0.01875
0 0.03359375 0.2953125 0.0375 0.021875
0 0.29375 0.35 0.0875 0.03125
0 0.10078125 0.3375 0.065625 0.034375
0 0.26875 0.278125 0.046875 0.025
0 0.34453125 0.3109375 0.0640625 0.0296875
0 0.3890625 0.340625 0.059375 0.028125
0 0.4546875 0.31015625 0.05 0.034375
0 0.15078125 0.253125 0.05 0.021875
0 0.06015625 0.25625 0.05 0.0203125
0 0.39453125 0.28984375 0.046875 0.0296875
0 0.31015625 0.24296875 0.0390625 0.015625
0 0.09375 0.27421875 0.034375 0.021875
0 0.12421875 0.30234375 0.0421875 0.025
0 0.36484375 0.23359375 0.046875 0.015625
0 0.21875 0.31796875 0.059375 0.025
0 0.409375 0.24453125 0.040625 0.01875
0 0.44453125 0.25859375 0.0328125 0.0234375
0 0.4640625 0.27890625 0.034375 0.028125
0 0.175 0.23359375 0.0375 0.015625
0 0.2265625 0.253125 0.046875 0.015625
0 0.290625 0.23046875 0.0375 0.015625
0 0.040625 0.27421875 0.0375 0.0203125
0 0.22890625 0.22890625 0.0390625 0.0125
0 0.35546875 0.27109375 0.04375 0.0203125
0 0.296875 0.259375 0.0453125 0.0203125
0 0.18984375 0.26328125 0.04375 0.015625
0 0.11484375 0.2421875 0.04375 0.01875
0 0.05390625 0.3140625 0.0625 0.0296875
0 0.23828125 0.2421875 0.0484375 0.015625
0 0.3234375 0.28984375 0.040625 0.021875
0 0.13984375 0.28125 0.0296875 0.021875
0 0.23203125 0.3015625 0.078125 0.0203125
2 0.94375 0.153125 0.065625 0.078125
2 0.8265625 0.03125 0.0859375 0.0453125
2 0.59453125 0.40078125 0.071875 0.071875
2 0.56875 0.134375 0.065625 0.075
2 0.7421875 0.46953125 0.1 0.046875
2 0.7015625 0.21875 0.0609375 0.075
2 0.9671875 0.30234375 0.046875 0.096875
2 0.68515625 0.0359375 0.075 0.053125
2 0.8875 0.42421875 0.0828125 0.05625
2 0.76171875 0.30625 0.08125 0.059375
2 0.8171875 0.21171875 0.078125 0.071875
2 0.53359375 0.2734375 0.05 0.08125
0 0.4078125 0.753125 0.18125 0.053125
0 0.1359375 0.63125 0.134375 0.121875
0 0.0734375 0.76953125 0.13125 0.11875
0 0.22734375 0.5875 0.08125 0.175
0 0.39921875 0.853125 0.146875 0.0796875
0 0.26875 0.9109375 0.084375 0.1671875
0 0.1484375 0.8765625 0.075 0.14375
0 0.36171875 0.60625 0.121875 0.14375
4 0.65546875 0.7046875 0.075 0.065625
4 0.7625 0.66328125 0.0890625 0.06875
4 0.75859375 0.74140625 0.075 0.06875
4 0.64921875 0.7859375 0.08125 0.0859375
4 0.89296875 0.7328125 0.1 0.08125
4 0.7734375 0.83125 0.1 0.09375