5 0.27109375 0.2640625 0.246875 0.184375
2 0.63203125 0.15390625 0.171875 0.1640625
2 0.87421875 0.34765625 0.1625 0.159375
2 0.86875 0.15625 0.1515625 0.153125
2 0.64609375 0.340625 0.1546875 0.153125
2 0.7609375 0.25390625 0.1375 0.19375
2 0.21328125 0.56328125 0.1125 0.084375
2 0.44765625 0.746875 0.08125 0.103125
2 0.06484375 0.82421875 0.0875 0.10625
2 0.06875 0.65625 0.0859375 0.090625
2 0.3703125 0.90546875 0.0953125 0.103125
2 0.37109375 0.58828125 0.08125 0.09375
2 0.203125 0.94296875 0.103125 0.05625
3 0.878125 0.8875 0.06875 0.065625
3 0.7578125 0.94296875 0.084375 0.05625
3 0.56015625 0.67734375 0.0625 0.06875
3 0.625 0.89453125 0.075 0.05625
3 0.74921875 0.6671875 0.0859375 0.059375
3 0.91875 0.64765625 0.059375 0.06875
3 0.8390625 0.5703125 0.0625 0.0640625
3 0.68203125 0.73203125 0.059375 0.075
3 0.6390625 0.59375 0.071875 0.05625
3 0.7375 0.55078125 0.065625 0.059375
3 0.5546875 0.7765625 0.05 0.08125
3 0.71171875 0.81796875 0.078125 0.05625
3 0.82578125 0.721875 0.05625 0.078125
3 0.95 0.75859375 0.05 0.071875
3 0.79921875 0.8203125 0.0671875 0.053125