2 0.4109375 0.31640625 0.1125 0.13125
5 0.6140625 0.2609375 0.2046875 0.34375
5 0.81015625 0.2890625 0.378125 0.296875
5 0.75703125 0.1171875 0.471875 0.0625
5 0.2453125 0.734375 0.3875 0.225
1 0.79375 0.7953125 0.121875 0.1171875
1 0.55703125 0.728125 0.096875 0.1
1 0.61953125 0.83984375 0.1265625 0.1375
1 0.76875 0.69375 0.09375 0.084375
1 0.921875 0.73125 0.1125 0.096875
1 0.66328125 0.6890625 0.078125 0.08125
1 0.709375 0.62109375 0.06875 0.0578125
1 0.5921875 0.6390625 0.0671875 0.065625
1 0.8171875 0.6234375 0.065625 0.059375
1 0.90078125 0.65546875 0.075 0.065625