0 0.3421875 0.25 0.05625 0.065625
0 0.434375 0.19609375 0.0578125 0.071875
0 0.1296875 0.1984375 0.053125 0.0625
0 0.2390625 0.4390625 0.075 0.0390625
0 0.12109375 0.38828125 0.0609375 0.05625
0 0.3578125 0.40078125 0.059375 0.0453125
0 0.26953125 0.29453125 0.0578125 0.05625
0 0.14375 0.29765625 0.0625 0.0796875
0 0.36796875 0.29296875 0.040625 0.053125
0 0.20546875 0.2921875 0.059375 0.046875
0 0.3484375 0.184375 0.059375 0.0375
0 0.42109375 0.30859375 0.034375 0.075
0 0.18515625 0.2203125 0.0484375 0.05
0 0.23046875 0.36953125 0.040625 0.0375
0 0.11171875 0.12109375 0.065625 0.0671875
0 0.27734375 0.12734375 0.078125 0.046875
0 0.0546875 0.20390625 0.040625 0.05
0 0.3125 0.359375 0.040625 0.0328125
0 0.38125 0.11640625 0.0484375 0.04375
0 0.190625 0.134375 0.053125 0.046875
0 0.2921875 0.22578125 0.0375 0.0328125
0 0.3015625 0.06015625 0.0671875 0.040625
0 0.19375 0.05390625 0.065625 0.040625
0 0.23984375 0.21796875 0.0375 0.090625
0 0.046875 0.2953125 0.0359375 0.059375
1 0.671875 0.2984375 0.103125 0.05
1 0.84453125 0.29609375 0.0796875 0.053125
1 0.934375 0.28125 0.065625 0.046875
1 0.5796875 0.275 0.071875 0.0484375
1 0.7828125 0.25 0.040625 0.0328125
1 0.70703125 0.25078125 0.04375 0.028125
1 0.6375 0.25625 0.0515625 0.025
1 0.85703125 0.25625 0.046875 0.03125
1 0.8953125 0.26328125 0.034375 0.040625
1 0.5828125 0.26484375 0.0546875 0.028125
4 0.3203125 0.76171875 0.33125 0.14375
4 0.1015625 0.76171875 0.1578125 0.08125
5 0.73125 0.72890625 0.14375 0.1265625