0 0.4265625 0.2828125 0.046875 0.040625
0 0.33515625 0.2734375 0.0625 0.0375
0 0.42890625 0.2109375 0.040625 0.028125
0 0.38125 0.2421875 0.05 0.0375
0 0.446875 0.240625 0.046875 0.0375
0 0.2484375 0.28359375 0.071875 0.04375
0 0.26796875 0.2328125 0.053125 0.03125
0 0.08203125 0.2921875 0.05 0.046875
0 0.1640625 0.275 0.0625 0.040625
0 0.046875 0.25625 0.0359375 0.028125
0 0.21015625 0.23359375 0.04375 0.0328125
0 0.3609375 0.31640625 0.071875 0.05
0 0.1296875 0.22265625 0.0375 0.028125
0 0.28046875 0.20859375 0.04375 0.025
0 0.16015625 0.1953125 0.040625 0.034375
0 0.05859375 0.2171875 0.0390625 0.03125
0 0.3671875 0.2125 0.040625 0.028125
0 0.221875 0.20546875 0.046875 0.03125
0 0.15390625 0.3265625 0.06875 0.046875
0 0.134375 0.24765625 0.0375 0.0265625
0 0.1015625 0.19140625 0.04375 0.028125
0 0.209375 0.18203125 0.0453125 0.0234375
0 0.39609375 0.190625 0.0375 0.0234375
0 0.25703125 0.34296875 0.084375 0.04375
0 0.31953125 0.1921875 0.04375 0.01875
0 0.3484375 0.17578125 0.0375 0.01875
0 0.2734375 0.1796875 0.046875 0.01875
0 0.15859375 0.1734375 0.040625 0.0171875
0 0.28828125 0.16328125 0.040625 0.021875
0 0.22109375 0.1625 0.040625 0.015625
5 0.73828125 0.240625 0.30625 0.28125
2 0.13203125 0.65390625 0.171875 0.1640625
2 0.37421875 0.84765625 0.1625 0.159375
2 0.36875 0.65625 0.1515625 0.153125
2 0.14609375 0.840625 0.1546875 0.153125
2 0.2609375 0.75390625 0.1375 0.19375
2 0.9125 0.75625 0.125 0.196875
2 0.6921875 0.90078125 0.203125 0.1515625
2 0.6578125 0.5921875 0.1953125 0.178125