3 0.271875 0.22109375 0.134375 0.071875
3 0.23203125 0.334375 0.146875 0.090625
3 0.36484375 0.1578125 0.10625 0.075
3 0.38203125 0.28828125 0.1 0.1015625
3 0.11171875 0.24296875 0.10625 0.09375
3 0.2046875 0.15234375 0.121875 0.0609375
5 0.7359375 0.25078125 0.3234375 0.3078125
4 0.2484375 0.709375 0.1578125 0.090625
4 0.24296875 0.81171875 0.159375 0.06875
4 0.084375 0.7109375 0.1125 0.0546875
4 0.41171875 0.69375 0.1109375 0.05625
4 0.26171875 0.62890625 0.1046875 0.04375
3 0.66953125 0.82890625 0.140625 0.14375
3 0.83828125 0.82578125 0.1375 0.1109375
3 0.6796875 0.64609375 0.121875 0.15
3 0.83046875 0.6625 0.125 0.15