0 0.15859375 0.303125 0.1484375 0.084375
0 0.3515625 0.3078125 0.13125 0.1046875
0 0.27265625 0.23359375 0.0953125 0.0625
0 0.05078125 0.2546875 0.090625 0.0765625
0 0.30390625 0.15234375 0.065625 0.0265625
0 0.171875 0.209375 0.0765625 0.046875
0 0.13125 0.16875 0.075 0.034375
0 0.38046875 0.17421875 0.078125 0.034375
0 0.3328125 0.19140625 0.0671875 0.04375
0 0.44453125 0.2515625 0.0984375 0.065625
0 0.06015625 0.20234375 0.075 0.05
0 0.2390625 0.17734375 0.053125 0.0421875
0 0.2109375 0.153125 0.0640625 0.0265625
0 0.44765625 0.2078125 0.078125 0.0515625
5 0.75546875 0.284375 0.440625 0.06875
0 0.16484375 0.75859375 0.171875 0.428125
0 0.3421875 0.7453125 0.159375 0.4375
4 0.7546875 0.7765625 0.35 0.153125