5 0.2515625 0.246875 0.2046875 0.121875
5 0.7390625 0.2671875 0.30625 0.190625
5 0.234375 0.74921875 0.4265625 0.490625
3 0.62421875 0.66015625 0.1 0.0765625
3 0.81171875 0.734375 0.0921875 0.1
3 0.7234375 0.77578125 0.10625 0.0734375
3 0.6296875 0.85859375 0.115625 0.078125
3 0.61875 0.759375 0.0890625 0.0703125
3 0.8703125 0.834375 0.096875 0.084375
3 0.70859375 0.69296875 0.084375 0.06875
3 0.75625 0.865625 0.090625 0.0796875
3 0.7921875 0.634375 0.0875 0.075
3 0.89296875 0.675 0.08125 0.090625