4 0.1484375 0.3109375 0.1375 0.115625
4 0.22578125 0.2515625 0.115625 0.08125
4 0.34453125 0.16484375 0.1421875 0.0828125
4 0.284375 0.2109375 0.1296875 0.075
4 0.5859375 0.10078125 0.078125 0.075
4 0.79765625 0.059375 0.0765625 0.071875
4 0.69296875 0.059375 0.065625 0.059375
4 0.9046875 0.0921875 0.0609375 0.0625
4 0.625 0.228125 0.08125 0.071875
4 0.546875 0.325 0.071875 0.08125
4 0.68515625 0.16171875 0.065625 0.065625
4 0.646875 0.31875 0.078125 0.0828125
4 0.8421875 0.4265625 0.075 0.078125
4 0.63984375 0.415625 0.08125 0.065625
4 0.9203125 0.375 0.065625 0.0703125
4 0.93828125 0.17109375 0.078125 0.0671875
4 0.75 0.353125 0.075 0.075
4 0.7421875 0.4546875 0.071875 0.05625
4 0.78359375 0.15078125 0.065625 0.0625
4 0.9703125 0.2625 0.05 0.05625
4 0.846875 0.18125 0.0625 0.040625
4 0.875 0.259375 0.05625 0.053125
4 0.8265625 0.321875 0.0625 0.053125
4 0.528125 0.2078125 0.046875 0.06875
2 0.24453125 0.746875 0.4546875 0.3390625
2 0.753125 0.75546875 0.409375 0.278125