1 0.12734375 0.3140625 0.225 0.1375
1 0.3984375 0.28203125 0.16875 0.134375
1 0.2078125 0.18359375 0.175 0.090625
5 0.8015625 0.2453125 0.2625 0.471875
5 0.9296875 0.05625 0.059375 0.1125
4 0.0859375 0.60078125 0.078125 0.075
4 0.29765625 0.559375 0.0765625 0.071875
4 0.19296875 0.559375 0.065625 0.059375
4 0.4046875 0.5921875 0.0609375 0.0625
4 0.125 0.728125 0.08125 0.071875
4 0.046875 0.825 0.071875 0.08125
4 0.18515625 0.66171875 0.065625 0.065625
4 0.146875 0.81875 0.078125 0.0828125
4 0.3421875 0.9265625 0.075 0.078125
4 0.13984375 0.915625 0.08125 0.065625
4 0.4203125 0.875 0.065625 0.0703125
4 0.43828125 0.67109375 0.078125 0.0671875
4 0.25 0.853125 0.075 0.075
4 0.2421875 0.9546875 0.071875 0.05625
4 0.28359375 0.65078125 0.065625 0.0625
4 0.4703125 0.7625 0.05 0.05625
4 0.346875 0.68125 0.0625 0.040625
4 0.375 0.759375 0.05625 0.053125
4 0.3265625 0.821875 0.0625 0.053125
4 0.028125 0.7078125 0.046875 0.06875
4 0.79921875 0.62734375 0.1171875 0.0640625
4 0.6890625 0.690625 0.128125 0.075
4 0.8078125 0.7546875 0.1234375 0.0875
4 0.59375 0.76953125 0.13125 0.08125
4 0.6859375 0.83828125 0.134375 0.0984375
4 0.91328125 0.67890625 0.11875 0.071875