0 0.35 0.25 0.178125 0.45625
0 0.1546875 0.3 0.1890625 0.3625
3 0.68828125 0.13515625 0.08125 0.0375
3 0.8546875 0.14765625 0.06875 0.0359375
3 0.7796875 0.12734375 0.0734375 0.03125
3 0.82265625 0.32109375 0.146875 0.11875
3 0.75703125 0.1984375 0.121875 0.071875
3 0.603125 0.2484375 0.1015625 0.078125
3 0.66640625 0.31640625 0.125 0.1
3 0.91015625 0.2515625 0.1 0.08125
3 0.9078125 0.18515625 0.0703125 0.0453125
3 0.61796875 0.17734375 0.1 0.053125
5 0.396875 0.6640625 0.1765625 0.1125
2 0.7484375 0.75 0.2375 0.3265625