5 0.27890625 0.271875 0.35625 0.153125
2 0.81171875 0.31875 0.1921875 0.096875
2 0.6046875 0.26953125 0.115625 0.08125
2 0.890625 0.23359375 0.103125 0.06875
2 0.72265625 0.203125 0.140625 0.05625
2 0.76640625 0.25234375 0.1546875 0.0875
3 0.246875 0.74921875 0.303125 0.225
3 0.63203125 0.75078125 0.078125 0.075
3 0.85 0.69375 0.06875 0.065625
3 0.85859375 0.7734375 0.06875 0.075
3 0.6609375 0.66796875 0.06875 0.071875
3 0.671875 0.82734375 0.071875 0.078125
3 0.74765625 0.85859375 0.065625 0.065625
3 0.81796875 0.8421875 0.0609375 0.0640625
3 0.75078125 0.74921875 0.090625 0.0875
3 0.7328125 0.63828125 0.0609375 0.05625
3 0.8 0.64296875 0.053125 0.053125