1 0.13203125 0.22109375 0.2578125 0.140625
1 0.39453125 0.20390625 0.203125 0.109375
3 0.6984375 0.328125 0.15625 0.1171875
3 0.64453125 0.22578125 0.1375 0.09375
3 0.77265625 0.16953125 0.1109375 0.090625
3 0.85546875 0.2671875 0.134375 0.109375
3 0.2515625 0.834375 0.146875 0.1140625
3 0.36953125 0.75390625 0.159375 0.109375
3 0.24609375 0.6546875 0.171875 0.1125
3 0.13125 0.74296875 0.165625 0.103125
5 0.75625 0.8109375 0.296875 0.20625
5 0.73671875 0.5828125 0.1140625 0.071875
1 0.94921875 0.53515625 0.015625 0.0125
1 0.925 0.6390625 0.015625 0.0125