2 0.25625 0.34921875 0.08125 0.121875
2 0.42578125 0.240625 0.08125 0.0875
2 0.30234375 0.21484375 0.084375 0.09375
2 0.35390625 0.14453125 0.0625 0.065625
2 0.046875 0.1546875 0.06875 0.071875
2 0.10703125 0.23359375 0.071875 0.096875
2 0.4578125 0.1578125 0.06875 0.065625
2 0.1640625 0.1359375 0.06875 0.0625
2 0.25234375 0.13125 0.053125 0.059375
2 0.20078125 0.215625 0.0953125 0.075
5 0.746875 0.26875 0.265625 0.11875
5 0.234375 0.77578125 0.371875 0.1484375
5 0.31171875 0.734375 0.1953125 0.090625
1 0.828125 0.7765625 0.06875 0.0984375
1 0.9265625 0.778125 0.096875 0.09375
1 0.565625 0.78046875 0.08125 0.121875
1 0.74296875 0.77890625 0.05625 0.09375
1 0.65546875 0.78046875 0.075 0.090625