2 0.40625 0.184375 0.1 0.090625
2 0.0984375 0.265625 0.090625 0.1234375
2 0.30546875 0.14140625 0.08125 0.11875
2 0.2109375 0.2421875 0.090625 0.103125
2 0.2265625 0.1265625 0.0890625 0.1
2 0.30625 0.2609375 0.1140625 0.121875
2 0.175 0.34765625 0.125 0.0796875
2 0.290625 0.3734375 0.1046875 0.08125
2 0.1359375 0.1671875 0.075 0.115625
2 0.40078125 0.29453125 0.1 0.1125
5 0.7515625 0.2921875 0.4484375 0.1015625
5 0.6328125 0.2015625 0.225 0.13125
5 0.86953125 0.1953125 0.225 0.115625
2 0.12734375 0.76640625 0.103125 0.0703125
2 0.1046875 0.7 0.08125 0.065625
2 0.275 0.753125 0.0828125 0.090625
2 0.2484375 0.66796875 0.0765625 0.0578125
2 0.36953125 0.74375 0.090625 0.075
2 0.17109375 0.66796875 0.0859375 0.065625
2 0.19296875 0.8109375 0.1125 0.065625
2 0.18671875 0.721875 0.078125 0.0734375
2 0.3203125 0.69375 0.06875 0.06875
2 0.3328125 0.81015625 0.109375 0.084375
1 0.825 0.8515625 0.1328125 0.084375
1 0.67265625 0.85234375 0.13125 0.0859375
1 0.9265625 0.77109375 0.1 0.0921875
1 0.56484375 0.715625 0.096875 0.059375
1 0.7359375 0.628125 0.0875 0.03125
1 0.63203125 0.65234375 0.084375 0.046875
1 0.56640625 0.78125 0.075 0.071875
1 0.846875 0.64375 0.075 0.0390625
1 0.921875 0.6984375 0.065625 0.0515625