3 0.38984375 0.08203125 0.1859375 0.1625
3 0.14140625 0.0953125 0.20625 0.1421875
3 0.20234375 0.2265625 0.11875 0.140625
3 0.08046875 0.2265625 0.103125 0.140625
3 0.3328125 0.23359375 0.0875 0.1375
3 0.27578125 0.3328125 0.090625 0.0828125
3 0.425 0.2328125 0.090625 0.13125
3 0.15234375 0.3375 0.090625 0.0796875
3 0.403125 0.3375 0.0953125 0.06875
3 0.171875 0.4171875 0.05625 0.046875
3 0.03828125 0.42109375 0.05625 0.040625
3 0.034375 0.36640625 0.05 0.040625
3 0.10859375 0.41953125 0.053125 0.04375
3 0.034375 0.46953125 0.0578125 0.046875
3 0.10625 0.4703125 0.053125 0.046875
3 0.171875 0.4734375 0.0578125 0.0390625
3 0.27734375 0.44375 0.0375 0.03125
3 0.2296875 0.409375 0.0390625 0.025
3 0.28046875 0.478125 0.0375 0.028125
3 0.27734375 0.40859375 0.0375 0.025
3 0.32421875 0.44296875 0.034375 0.0265625
3 0.23125 0.478125 0.0359375 0.0265625
3 0.35625 0.4078125 0.03125 0.028125
3 0.23125 0.44453125 0.0375 0.028125
3 0.31953125 0.4078125 0.034375 0.0265625
3 0.36484375 0.478125 0.03125 0.0265625
3 0.365625 0.4421875 0.034375 0.025
3 0.32578125 0.478125 0.03125 0.028125
3 0.4296875 0.41640625 0.025 0.0171875
3 0.46171875 0.4171875 0.021875 0.015625
3 0.4015625 0.41953125 0.021875 0.015625
3 0.484375 0.43125 0.021875 0.015625
3 0.40390625 0.484375 0.021875 0.015625
3 0.48671875 0.47734375 0.015625 0.0171875
3 0.465625 0.4859375 0.0171875 0.015625
3 0.48671875 0.45390625 0.01875 0.0125
3 0.43203125 0.4421875 0.021875 0.0125
3 0.403125 0.440625 0.021875 0.0140625
3 0.40390625 0.46015625 0.021875 0.015625
3 0.4328125 0.4640625 0.0203125 0.015625
3 0.4640625 0.46328125 0.021875 0.0140625
3 0.4328125 0.48671875 0.01875 0.0125
3 0.46015625 0.44140625 0.021875 0.0125
5 0.75 0.240625 0.475 0.275
5 0.27890625 0.765625 0.29375 0.2203125
2 0.8546875 0.7984375 0.175 0.15
2 0.66796875 0.7984375 0.165625 0.109375
2 0.72421875 0.6609375 0.10625 0.0609375
2 0.6046875 0.7046875 0.10625 0.0875
2 0.85 0.69296875 0.153125 0.0875
2 0.73203125 0.7203125 0.14375 0.0875