4 0.40234375 0.2015625 0.128125 0.078125
4 0.2671875 0.1390625 0.103125 0.05
4 0.334375 0.25 0.1171875 0.084375
4 0.140625 0.22265625 0.103125 0.075
4 0.0765625 0.265625 0.0953125 0.0625
4 0.2015625 0.1765625 0.0875 0.046875
4 0.26015625 0.29453125 0.1078125 0.06875
4 0.1953125 0.3421875 0.134375 0.078125
5 0.753125 0.25703125 0.346875 0.228125
0 0.3640625 0.5546875 0.125 0.0515625
0 0.15703125 0.728125 0.2375 0.040625
0 0.390625 0.9046875 0.1765625 0.0546875
0 0.153125 0.7796875 0.24375 0.046875
0 0.396875 0.846875 0.171875 0.0578125
0 0.14375 0.584375 0.096875 0.028125
0 0.14375 0.6296875 0.1046875 0.0265625
0 0.14375 0.67578125 0.1390625 0.0296875
0 0.38515625 0.784375 0.1703125 0.0375
0 0.15234375 0.84140625 0.2125 0.059375
0 0.3703125 0.60234375 0.1125 0.025
0 0.38046875 0.646875 0.134375 0.021875
0 0.3875 0.734375 0.1 0.034375
0 0.15 0.90234375 0.24375 0.0640625
0 0.378125 0.68984375 0.1140625 0.03125
1 0.74921875 0.74921875 0.484375 0.228125