0 0.05 0.21875 0.0375 0.059375
0 0.0484375 0.28359375 0.05 0.059375
0 0.13046875 0.27578125 0.053125 0.0625
0 0.10625 0.221875 0.040625 0.040625
0 0.39375 0.221875 0.034375 0.04375
0 0.43046875 0.32734375 0.065625 0.0609375
0 0.1984375 0.2078125 0.04375 0.046875
0 0.11171875 0.33828125 0.0609375 0.05
0 0.43046875 0.1859375 0.034375 0.04375
0 0.38125 0.278125 0.053125 0.0421875
0 0.45625 0.27578125 0.0484375 0.046875
0 0.0796875 0.18125 0.0375 0.0359375
0 0.3578125 0.1703125 0.0375 0.04375
0 0.3296875 0.31796875 0.0640625 0.0484375
0 0.121875 0.14609375 0.04375 0.034375
0 0.45859375 0.23046875 0.04375 0.0375
0 0.28515625 0.2546875 0.071875 0.0375
0 0.396875 0.15625 0.0453125 0.040625
0 0.23203125 0.31796875 0.065625 0.040625
0 0.178125 0.1265625 0.040625 0.03125
0 0.2625 0.2125 0.053125 0.0375
0 0.3421875 0.36015625 0.084375 0.05
0 0.346875 0.13203125 0.046875 0.03125
0 0.14140625 0.17421875 0.05 0.034375
0 0.215625 0.36953125 0.0875 0.05
0 0.21875 0.14375 0.05625 0.028125
0 0.29609375 0.14140625 0.0609375 0.034375
0 0.23359375 0.11484375 0.046875 0.028125
0 0.29140625 0.18359375 0.059375 0.028125
0 0.2875 0.11796875 0.046875 0.0234375
0 0.7625 0.24765625 0.38125 0.2875
1 0.0515625 0.7609375 0.08125 0.065625
1 0.4453125 0.7765625 0.0875 0.06875
1 0.3375 0.77421875 0.071875 0.065625
1 0.14453125 0.76484375 0.078125 0.0625
1 0.23984375 0.7703125 0.0796875 0.0625
1 0.1953125 0.7109375 0.0625 0.046875
1 0.3484375 0.71484375 0.059375 0.046875
1 0.2703125 0.71328125 0.0671875 0.0484375
1 0.4234375 0.715625 0.059375 0.05
1 0.115625 0.71171875 0.06875 0.046875
1 0.74609375 0.7453125 0.425 0.271875