5 0.3015625 0.2453125 0.2625 0.471875
5 0.4296875 0.05625 0.059375 0.1125
3 0.78125 0.18671875 0.0828125 0.08125
3 0.85703125 0.26015625 0.078125 0.0796875
3 0.68515625 0.24140625 0.071875 0.071875
3 0.90078125 0.17265625 0.075 0.075
3 0.6890625 0.13359375 0.06875 0.065625
3 0.5921875 0.2875 0.075 0.071875
3 0.8265625 0.36484375 0.0671875 0.0671875
3 0.7578125 0.29296875 0.06875 0.06875
3 0.60078125 0.1828125 0.065625 0.0625
3 0.684375 0.35859375 0.075 0.075
3 0.25 0.75078125 0.2578125 0.215625
2 0.9265625 0.67421875 0.146875 0.11875
2 0.603125 0.7984375 0.171875 0.13125
2 0.83359375 0.72421875 0.16875 0.1125
2 0.75859375 0.7453125 0.14375 0.1125
2 0.69140625 0.771875 0.1625 0.1234375
2 0.9671875 0.6546875 0.065625 0.0796875