5 0.2484375 0.24765625 0.14375 0.11875
2 0.64375 0.3453125 0.090625 0.06875
2 0.853125 0.353125 0.096875 0.06875
2 0.66328125 0.246875 0.0375 0.028125
2 0.84609375 0.23828125 0.034375 0.03125
2 0.83203125 0.20625 0.028125 0.021875
2 0.575 0.203125 0.053125 0.0375
2 0.796875 0.18515625 0.04375 0.021875
2 0.73671875 0.178125 0.03125 0.015625
2 0.6953125 0.18671875 0.0328125 0.0203125
2 0.76328125 0.146875 0.0390625 0.015625
2 0.6640625 0.2125 0.034375 0.028125
2 0.840625 0.16015625 0.053125 0.0265625
2 0.6765625 0.15703125 0.0578125 0.028125
2 0.934375 0.20546875 0.040625 0.03125
2 0.540625 0.27890625 0.05625 0.05625
2 0.7953125 0.271875 0.040625 0.03125
2 0.95546875 0.27578125 0.0453125 0.05
2 0.71875 0.27734375 0.053125 0.025
2 0.14453125 0.909375 0.1140625 0.084375
2 0.1 0.6375 0.0578125 0.071875
2 0.31171875 0.928125 0.109375 0.0515625
2 0.05625 0.7765625 0.046875 0.109375
2 0.3859375 0.62265625 0.0484375 0.046875
2 0.2984375 0.57265625 0.078125 0.0375
2 0.21796875 0.82421875 0.05 0.040625
2 0.4359375 0.71875 0.040625 0.078125
2 0.415625 0.8421875 0.053125 0.075
2 0.1859375 0.571875 0.075 0.04375
2 0.31328125 0.80703125 0.053125 0.046875
2 0.325 0.72109375 0.03125 0.05625
2 0.1796875 0.7359375 0.025 0.059375
2 0.25234375 0.6765625 0.05625 0.01875
5 0.8484375 0.7953125 0.11875 0.0984375