4 0.16640625 0.30078125 0.18125 0.134375
4 0.3421875 0.1859375 0.1609375 0.109375
0 0.95859375 0.3171875 0.05625 0.0546875
0 0.85703125 0.20625 0.05625 0.046875
0 0.7859375 0.11484375 0.05 0.040625
0 0.62734375 0.20390625 0.05625 0.0453125
0 0.5421875 0.31796875 0.059375 0.0515625
0 0.8546875 0.315625 0.059375 0.053125
0 0.69609375 0.115625 0.046875 0.0375
0 0.74765625 0.3171875 0.059375 0.053125
0 0.646875 0.3171875 0.059375 0.05625
0 0.74375 0.20703125 0.053125 0.046875
5 0.22109375 0.7703125 0.240625 0.2140625
5 0.28984375 0.7484375 0.18125 0.1984375
5 0.7515625 0.74921875 0.35625 0.259375