5 0.25 0.14609375 0.35625 0.05
5 0.25 0.30078125 0.35625 0.15625
1 0.70859375 0.3359375 0.14375 0.0984375
1 0.92109375 0.2890625 0.1375 0.0765625
1 0.56328125 0.24140625 0.10625 0.075
1 0.6 0.16484375 0.078125 0.0453125
1 0.70390625 0.23046875 0.109375 0.05625
1 0.8296875 0.15 0.08125 0.04375
1 0.85390625 0.2125 0.103125 0.053125
1 0.7390625 0.1328125 0.0671875 0.034375
1 0.703125 0.16953125 0.0875 0.04375
1 0.4203125 0.76640625 0.146875 0.096875
1 0.240625 0.834375 0.1375 0.109375
1 0.365625 0.6625 0.1015625 0.0828125
1 0.11328125 0.6609375 0.1125 0.08125
1 0.071875 0.77421875 0.13125 0.0984375
5 0.7515625 0.75625 0.484375 0.140625