2 0.0671875 0.303125 0.0546875 0.04375
2 0.18515625 0.30859375 0.0625 0.034375
2 0.43125 0.3171875 0.084375 0.0734375
2 0.0390625 0.271875 0.0359375 0.021875
2 0.315625 0.3109375 0.075 0.065625
2 0.1203125 0.246875 0.0375 0.025
2 0.19296875 0.2765625 0.0453125 0.0375
2 0.096875 0.28203125 0.034375 0.025
2 0.1140625 0.26484375 0.0359375 0.021875
2 0.390625 0.27109375 0.0609375 0.059375
2 0.29140625 0.27421875 0.053125 0.053125
2 0.259375 0.234375 0.03125 0.0375
2 0.20078125 0.2484375 0.0375 0.01875
2 0.2 0.2625 0.034375 0.021875
2 0.2703125 0.25390625 0.03125 0.040625
2 0.34375 0.23984375 0.03125 0.028125
2 0.3546875 0.253125 0.0375 0.04375
4 0.8734375 0.24296875 0.19375 0.11875
4 0.7171875 0.1640625 0.159375 0.0875
4 0.6578125 0.31640625 0.2203125 0.1234375
4 0.25078125 0.74140625 0.446875 0.240625
0 0.75859375 0.55234375 0.0890625 0.059375
0 0.63125 0.60234375 0.078125 0.075
0 0.5765625 0.7015625 0.0625 0.078125
0 0.8734375 0.5921875 0.08125 0.0671875
0 0.9390625 0.68671875 0.0625 0.075
0 0.759375 0.9421875 0.06875 0.05
0 0.7296875 0.6359375 0.05625 0.040625
0 0.5828125 0.815625 0.0625 0.0765625
0 0.80546875 0.6390625 0.046875 0.040625
0 0.8765625 0.9015625 0.0796875 0.071875
0 0.94140625 0.8 0.0625 0.075
0 0.79921875 0.85625 0.05625 0.04375
0 0.63671875 0.9015625 0.0625 0.05625
0 0.66875 0.6984375 0.05625 0.0625
0 0.8609375 0.6875 0.04375 0.05625
0 0.7421875 0.7140625 0.046875 0.040625
0 0.7078125 0.85 0.05625 0.04375
0 0.79453125 0.71328125 0.046875 0.040625
0 0.8546875 0.81796875 0.0421875 0.0453125
0 0.8828125 0.75859375 0.028125 0.0375
0 0.72734375 0.7703125 0.03125 0.0375
0 0.65859375 0.77890625 0.0515625 0.06875
0 0.77109375 0.7921875 0.0375 0.028125
0 0.809375 0.76796875 0.03125 0.0359375