4 0.25 0.24921875 0.3875 0.3875
0 0.9046875 0.21875 0.096875 0.06875
0 0.96328125 0.234375 0.0578125 0.0390625
0 0.8734375 0.33125 0.1 0.084375
0 0.840625 0.18828125 0.075 0.0609375
0 0.78046875 0.1703125 0.10625 0.071875
0 0.6609375 0.13828125 0.11875 0.096875
0 0.55078125 0.2453125 0.0796875 0.1109375
0 0.721875 0.27734375 0.109375 0.1046875
0 0.8125 0.3078125 0.075 0.071875
0 0.6703125 0.26171875 0.1125 0.109375
0 0.621875 0.24453125 0.121875 0.109375
0 0.70546875 0.14375 0.0875 0.065625
0 0.92421875 0.35 0.0609375 0.046875
0 0.7625 0.2953125 0.08125 0.084375
0 0.72109375 0.14921875 0.0546875 0.04375
0 0.06328125 0.815625 0.04375 0.034375
0 0.0953125 0.77265625 0.0375 0.025
0 0.1296875 0.828125 0.04375 0.03125
0 0.18515625 0.71484375 0.03125 0.021875
0 0.165625 0.74765625 0.0375 0.025
0 0.425 0.75625 0.0375 0.0265625
0 0.1125 0.73515625 0.034375 0.021875
0 0.334375 0.690625 0.03125 0.01875
0 0.23046875 0.7015625 0.03125 0.021875
0 0.28203125 0.6984375 0.03125 0.021875
0 0.15234375 0.78046875 0.0390625 0.028125
0 0.1390625 0.70625 0.03125 0.021875
0 0.33515625 0.71171875 0.03125 0.021875
0 0.27421875 0.72421875 0.0328125 0.021875
0 0.20703125 0.6859375 0.03125 0.0203125
0 0.27890625 0.6796875 0.03125 0.01875
0 0.23125 0.73125 0.034375 0.025
0 0.44921875 0.73671875 0.034375 0.025
0 0.36796875 0.73125 0.034375 0.025
0 0.39296875 0.7140625 0.03125 0.021875
4 0.81328125 0.68203125 0.11875 0.071875
4 0.89921875 0.63671875 0.0890625 0.0578125
4 0.8703125 0.75703125 0.05 0.040625
4 0.925 0.72265625 0.0625 0.04375
4 0.69296875 0.75 0.1171875 0.0859375
4 0.81484375 0.7953125 0.053125 0.0390625
4 0.74921875 0.8375 0.065625 0.053125
4 0.5859375 0.81875 0.109375 0.08125