3 0.3765625 0.2921875 0.215625 0.1359375
3 0.14765625 0.30078125 0.265625 0.121875
5 0.75546875 0.25 0.459375 0.3671875
4 0.31328125 0.68203125 0.11875 0.071875
4 0.39921875 0.63671875 0.0890625 0.0578125
4 0.3703125 0.75703125 0.05 0.040625
4 0.425 0.72265625 0.0625 0.04375
4 0.19296875 0.75 0.1171875 0.0859375
4 0.31484375 0.7953125 0.053125 0.0390625
4 0.24921875 0.8375 0.065625 0.053125
4 0.0859375 0.81875 0.109375 0.08125
5 0.74765625 0.79921875 0.365625 0.1546875
5 0.7484375 0.646875 0.3640625 0.05