5 0.20390625 0.3828125 0.084375 0.053125
5 0.30234375 0.384375 0.0921875 0.053125
5 0.2046875 0.20390625 0.0859375 0.19375
5 0.303125 0.20546875 0.09375 0.196875
0 0.77265625 0.3546875 0.1625 0.0625
0 0.92421875 0.27890625 0.1078125 0.065625
0 0.6015625 0.3203125 0.10625 0.0484375
0 0.75234375 0.0765625 0.0859375 0.025
0 0.64453125 0.08984375 0.0625 0.021875
0 0.8609375 0.09375 0.078125 0.0234375
0 0.575 0.1328125 0.0578125 0.0265625
0 0.5296875 0.184375 0.0484375 0.04375
0 0.93515625 0.13359375 0.059375 0.025
0 0.6625 0.159375 0.1328125 0.046875
0 0.81484375 0.15625 0.10625 0.034375
0 0.6859375 0.225 0.1609375 0.0734375
0 0.96015625 0.1921875 0.053125 0.0609375
0 0.52421875 0.253125 0.04375 0.0515625
0 0.77109375 0.184375 0.13125 0.04375
0 0.85390625 0.2171875 0.0546875 0.046875
1 0.1296875 0.75234375 0.24375 0.10625
1 0.3734375 0.75703125 0.234375 0.0875
5 0.7734375 0.68125 0.340625 0.221875