2 0.2625 0.22109375 0.103125 0.0921875
2 0.1859375 0.15390625 0.090625 0.075
2 0.2609375 0.315625 0.1453125 0.121875
2 0.28046875 0.1375 0.0796875 0.078125
2 0.1203125 0.29453125 0.121875 0.10625
2 0.384375 0.17109375 0.096875 0.0875
2 0.38203125 0.2609375 0.134375 0.090625
2 0.14453125 0.21875 0.0984375 0.090625
4 0.74296875 0.24375 0.41875 0.40625
5 0.25703125 0.73125 0.2625 0.1734375
1 0.746875 0.64765625 0.134375 0.04375
1 0.8921875 0.81484375 0.165625 0.071875
1 0.86484375 0.72578125 0.1375 0.053125
1 0.65 0.72421875 0.1546875 0.05625
1 0.61875 0.81484375 0.2125 0.0875