1 0.25 0.22890625 0.465625 0.1203125
2 0.5859375 0.1890625 0.1375 0.04375
2 0.8140625 0.3515625 0.1 0.053125
2 0.7609375 0.321875 0.1 0.0515625
2 0.93671875 0.3015625 0.0875 0.046875
2 0.72265625 0.28984375 0.0875 0.04375
2 0.83046875 0.21484375 0.1046875 0.046875
2 0.68125 0.25546875 0.121875 0.05625
2 0.89765625 0.27421875 0.078125 0.0375
2 0.8625 0.24609375 0.08125 0.0375
2 0.7421875 0.15 0.13125 0.05
2 0.646875 0.23203125 0.1125 0.05
2 0.78828125 0.1921875 0.09375 0.040625
2 0.61171875 0.21171875 0.109375 0.0390625
2 0.765625 0.16796875 0.125 0.046875
4 0.24296875 0.72109375 0.1125 0.103125
4 0.3625 0.709375 0.084375 0.0625
4 0.121875 0.7203125 0.08125 0.0625
4 0.23984375 0.834375 0.109375 0.0671875
4 0.2515625 0.6234375 0.084375 0.0546875
4 0.76796875 0.7546875 0.390625 0.346875