4 0.33125 0.28828125 0.225 0.16875
4 0.09765625 0.3171875 0.1375 0.178125
4 0.28828125 0.13359375 0.10625 0.08125
0 0.83984375 0.33984375 0.1203125 0.134375
0 0.6703125 0.34375 0.1171875 0.1375
0 0.56875 0.275 0.121875 0.0953125
0 0.759375 0.228125 0.1 0.0875
0 0.678125 0.1078125 0.06875 0.04375
0 0.55 0.2 0.084375 0.0765625
0 0.665625 0.19453125 0.0984375 0.06875
0 0.775 0.10625 0.0609375 0.040625
0 0.60078125 0.1421875 0.078125 0.05
0 0.72265625 0.140625 0.0640625 0.05625
0 0.86171875 0.11484375 0.08125 0.040625
0 0.82734375 0.1625 0.075 0.0625
0 0.915625 0.2296875 0.103125 0.084375
0 0.9515625 0.1625 0.0796875 0.0578125
1 0.053125 0.77578125 0.046875 0.04375
1 0.440625 0.775 0.0578125 0.053125
1 0.3421875 0.775 0.05625 0.04375
1 0.37578125 0.7328125 0.059375 0.0359375
1 0.1890625 0.7109375 0.053125 0.0265625
1 0.1328125 0.77890625 0.0515625 0.0375
1 0.103125 0.734375 0.05625 0.0296875
1 0.28828125 0.7109375 0.05625 0.01875
1 0.28203125 0.7359375 0.0625 0.03125
1 0.19296875 0.7421875 0.0609375 0.03125
5 0.76328125 0.709375 0.1703125 0.3984375