3 0.2453125 0.27109375 0.1375 0.08125
3 0.4078125 0.2671875 0.146875 0.0734375
3 0.0859375 0.27578125 0.1375 0.071875
2 0.5921875 0.2515625 0.090625 0.0578125
2 0.91328125 0.25 0.0890625 0.05
2 0.71328125 0.2359375 0.096875 0.05
2 0.8203125 0.2828125 0.128125 0.0625
2 0.77734375 0.20078125 0.06875 0.03125
2 0.8046875 0.2328125 0.1125 0.0453125
2 0.71328125 0.20546875 0.08125 0.03125
2 0.671875 0.27734375 0.15 0.053125
2 0.88125 0.21796875 0.103125 0.0359375
2 0.63125 0.21953125 0.0703125 0.04375
0 0.30546875 0.803125 0.125 0.075
0 0.4390625 0.73671875 0.078125 0.05
0 0.3484375 0.7328125 0.065625 0.046875
0 0.16328125 0.7328125 0.0765625 0.04375
0 0.25 0.7296875 0.065625 0.05
0 0.17109375 0.7984375 0.084375 0.0875
0 0.06875 0.79609375 0.096875 0.090625
0 0.08125 0.734375 0.071875 0.040625
4 0.765625 0.746875 0.228125 0.296875