5 0.2484375 0.17734375 0.421875 0.240625
0 0.75859375 0.05234375 0.0890625 0.059375
0 0.63125 0.10234375 0.078125 0.075
0 0.5765625 0.2015625 0.0625 0.078125
0 0.8734375 0.0921875 0.08125 0.0671875
0 0.9390625 0.18671875 0.0625 0.075
0 0.759375 0.4421875 0.06875 0.05
0 0.7296875 0.1359375 0.05625 0.040625
0 0.5828125 0.315625 0.0625 0.0765625
0 0.80546875 0.1390625 0.046875 0.040625
0 0.8765625 0.4015625 0.0796875 0.071875
0 0.94140625 0.3 0.0625 0.075
0 0.79921875 0.35625 0.05625 0.04375
0 0.63671875 0.4015625 0.0625 0.05625
0 0.66875 0.1984375 0.05625 0.0625
0 0.8609375 0.1875 0.04375 0.05625
0 0.7421875 0.2140625 0.046875 0.040625
0 0.7078125 0.35 0.05625 0.04375
0 0.79453125 0.21328125 0.046875 0.040625
0 0.8546875 0.31796875 0.0421875 0.0453125
0 0.8828125 0.25859375 0.028125 0.0375
0 0.72734375 0.2703125 0.03125 0.0375
0 0.65859375 0.27890625 0.0515625 0.06875
0 0.77109375 0.2921875 0.0375 0.028125
0 0.809375 0.26796875 0.03125 0.0359375
5 0.31171875 0.778125 0.16875 0.109375
5 0.17578125 0.734375 0.1203125 0.0671875
1 0.75 0.72734375 0.415625 0.359375