1 0.40859375 0.24296875 0.1078125 0.090625
1 0.34296875 0.39921875 0.109375 0.0984375
1 0.0859375 0.22734375 0.0953125 0.09375
1 0.1640625 0.10390625 0.078125 0.1
1 0.3203125 0.08671875 0.084375 0.08125
1 0.17578125 0.390625 0.1125 0.09375
1 0.2484375 0.2375 0.0875 0.08125
1 0.75 0.24375 0.48125 0.15
5 0.25234375 0.753125 0.23125 0.2
1 0.76875 0.60625 0.0765625 0.0875
1 0.87734375 0.7796875 0.1125 0.1265625
1 0.60859375 0.859375 0.1328125 0.184375
1 0.9109375 0.646875 0.078125 0.078125
1 0.70703125 0.70546875 0.078125 0.084375