0 0.284375 0.45078125 0.06875 0.04375
0 0.2046875 0.209375 0.05 0.0515625
0 0.43125 0.34375 0.05 0.059375
0 0.45234375 0.26875 0.040625 0.065625
0 0.37734375 0.40625 0.059375 0.053125
0 0.29296875 0.04453125 0.0625 0.040625
0 0.15546875 0.0609375 0.0578125 0.034375
0 0.21796875 0.040625 0.0609375 0.0375
0 0.10234375 0.1046875 0.04375 0.05
0 0.24609375 0.08984375 0.0734375 0.034375
0 0.2875 0.284375 0.059375 0.053125
0 0.36015625 0.07578125 0.053125 0.05
0 0.35390625 0.36328125 0.05 0.053125
0 0.2078125 0.28515625 0.053125 0.05625
0 0.19453125 0.44609375 0.0625 0.040625
0 0.40859375 0.1265625 0.040625 0.0625
0 0.2875 0.20703125 0.053125 0.040625
0 0.2765625 0.39375 0.059375 0.040625
0 0.0609375 0.1734375 0.04375 0.059375
0 0.32421875 0.12421875 0.0484375 0.05625
0 0.16484375 0.12734375 0.059375 0.05
0 0.38515625 0.2921875 0.04375 0.0625
0 0.44375 0.19296875 0.04375 0.05625
0 0.06640625 0.33125 0.04375 0.0671875
0 0.1140625 0.4 0.05625 0.05625
0 0.04609375 0.25546875 0.034375 0.05625
0 0.11171875 0.3078125 0.0390625 0.059375
0 0.37734375 0.20078125 0.040625 0.065625
0 0.1046875 0.2109375 0.0375 0.071875
0 0.178125 0.378125 0.0625 0.05
4 0.61015625 0.26640625 0.2125 0.14375
4 0.875 0.3171875 0.221875 0.153125
4 0.803125 0.1921875 0.178125 0.128125
4 0.30625 0.8296875 0.109375 0.1375
4 0.184375 0.828125 0.0875 0.125
4 0.18359375 0.6890625 0.09375 0.1234375
4 0.29921875 0.67578125 0.0875 0.14375
5 0.74765625 0.753125 0.4703125 0.090625