4 0.1609375 0.3171875 0.153125 0.1109375
4 0.34453125 0.32265625 0.1453125 0.10625
4 0.2546875 0.17421875 0.146875 0.103125
4 0.74453125 0.2484375 0.403125 0.40625
1 0.20234375 0.61875 0.234375 0.19375
1 0.390625 0.82265625 0.18125 0.225
1 0.14375 0.86875 0.225 0.178125
0 0.6625 0.83359375 0.096875 0.084375
0 0.8390625 0.82421875 0.090625 0.08125
0 0.95234375 0.7734375 0.075 0.05625
0 0.9484375 0.7078125 0.0546875 0.040625
0 0.54921875 0.77890625 0.071875 0.0609375
0 0.7828125 0.73984375 0.08125 0.04375
0 0.6671875 0.72890625 0.05625 0.053125
0 0.90390625 0.66484375 0.040625 0.028125
0 0.5359375 0.7140625 0.05 0.04375
0 0.565625 0.671875 0.0484375 0.0359375
0 0.7453125 0.68359375 0.053125 0.040625
0 0.840625 0.6390625 0.0390625 0.025
0 0.7734375 0.63125 0.0375 0.021875
0 0.6421875 0.6859375 0.0453125 0.0375
0 0.61328125 0.64375 0.046875 0.025
0 0.69765625 0.63515625 0.0453125 0.01875
0 0.8421875 0.703125 0.046875 0.040625
0 0.68125 0.659375 0.046875 0.028125
0 0.83359375 0.67265625 0.046875 0.034375
0 0.77265625 0.65546875 0.046875 0.025