2 0.18125 0.178125 0.24375 0.140625
2 0.2859375 0.2796875 0.31875 0.184375
5 0.88984375 0.1703125 0.2 0.140625
2 0.13203125 0.65390625 0.171875 0.1640625
2 0.37421875 0.84765625 0.1625 0.159375
2 0.36875 0.65625 0.1515625 0.153125
2 0.14609375 0.840625 0.1546875 0.153125
2 0.2609375 0.75390625 0.1375 0.19375
4 0.91875 0.825 0.1265625 0.103125
4 0.8109375 0.765625 0.128125 0.065625
4 0.65 0.79765625 0.109375 0.0703125
4 0.559375 0.753125 0.0921875 0.059375
4 0.9328125 0.7359375 0.1046875 0.05625
4 0.60703125 0.69296875 0.05 0.028125
4 0.79765625 0.67578125 0.075 0.0328125
4 0.89375 0.6890625 0.08125 0.0390625
4 0.60703125 0.7203125 0.053125 0.028125
4 0.86328125 0.71171875 0.053125 0.028125
4 0.68671875 0.75234375 0.0484375 0.0390625
4 0.67578125 0.69609375 0.0609375 0.028125
4 0.70625 0.715625 0.05 0.0375
4 0.703125 0.6765625 0.046875 0.025
4 0.78515625 0.72265625 0.05 0.040625
4 0.74921875 0.6953125 0.046875 0.0234375
4 0.81484375 0.7484375 0.08125 0.0296875
4 0.8015625 0.70234375 0.04375 0.01875