4 0.21015625 0.27109375 0.26875 0.2375
2 0.565625 0.33046875 0.075 0.125
2 0.8796875 0.33203125 0.059375 0.1203125
2 0.93828125 0.33125 0.065625 0.125
2 0.61015625 0.13515625 0.0375 0.0625
2 0.56796875 0.13515625 0.0265625 0.065625
2 0.7 0.1359375 0.028125 0.0625
2 0.65390625 0.13828125 0.03125 0.059375
2 0.95 0.1484375 0.0203125 0.040625
2 0.9234375 0.146875 0.0203125 0.040625
2 0.8921875 0.14609375 0.01875 0.040625
2 0.83671875 0.2125 0.015625 0.034375
2 0.86171875 0.14609375 0.01875 0.040625
2 0.8328125 0.14453125 0.01875 0.040625
2 0.56640625 0.21328125 0.021875 0.034375
2 0.6 0.2125 0.0171875 0.034375
2 0.865625 0.2140625 0.015625 0.034375
2 0.6390625 0.2140625 0.01875 0.034375
2 0.7328125 0.146875 0.01875 0.0375
2 0.80234375 0.1453125 0.01875 0.0390625
2 0.709375 0.2140625 0.0140625 0.034375
2 0.6625 0.284375 0.015625 0.028125
2 0.6734375 0.21484375 0.01875 0.034375
2 0.7765625 0.21484375 0.01875 0.0328125
2 0.8953125 0.2140625 0.0203125 0.034375
2 0.80859375 0.21328125 0.0171875 0.034375
2 0.81796875 0.28125 0.015625 0.03125
2 0.78515625 0.2828125 0.015625 0.0296875
2 0.759375 0.33046875 0.01875 0.028125
2 0.79375 0.32890625 0.0125 0.028125
2 0.76953125 0.146875 0.01875 0.0375
2 0.7859375 0.378125 0.0171875 0.028125
2 0.625 0.28359375 0.0171875 0.028125
2 0.7234375 0.2828125 0.0125 0.028125
2 0.71875 0.3296875 0.0125 0.028125
2 0.740625 0.3796875 0.015625 0.028125
2 0.82109375 0.3796875 0.01875 0.028125
2 0.65703125 0.3796875 0.015625 0.0296875
2 0.92578125 0.21484375 0.015625 0.03125
2 0.69375 0.2828125 0.0140625 0.028125
2 0.82578125 0.3296875 0.015625 0.0265625
2 0.74140625 0.21484375 0.01875 0.034375
2 0.69375 0.38046875 0.01875 0.028125
2 0.75234375 0.2828125 0.015625 0.028125
2 0.640625 0.33125 0.015625 0.0265625
2 0.60703125 0.3296875 0.021875 0.03125
2 0.6265625 0.3796875 0.0125 0.03125
2 0.678125 0.3296875 0.015625 0.03125
5 0.259375 0.76171875 0.25 0.175
5 0.75078125 0.74765625 0.375 0.26875