2 0.1359375 0.24921875 0.153125 0.45625
2 0.35234375 0.246875 0.15625 0.453125
0 0.7625 0.24765625 0.38125 0.2875
1 0.325 0.8515625 0.1328125 0.084375
1 0.17265625 0.85234375 0.13125 0.0859375
1 0.4265625 0.77109375 0.1 0.0921875
1 0.06484375 0.715625 0.096875 0.059375
1 0.2359375 0.628125 0.0875 0.03125
1 0.13203125 0.65234375 0.084375 0.046875
1 0.06640625 0.78125 0.075 0.071875
1 0.346875 0.64375 0.075 0.0390625
1 0.421875 0.6984375 0.065625 0.0515625
4 0.8328125 0.8140625 0.1375 0.075
4 0.66328125 0.815625 0.146875 0.090625
4 0.74765625 0.6828125 0.15 0.096875