2 0.17421875 0.325 0.1328125 0.0875
2 0.3609375 0.31015625 0.13125 0.084375
2 0.06328125 0.2640625 0.0875 0.0875
2 0.3015625 0.16640625 0.1125 0.053125
2 0.14765625 0.1890625 0.103125 0.0703125
2 0.421875 0.225 0.090625 0.0875
4 0.61953125 0.2625 0.1765625 0.10625
4 0.8421875 0.25390625 0.221875 0.125
5 0.22890625 0.66640625 0.278125 0.3125
3 0.86015625 0.8296875 0.265625 0.1546875
3 0.9015625 0.659375 0.175 0.0890625
3 0.59921875 0.7859375 0.1828125 0.1546875
3 0.6921875 0.6453125 0.1875 0.109375
3 0.76796875 0.72578125 0.115625 0.090625