2 0.19296875 0.3140625 0.075 0.0859375
2 0.4390625 0.34375 0.0796875 0.096875
2 0.3171875 0.31796875 0.078125 0.096875
2 0.046875 0.3296875 0.08125 0.0890625
2 0.4578125 0.2015625 0.06875 0.0578125
2 0.3671875 0.2328125 0.078125 0.0609375
2 0.125 0.1578125 0.04375 0.053125
2 0.08515625 0.23046875 0.0625 0.059375
2 0.175 0.215625 0.06875 0.053125
2 0.3921875 0.16796875 0.0734375 0.04375
2 0.27578125 0.2140625 0.0625 0.05625
2 0.3234375 0.1546875 0.0546875 0.04375
2 0.0375 0.17890625 0.05 0.053125
2 0.2625 0.1515625 0.046875 0.04375
2 0.20234375 0.1515625 0.040625 0.05
1 0.6140625 0.084375 0.15625 0.1375
1 0.8921875 0.084375 0.15625 0.1375
1 0.753125 0.24765625 0.15625 0.146875
1 0.62109375 0.40859375 0.1359375 0.1359375
1 0.8953125 0.4140625 0.1375 0.1375
5 0.24921875 0.74765625 0.45 0.140625
4 0.6375 0.8390625 0.259375 0.1890625
4 0.875 0.69765625 0.234375 0.15625