4 0.24375 0.246875 0.359375 0.28125
2 0.58828125 0.1578125 0.0828125 0.065625
2 0.67421875 0.0890625 0.059375 0.0765625
2 0.65 0.2390625 0.08125 0.0375
2 0.85 0.0984375 0.059375 0.078125
2 0.9234375 0.2859375 0.0765625 0.040625
2 0.5609375 0.2765625 0.08125 0.0359375
2 0.8453125 0.23984375 0.0796875 0.05
2 0.9078125 0.1703125 0.075 0.0609375
2 0.68359375 0.18046875 0.06875 0.071875
2 0.8734375 0.3828125 0.071875 0.0640625
2 0.634375 0.40703125 0.059375 0.08125
2 0.7671875 0.075 0.025 0.078125
2 0.8328125 0.30703125 0.075 0.0484375
2 0.75625 0.43828125 0.0328125 0.08125
2 0.66015625 0.30703125 0.071875 0.053125
2 0.7109375 0.3484375 0.0375 0.0796875
2 0.78203125 0.34765625 0.0375 0.08125
2 0.78359375 0.1640625 0.0515625 0.0796875
2 0.8234375 0.190625 0.059375 0.06875
2 0.7328125 0.15625 0.025 0.078125
3 0.253125 0.871875 0.36875 0.2375
3 0.25234375 0.625 0.35625 0.246875
0 0.7484375 0.74140625 0.49375 0.1921875