4 0.34375 0.3078125 0.259375 0.21875
4 0.1046875 0.13671875 0.159375 0.121875
4 0.19609375 0.2015625 0.203125 0.159375
5 0.734375 0.26484375 0.18125 0.096875
0 0.36171875 0.94375 0.0625 0.046875
0 0.13046875 0.68984375 0.0515625 0.065625
0 0.1296875 0.921875 0.05625 0.05625
0 0.27109375 0.965625 0.05625 0.046875
0 0.20234375 0.61171875 0.0625 0.046875
0 0.3515625 0.86328125 0.053125 0.059375
0 0.2609375 0.8390625 0.071875 0.046875
0 0.284375 0.7421875 0.053125 0.05
0 0.1640625 0.871875 0.046875 0.0453125
0 0.19375 0.959375 0.05625 0.046875
0 0.2046875 0.66796875 0.053125 0.040625
0 0.40390625 0.78359375 0.040625 0.06875
0 0.2546875 0.8953125 0.0515625 0.040625
0 0.3984375 0.58359375 0.046875 0.05
0 0.11015625 0.58125 0.05 0.0453125
0 0.33515625 0.78125 0.0375 0.05
0 0.2875 0.6765625 0.05 0.05
0 0.36171875 0.640625 0.046875 0.046875
0 0.33359375 0.53828125 0.0625 0.034375
0 0.25234375 0.528125 0.05 0.0390625
0 0.075 0.86875 0.0375 0.053125
0 0.44765625 0.64140625 0.034375 0.059375
0 0.17421875 0.5421875 0.05 0.0375
0 0.028125 0.73125 0.04375 0.0640625
0 0.05625 0.646875 0.046875 0.0625
0 0.2875 0.6078125 0.04375 0.040625
0 0.39296875 0.703125 0.046875 0.05
0 0.24609375 0.7828125 0.0578125 0.0296875
0 0.20859375 0.73046875 0.0453125 0.0375
0 0.428125 0.89453125 0.04375 0.0515625
0 0.0421875 0.803125 0.0375 0.05
0 0.1078125 0.784375 0.028125 0.0625
0 0.18046875 0.79375 0.03125 0.053125
0 0.4765625 0.725 0.03125 0.05625
0 0.46875 0.81015625 0.04375 0.0703125
0 0.7421875 0.559375 0.071875 0.05625
0 0.828125 0.5703125 0.0625 0.046875
0 0.64765625 0.58828125 0.06875 0.059375
0 0.90234375 0.6359375 0.065625 0.075
0 0.5796875 0.665625 0.0625 0.078125
0 0.94140625 0.73359375 0.053125 0.08125
0 0.58984375 0.86015625 0.05 0.059375
0 0.5578125 0.77421875 0.0546875 0.071875
0 0.665625 0.9234375 0.0703125 0.059375
0 0.8390625 0.709375 0.0375 0.053125
0 0.77890625 0.65625 0.053125 0.0390625
0 0.65625 0.71484375 0.0390625 0.04375
0 0.928125 0.8296875 0.053125 0.059375
0 0.76875 0.93828125 0.08125 0.05625
0 0.69921875 0.66640625 0.04375 0.0390625
0 0.65859375 0.790625 0.040625 0.05
0 0.87578125 0.89921875 0.0578125 0.053125
0 0.8390625 0.7921875 0.040625 0.05
0 0.715625 0.840625 0.04375 0.0375
0 0.7890625 0.83828125 0.04375 0.0375
0 0.74296875 0.71015625 0.0375 0.028125
0 0.7359375 0.78359375 0.034375 0.028125
0 0.77890625 0.7765625 0.034375 0.0328125
0 0.7890625 0.728125 0.028125 0.0359375
0 0.71171875 0.7453125 0.028125 0.0375