5 0.25 0.23203125 0.475 0.203125
2 0.66953125 0.23203125 0.109375 0.10625
2 0.79765625 0.23203125 0.109375 0.10625
2 0.559375 0.23203125 0.1 0.10625
2 0.915625 0.23203125 0.13125 0.10625
2 0.32578125 0.790625 0.1390625 0.084375
2 0.22421875 0.66875 0.1 0.059375
2 0.33828125 0.65390625 0.109375 0.05625
2 0.1125 0.7796875 0.115625 0.075
2 0.1390625 0.7 0.1 0.0609375
2 0.20859375 0.81953125 0.15 0.078125
2 0.3921875 0.74921875 0.1203125 0.06875
2 0.21875 0.74765625 0.1375 0.065625
2 0.28359375 0.703125 0.125 0.053125
2 0.39296875 0.69609375 0.128125 0.0625
1 0.67265625 0.771875 0.1359375 0.103125
1 0.5796875 0.81640625 0.128125 0.1375
1 0.9234375 0.65 0.11875 0.071875
1 0.76484375 0.72734375 0.125 0.096875
1 0.84375 0.68828125 0.1140625 0.08125