3 0.37109375 0.21796875 0.10625 0.065625
3 0.18984375 0.21953125 0.1 0.065625
3 0.2 0.31171875 0.1671875 0.1078125
3 0.103125 0.25625 0.0859375 0.071875
3 0.3140625 0.2484375 0.1015625 0.06875
3 0.26640625 0.18203125 0.1 0.05625
1 0.6171875 0.215625 0.1625 0.09375
1 0.74375 0.26171875 0.178125 0.11875
1 0.8796875 0.29765625 0.209375 0.140625
5 0.26171875 0.740625 0.209375 0.1828125
1 0.63046875 0.840625 0.23125 0.225
1 0.87734375 0.6390625 0.2140625 0.1875
1 0.884375 0.834375 0.19375 0.1625
1 0.6578125 0.628125 0.16875 0.1625