3 0.36015625 0.3296875 0.265625 0.1546875
3 0.4015625 0.159375 0.175 0.0890625
3 0.09921875 0.2859375 0.1828125 0.1546875
3 0.1921875 0.1453125 0.1875 0.109375
3 0.26796875 0.22578125 0.115625 0.090625
1 0.75703125 0.359375 0.134375 0.15625
1 0.88984375 0.22421875 0.1125 0.1125
1 0.6328125 0.21328125 0.121875 0.121875
1 0.58125 0.403125 0.15625 0.15625
1 0.946875 0.10234375 0.0828125 0.0828125
1 0.565625 0.09921875 0.08125 0.084375
1 0.92109375 0.40703125 0.146875 0.146875
1 0.75859375 0.225 0.071875 0.071875
1 0.86015625 0.08203125 0.053125 0.053125
1 0.66171875 0.08203125 0.053125 0.053125
1 0.759375 0.040625 0.05 0.0484375
1 0.80859375 0.14375 0.04375 0.04375
1 0.709375 0.14375 0.04375 0.04375
5 0.4015625 0.671875 0.184375 0.125
4 0.6859375 0.753125 0.0796875 0.0625
4 0.8109375 0.83984375 0.078125 0.0625
4 0.80546875 0.7515625 0.078125 0.0640625
4 0.6921875 0.84140625 0.078125 0.0625
4 0.91328125 0.74921875 0.078125 0.0609375
4 0.8015625 0.6609375 0.078125 0.0671875
4 0.5796875 0.765625 0.078125 0.0625
4 0.68203125 0.66484375 0.078125 0.065625