1 0.25 0.25703125 0.4484375 0.128125
4 0.62734375 0.2734375 0.115625 0.121875
4 0.834375 0.14453125 0.109375 0.1
4 0.75546875 0.3734375 0.096875 0.10625
4 0.878125 0.278125 0.125 0.1125
4 0.67265625 0.13984375 0.109375 0.10625
4 0.1390625 0.60703125 0.096875 0.0875
4 0.421875 0.72109375 0.084375 0.0890625
4 0.0921875 0.79453125 0.09375 0.0953125
4 0.31328125 0.57265625 0.0890625 0.0625
4 0.403125 0.8359375 0.0703125 0.075
4 0.23046875 0.9203125 0.06875 0.06875
4 0.2296875 0.559375 0.053125 0.046875
4 0.0671875 0.696875 0.046875 0.05
4 0.253125 0.71484375 0.05 0.046875
4 0.3171875 0.91171875 0.053125 0.053125
4 0.384375 0.61875 0.05 0.053125
4 0.1359375 0.884375 0.0546875 0.04375
4 0.19921875 0.7640625 0.05 0.05
4 0.26953125 0.8 0.05 0.04375
4 0.8609375 0.75390625 0.18125 0.1296875
4 0.63828125 0.753125 0.178125 0.128125