1 0.4140625 0.25859375 0.10625 0.1140625
1 0.34765625 0.1640625 0.09375 0.096875
1 0.25 0.31484375 0.1796875 0.134375
1 0.08359375 0.25703125 0.103125 0.1125
1 0.36015625 0.06328125 0.053125 0.071875
1 0.39453125 0.39921875 0.171875 0.134375
1 0.05859375 0.0875 0.05 0.0640625
1 0.23671875 0.184375 0.1 0.078125
1 0.25 0.06796875 0.05625 0.071875
1 0.153125 0.06328125 0.053125 0.0625
1 0.134375 0.15859375 0.0875 0.084375
1 0.43046875 0.0890625 0.05 0.065625
1 0.1 0.39921875 0.15625 0.125
2 0.84296875 0.20703125 0.2875 0.19375
2 0.62734375 0.28984375 0.21875 0.221875
2 0.253125 0.7453125 0.4203125 0.39375
5 0.7546875 0.75 0.2125 0.128125