3 0.25 0.28046875 0.159375 0.1125
3 0.08984375 0.28359375 0.1359375 0.11875
3 0.4125 0.278125 0.13125 0.11875
5 0.73671875 0.26875 0.2 0.103125
1 0.2453125 0.8296875 0.125 0.08125
1 0.125 0.81484375 0.09375 0.06875
1 0.38046875 0.796875 0.103125 0.0890625
1 0.2625 0.69921875 0.08125 0.040625
1 0.04296875 0.790625 0.0859375 0.0625
1 0.1703125 0.70625 0.0625 0.0390625
1 0.35625 0.70703125 0.0625 0.040625
1 0.196875 0.76328125 0.0625 0.05
1 0.29453125 0.7609375 0.071875 0.05625
1 0.4546875 0.76328125 0.084375 0.059375
1 0.20546875 0.734375 0.059375 0.0375
1 0.10234375 0.725 0.05 0.0375
1 0.0453125 0.746875 0.078125 0.059375
1 0.29296875 0.73515625 0.05625 0.03125
1 0.4234375 0.7265625 0.08125 0.0484375
3 0.71484375 0.646875 0.08125 0.0828125
3 0.62578125 0.7328125 0.078125 0.084375
3 0.7546875 0.7484375 0.08125 0.084375
3 0.88359375 0.74140625 0.0796875 0.0828125
3 0.67421875 0.8390625 0.078125 0.08125
3 0.80703125 0.84453125 0.08125 0.084375