5 0.20078125 0.15859375 0.090625 0.040625
5 0.29921875 0.15859375 0.090625 0.0390625
5 0.20078125 0.209375 0.090625 0.0375
5 0.29921875 0.209375 0.090625 0.0390625
5 0.2 0.26015625 0.09375 0.0390625
5 0.20078125 0.31171875 0.090625 0.0390625
5 0.2984375 0.31171875 0.090625 0.0390625
5 0.30078125 0.26171875 0.09375 0.0390625
5 0.2015625 0.3625 0.090625 0.040625
5 0.29921875 0.3625 0.090625 0.040625
5 0.0484375 0.20234375 0.04375 0.025
5 0.0484375 0.26875 0.04375 0.021875
5 0.1046875 0.2015625 0.04375 0.0234375
5 0.05 0.30234375 0.04375 0.021875
5 0.1046875 0.26875 0.04375 0.021875
5 0.1046875 0.303125 0.0421875 0.021875
5 0.04921875 0.234375 0.0421875 0.021875
5 0.1046875 0.23515625 0.0421875 0.021875
5 0.4484375 0.20078125 0.0421875 0.021875
5 0.3953125 0.20078125 0.040625 0.021875
5 0.446875 0.30234375 0.040625 0.021875
5 0.4484375 0.26875 0.0421875 0.021875
5 0.4484375 0.234375 0.040625 0.021875
5 0.39453125 0.30234375 0.0375 0.021875
5 0.3953125 0.26796875 0.040625 0.021875
5 0.3953125 0.234375 0.0421875 0.021875
2 0.815625 0.19453125 0.2375 0.18125
2 0.6734375 0.2765625 0.2453125 0.2171875
5 0.2640625 0.734375 0.36875 0.25625
1 0.60546875 0.7625 0.19375 0.15
1 0.91015625 0.75390625 0.159375 0.165625
1 0.7609375 0.6546875 0.1375 0.0703125