5 0.39375 0.165625 0.2 0.15
1 0.72109375 0.04296875 0.1125 0.05625
1 0.6484375 0.421875 0.0984375 0.0921875
1 0.60625 0.1015625 0.084375 0.084375
1 0.55234375 0.315625 0.090625 0.0984375
1 0.89921875 0.3890625 0.084375 0.0875
1 0.9609375 0.28125 0.06875 0.1125
1 0.928125 0.1640625 0.078125 0.09375
1 0.78125 0.43984375 0.11875 0.078125
1 0.8390625 0.0765625 0.096875 0.06875
1 0.540625 0.2 0.0640625 0.1
4 0.11953125 0.671875 0.053125 0.121875
4 0.41015625 0.83125 0.0671875 0.146875
4 0.3046875 0.83203125 0.06875 0.140625
4 0.2046875 0.66171875 0.06875 0.14375
4 0.21171875 0.8296875 0.0546875 0.121875
4 0.1234375 0.8328125 0.0625 0.1375
4 0.39140625 0.66171875 0.05625 0.128125
4 0.2984375 0.659375 0.046875 0.1109375
5 0.746875 0.7203125 0.425 0.378125