3 0.1453125 0.2828125 0.16875 0.109375
3 0.34609375 0.2796875 0.165625 0.0875
3 0.33359375 0.1984375 0.134375 0.0875
3 0.1703125 0.1921875 0.1265625 0.084375
4 0.87109375 0.15234375 0.11875 0.1046875
4 0.7484375 0.25859375 0.115625 0.1015625
4 0.6109375 0.33203125 0.1125 0.0984375
4 0.8828125 0.33671875 0.1140625 0.1
4 0.62109375 0.16015625 0.1046875 0.1140625
5 0.29140625 0.73828125 0.175 0.1796875
5 0.21171875 0.76796875 0.225 0.196875
2 0.7828125 0.74296875 0.0640625 0.109375
2 0.7140625 0.74921875 0.0625 0.096875