2 0.40625 0.184375 0.1 0.090625
2 0.0984375 0.265625 0.090625 0.1234375
2 0.30546875 0.14140625 0.08125 0.11875
2 0.2109375 0.2421875 0.090625 0.103125
2 0.2265625 0.1265625 0.0890625 0.1
2 0.30625 0.2609375 0.1140625 0.121875
2 0.175 0.34765625 0.125 0.0796875
2 0.290625 0.3734375 0.1046875 0.08125
2 0.1359375 0.1671875 0.075 0.115625
2 0.40078125 0.29453125 0.1 0.1125
1 0.80078125 0.2953125 0.103125 0.0625
1 0.63359375 0.2640625 0.1 0.0421875
1 0.6953125 0.2953125 0.1125 0.0640625
1 0.5734375 0.2375 0.08125 0.046875
1 0.7875 0.221875 0.0875 0.04375
1 0.68203125 0.21484375 0.084375 0.040625
1 0.88203125 0.2375 0.090625 0.034375
1 0.93515625 0.19453125 0.0859375 0.0375
1 0.7484375 0.19296875 0.0734375 0.028125
1 0.8453125 0.18515625 0.075 0.034375
4 0.2328125 0.74453125 0.290625 0.2390625
5 0.7484375 0.746875 0.3296875 0.14375