1 0.2421875 0.24765625 0.096875 0.0953125
1 0.17421875 0.10234375 0.090625 0.071875
1 0.415625 0.2171875 0.084375 0.0875
1 0.271875 0.08125 0.0859375 0.078125
1 0.09296875 0.17109375 0.078125 0.075
1 0.36953125 0.12890625 0.08125 0.0875
1 0.0765625 0.2703125 0.075 0.0875
1 0.221875 0.40859375 0.09375 0.08125
1 0.396875 0.321875 0.096875 0.084375
1 0.33828125 0.39375 0.0875 0.08125
1 0.1109375 0.359375 0.078125 0.084375
4 0.7546875 0.1796875 0.06875 0.121875
4 0.640625 0.17421875 0.078125 0.159375
4 0.86953125 0.340625 0.075 0.1390625
4 0.86015625 0.184375 0.05625 0.109375
4 0.76015625 0.33984375 0.0734375 0.121875
4 0.65390625 0.34375 0.071875 0.121875
1 0.25625 0.75703125 0.4171875 0.315625
5 0.7546875 0.74765625 0.246875 0.203125