4 0.39921875 0.23359375 0.1375 0.1375
4 0.203125 0.23515625 0.325 0.196875
2 0.6796875 0.33359375 0.1390625 0.071875
2 0.715625 0.25078125 0.09375 0.075
2 0.63359375 0.21640625 0.0703125 0.071875
2 0.8171875 0.3421875 0.11875 0.090625
2 0.71484375 0.184375 0.08125 0.059375
2 0.909375 0.2625 0.0875 0.078125
2 0.88203125 0.1953125 0.10625 0.05625
2 0.803125 0.253125 0.1109375 0.0875
2 0.6015625 0.290625 0.0890625 0.0875
2 0.778125 0.1796875 0.071875 0.0640625
5 0.29296875 0.7421875 0.234375 0.2640625
1 0.646875 0.76953125 0.234375 0.371875
1 0.87421875 0.7203125 0.215625 0.3796875