5 0.25 0.2390625 0.45 0.246875
2 0.8671875 0.3015625 0.109375 0.0953125
2 0.66875 0.20234375 0.1078125 0.065625
2 0.9046875 0.2078125 0.09375 0.0625
2 0.72734375 0.2640625 0.11875 0.084375
2 0.61484375 0.3390625 0.1109375 0.0921875
2 0.834375 0.1625 0.109375 0.059375
2 0.7515625 0.3359375 0.13125 0.084375
2 0.73671875 0.16953125 0.096875 0.059375
2 0.80234375 0.2265625 0.125 0.065625
2 0.61640625 0.2609375 0.1140625 0.08125
2 0.40234375 0.7 0.1 0.08125
2 0.346875 0.79140625 0.128125 0.128125
2 0.1171875 0.784375 0.15 0.1125
2 0.25546875 0.75234375 0.15625 0.109375
2 0.27109375 0.68515625 0.1359375 0.0828125
5 0.7515625 0.75078125 0.4375 0.1796875