4 0.2625 0.25625 0.3328125 0.271875
5 0.75703125 0.38203125 0.209375 0.0625
5 0.7578125 0.21171875 0.2125 0.246875
1 0.2109375 0.628125 0.159375 0.053125
1 0.43046875 0.790625 0.096875 0.109375
1 0.3046875 0.871875 0.14375 0.065625
1 0.05859375 0.7828125 0.0875 0.084375
1 0.15078125 0.859375 0.1125 0.075
1 0.17265625 0.77265625 0.1140625 0.096875
1 0.3828125 0.675 0.1375 0.075
1 0.178125 0.69609375 0.109375 0.059375
1 0.35859375 0.74375 0.05 0.075
1 0.08828125 0.69453125 0.0625 0.0515625
1 0.2859375 0.80078125 0.084375 0.0375
1 0.290625 0.746875 0.0390625 0.05
1 0.26640625 0.7140625 0.0625 0.034375
1 0.2796875 0.68203125 0.0640625 0.028125
5 0.7375 0.76328125 0.23125 0.1375