3 0.15703125 0.14765625 0.165625 0.1625
3 0.346875 0.14296875 0.15625 0.153125
3 0.33984375 0.359375 0.1625 0.146875
3 0.2515625 0.2578125 0.09375 0.125
3 0.1453125 0.3515625 0.134375 0.134375
4 0.75703125 0.253125 0.465625 0.478125
4 0.25859375 0.746875 0.090625 0.30625
1 0.584375 0.75703125 0.0421875 0.034375
1 0.75078125 0.78515625 0.05625 0.04375
1 0.95 0.784375 0.059375 0.040625
1 0.84375 0.7828125 0.059375 0.04375
1 0.91171875 0.7484375 0.046875 0.03125
1 0.6515625 0.7890625 0.05625 0.040625
1 0.83125 0.753125 0.05 0.034375
1 0.67265625 0.75703125 0.04375 0.028125
1 0.55 0.7859375 0.0640625 0.04375
1 0.74765625 0.75390625 0.046875 0.03125