4 0.12109375 0.22890625 0.0734375 0.071875
4 0.36875 0.22734375 0.103125 0.090625
4 0.23203125 0.265625 0.0734375 0.0734375
4 0.23359375 0.1875 0.0671875 0.071875
4 0.3609375 0.31953125 0.09375 0.096875
4 0.35 0.14375 0.0828125 0.0828125
2 0.74765625 0.2359375 0.090625 0.43125
1 0.3984375 0.696875 0.096875 0.11875
1 0.1 0.7046875 0.090625 0.08125
1 0.240625 0.6453125 0.0953125 0.053125
1 0.16953125 0.8421875 0.121875 0.0984375
1 0.3390625 0.83984375 0.1109375 0.103125
5 0.790625 0.74375 0.178125 0.190625
5 0.7171875 0.7703125 0.23125 0.2046875