0 0.06875 0.2296875 0.1 0.084375
0 0.43359375 0.4078125 0.09375 0.096875
0 0.34296875 0.3578125 0.0953125 0.090625
0 0.43984375 0.27109375 0.0625 0.0765625
0 0.23828125 0.309375 0.1125 0.090625
0 0.3421875 0.22578125 0.071875 0.078125
0 0.0921875 0.10390625 0.0875 0.0609375
0 0.16171875 0.140625 0.075 0.065625
0 0.25625 0.1796875 0.08125 0.0765625
0 0.14375 0.27421875 0.0875 0.08125
5 0.753125 0.30390625 0.2875 0.159375
5 0.75234375 0.14375 0.2875 0.053125
5 0.2328125 0.74453125 0.446875 0.35
1 0.6296875 0.75234375 0.24375 0.10625
1 0.8734375 0.75703125 0.234375 0.0875