4 0.25390625 0.2546875 0.109375 0.1015625
4 0.15 0.35 0.109375 0.0859375
4 0.36328125 0.346875 0.11875 0.084375
4 0.33984375 0.14296875 0.128125 0.0875
4 0.15 0.1546875 0.1375 0.090625
2 0.88203125 0.27734375 0.109375 0.13125
2 0.6265625 0.32265625 0.1109375 0.1375
2 0.6859375 0.184375 0.115625 0.1140625
2 0.82421875 0.178125 0.125 0.0859375
2 0.75078125 0.2578125 0.1 0.134375
0 0.3734375 0.6078125 0.103125 0.096875
0 0.12421875 0.6125 0.10625 0.1015625
0 0.25234375 0.5578125 0.11875 0.06875
0 0.1125 0.84921875 0.09375 0.109375
0 0.33125 0.9171875 0.1109375 0.0828125
0 0.209375 0.92734375 0.1140625 0.0734375
0 0.4171875 0.8359375 0.08125 0.09375
0 0.065625 0.7296875 0.078125 0.11875
0 0.440625 0.7203125 0.071875 0.1140625
5 0.77421875 0.74375 0.2875 0.121875