1 0.20234375 0.11875 0.234375 0.19375
1 0.390625 0.32265625 0.18125 0.225
1 0.14375 0.36875 0.225 0.178125
5 0.753125 0.23046875 0.46875 0.1265625
2 0.32890625 0.840625 0.121875 0.053125
2 0.44765625 0.80625 0.090625 0.040625
2 0.2546875 0.82734375 0.1015625 0.040625
2 0.384375 0.79140625 0.0875 0.034375
2 0.20859375 0.809375 0.0984375 0.0375
2 0.3375 0.78125 0.078125 0.0296875
2 0.28671875 0.771875 0.078125 0.028125
2 0.1671875 0.796875 0.0875 0.028125
2 0.24609375 0.76484375 0.053125 0.0234375
2 0.221875 0.759375 0.0578125 0.0234375
2 0.1078125 0.7796875 0.0625 0.025
2 0.0328125 0.7546875 0.0578125 0.0203125
2 0.059375 0.7671875 0.0578125 0.021875
2 0.19296875 0.75390625 0.053125 0.021875
2 0.08515625 0.77109375 0.059375 0.025
2 0.13984375 0.78671875 0.0875 0.028125
2 0.13828125 0.74375 0.05 0.01875
2 0.17109375 0.7484375 0.046875 0.01875
2 0.040625 0.76328125 0.0484375 0.01875
2 0.15 0.7453125 0.03125 0.015625
1 0.75234375 0.7484375 0.475 0.3125