0 0.046875 0.29609375 0.046875 0.040625
0 0.453125 0.29921875 0.046875 0.0375
0 0.134375 0.3 0.059375 0.0375
0 0.10703125 0.2625 0.04375 0.0359375
0 0.21796875 0.3015625 0.046875 0.040625
0 0.2953125 0.2953125 0.04375 0.04375
0 0.21796875 0.1921875 0.034375 0.0234375
0 0.15234375 0.23125 0.0375 0.034375
0 0.28828125 0.190625 0.040625 0.025
0 0.3765625 0.29453125 0.046875 0.040625
0 0.4 0.26171875 0.034375 0.034375
0 0.2640625 0.2515625 0.046875 0.03125
0 0.1859375 0.2125 0.03125 0.021875
0 0.18359375 0.26328125 0.0375 0.03125
0 0.36328125 0.2328125 0.0375 0.028125
0 0.259375 0.2140625 0.03125 0.025
0 0.21796875 0.2359375 0.0359375 0.025
0 0.33203125 0.2640625 0.04375 0.0296875
0 0.33515625 0.209375 0.0296875 0.025
0 0.3046875 0.23046875 0.034375 0.025
4 0.7546875 0.1796875 0.06875 0.121875
4 0.640625 0.17421875 0.078125 0.159375
4 0.86953125 0.340625 0.075 0.1390625
4 0.86015625 0.184375 0.05625 0.109375
4 0.76015625 0.33984375 0.0734375 0.121875
4 0.65390625 0.34375 0.071875 0.121875
5 0.25078125 0.7609375 0.3453125 0.1671875
4 0.75 0.74921875 0.3875 0.3875