1 0.24296875 0.31875 0.15 0.1265625
1 0.38828125 0.2578125 0.1234375 0.1
1 0.12578125 0.2390625 0.1046875 0.0921875
1 0.05078125 0.19375 0.0875 0.0671875
1 0.26796875 0.20625 0.10625 0.071875
1 0.11640625 0.13984375 0.059375 0.0421875
1 0.359375 0.14765625 0.075 0.053125
1 0.1875 0.1546875 0.075 0.059375
1 0.44453125 0.17109375 0.0953125 0.05625
1 0.278125 0.1421875 0.078125 0.05
5 0.740625 0.25 0.4125 0.196875
2 0.24453125 0.740625 0.171875 0.0703125
2 0.4046875 0.78984375 0.1859375 0.0796875
2 0.084375 0.78828125 0.1625 0.08125
1 0.7421875 0.74765625 0.096875 0.0953125
1 0.67421875 0.60234375 0.090625 0.071875
1 0.915625 0.7171875 0.084375 0.0875
1 0.771875 0.58125 0.0859375 0.078125
1 0.59296875 0.67109375 0.078125 0.075
1 0.86953125 0.62890625 0.08125 0.0875
1 0.5765625 0.7703125 0.075 0.0875
1 0.721875 0.90859375 0.09375 0.08125
1 0.896875 0.821875 0.096875 0.084375
1 0.83828125 0.89375 0.0875 0.08125
1 0.6109375 0.859375 0.078125 0.084375