5 0.2453125 0.2640625 0.2609375 0.140625
2 0.81875 0.2421875 0.1078125 0.425
2 0.675 0.24453125 0.096875 0.425
1 0.2390625 0.790625 0.109375 0.08125
1 0.3578125 0.78359375 0.084375 0.078125
1 0.18828125 0.69609375 0.0515625 0.0375
1 0.278125 0.7328125 0.078125 0.05
1 0.325 0.703125 0.053125 0.034375
1 0.11875 0.715625 0.0640625 0.03125
1 0.0890625 0.73984375 0.0796875 0.053125
1 0.2625 0.69609375 0.04375 0.03125
1 0.121875 0.78125 0.090625 0.078125
1 0.428125 0.74921875 0.06875 0.0609375
1 0.37734375 0.72109375 0.046875 0.040625
3 0.84296875 0.8171875 0.184375 0.115625
3 0.653125 0.85703125 0.165625 0.1
3 0.8109375 0.6984375 0.159375 0.078125
3 0.6609375 0.66171875 0.096875 0.115625
3 0.65859375 0.7625 0.1515625 0.0765625
3 0.7921875 0.62578125 0.1234375 0.0578125