1 0.2390625 0.29921875 0.2640625 0.196875
1 0.36015625 0.1625 0.20625 0.1515625
1 0.15 0.1578125 0.184375 0.146875
1 0.61875 0.31953125 0.196875 0.159375
1 0.871875 0.1625 0.209375 0.1625
1 0.7609375 0.2390625 0.196875 0.15625
4 0.25234375 0.6578125 0.065625 0.046875
4 0.3 0.70703125 0.08125 0.0625
4 0.18125 0.6984375 0.071875 0.05
4 0.203125 0.76640625 0.096875 0.071875
4 0.39453125 0.68984375 0.075 0.05
4 0.321875 0.775 0.090625 0.065625
4 0.4375 0.7515625 0.1 0.065625
4 0.09765625 0.74375 0.0765625 0.0515625
4 0.18203125 0.8515625 0.090625 0.075
4 0.309375 0.85625 0.10625 0.0875
5 0.90546875 0.66328125 0.159375 0.10625