1 0.0953125 0.08671875 0.1625 0.165625
1 0.25390625 0.1125 0.175 0.146875
1 0.3203125 0.2375 0.121875 0.1109375
1 0.409375 0.1015625 0.1578125 0.15625
1 0.18515625 0.240625 0.13125 0.11875
1 0.4109375 0.30703125 0.0875 0.0875
1 0.1046875 0.321875 0.0875 0.0890625
1 0.25703125 0.3515625 0.078125 0.075
1 0.25703125 0.45625 0.053125 0.05
1 0.34296875 0.46328125 0.05625 0.05625
1 0.1640625 0.46015625 0.05625 0.05625
1 0.30625 0.42578125 0.046875 0.046875
1 0.2015625 0.425 0.046875 0.046875
1 0.75 0.24921875 0.4203125 0.4296875
2 0.3734375 0.75625 0.0953125 0.1
2 0.2734375 0.871875 0.115625 0.1375
2 0.14296875 0.85703125 0.115625 0.1015625
2 0.3015625 0.653125 0.08125 0.08125
2 0.14140625 0.65 0.090625 0.078125
2 0.3921875 0.65390625 0.084375 0.084375
2 0.2796875 0.74296875 0.084375 0.0890625
2 0.10390625 0.7375 0.1 0.090625
2 0.19140625 0.7421875 0.08125 0.1
2 0.21640625 0.6453125 0.075 0.071875
1 0.8890625 0.778125 0.1921875 0.19375
1 0.634375 0.7953125 0.2375 0.165625