1 0.39375 0.371875 0.075 0.090625
1 0.140625 0.403125 0.084375 0.0875
1 0.2609375 0.121875 0.078125 0.05625
1 0.153125 0.1796875 0.06875 0.084375
1 0.20625 0.05390625 0.065625 0.05
1 0.2359375 0.22890625 0.065625 0.0890625
1 0.31171875 0.05625 0.084375 0.05625
1 0.3234375 0.2640625 0.071875 0.090625
1 0.10625 0.1109375 0.0640625 0.05625
1 0.3984375 0.10078125 0.059375 0.05625
1 0.05625 0.30859375 0.059375 0.0734375
1 0.053125 0.2046875 0.05 0.071875
1 0.440625 0.2765625 0.053125 0.071875
1 0.4484375 0.18125 0.05 0.0703125
1 0.2828125 0.41953125 0.084375 0.075
1 0.2328125 0.34765625 0.0828125 0.0640625
1 0.15 0.2796875 0.0625 0.0609375
1 0.3484375 0.16796875 0.065625 0.05
1 0.75 0.26484375 0.43125 0.271875
4 0.12109375 0.72890625 0.0734375 0.071875
4 0.36875 0.72734375 0.103125 0.090625
4 0.23203125 0.765625 0.0734375 0.0734375
4 0.23359375 0.6875 0.0671875 0.071875
4 0.3609375 0.81953125 0.09375 0.096875
4 0.35 0.64375 0.0828125 0.0828125
3 0.87109375 0.71796875 0.10625 0.065625
3 0.68984375 0.71953125 0.1 0.065625
3 0.7 0.81171875 0.1671875 0.1078125
3 0.603125 0.75625 0.0859375 0.071875
3 0.8140625 0.7484375 0.1015625 0.06875
3 0.76640625 0.68203125 0.1 0.05625