5 0.2875 0.259375 0.265625 0.15625
1 0.84609375 0.30234375 0.10625 0.0703125
1 0.653125 0.3015625 0.115625 0.08125
1 0.5765625 0.2359375 0.11875 0.0625
1 0.74921875 0.23125 0.109375 0.046875
1 0.9234375 0.22421875 0.13125 0.059375
3 0.19921875 0.79609375 0.14375 0.0796875
3 0.35625 0.734375 0.184375 0.09375
3 0.221875 0.69375 0.115625 0.06875
3 0.1078125 0.74140625 0.11875 0.0625
4 0.84296875 0.8109375 0.171875 0.1578125
4 0.66796875 0.66875 0.125 0.103125
4 0.65 0.803125 0.1359375 0.1375
4 0.82578125 0.66328125 0.11875 0.115625