4 0.246875 0.2484375 0.38125 0.303125
1 0.65390625 0.2625 0.278125 0.178125
1 0.884375 0.23828125 0.1921875 0.146875
5 0.24609375 0.75078125 0.4421875 0.2421875
4 0.659375 0.68046875 0.053125 0.1125
4 0.91484375 0.66875 0.053125 0.115625
4 0.8328125 0.675 0.046875 0.109375
4 0.7515625 0.67578125 0.0546875 0.1125
4 0.5734375 0.69140625 0.0625 0.1171875
4 0.6671875 0.83515625 0.065625 0.1234375
4 0.75546875 0.83515625 0.0546875 0.1125
4 0.578125 0.83359375 0.05 0.1125
4 0.925 0.828125 0.05625 0.1125
4 0.840625 0.83046875 0.053125 0.1234375