4 0.38671875 0.190625 0.134375 0.184375
4 0.21875 0.36640625 0.184375 0.15625
4 0.12578125 0.1359375 0.153125 0.1671875
1 0.70390625 0.32265625 0.228125 0.1890625
1 0.7109375 0.13828125 0.140625 0.090625
1 0.878125 0.14921875 0.121875 0.09375
1 0.56640625 0.2234375 0.121875 0.08125
1 0.92265625 0.2703125 0.146875 0.125
4 0.44921875 0.7484375 0.078125 0.071875
4 0.3625 0.75078125 0.075 0.065625
4 0.278125 0.7546875 0.071875 0.059375
4 0.1921875 0.75625 0.071875 0.05625
4 0.03515625 0.765625 0.053125 0.034375
4 0.10703125 0.759375 0.075 0.05
1 0.86796875 0.7890625 0.2125 0.153125
1 0.61328125 0.6796875 0.171875 0.1171875
1 0.77734375 0.6953125 0.15625 0.125