5 0.31796875 0.2671875 0.1796875 0.125
5 0.178125 0.23671875 0.13125 0.0734375
5 0.76640625 0.2640625 0.225 0.1828125
3 0.36953125 0.7578125 0.23125 0.11875
3 0.12890625 0.74921875 0.228125 0.1375
2 0.5546875 0.846875 0.0375 0.178125
2 0.903125 0.85234375 0.040625 0.1640625
2 0.953125 0.846875 0.028125 0.175
2 0.73828125 0.5984375 0.03125 0.09375
2 0.6125 0.596875 0.025 0.096875
2 0.55625 0.59375 0.021875 0.1015625
2 0.6765625 0.6 0.03125 0.090625
2 0.55625 0.7109375 0.01875 0.0625
2 0.9453125 0.71171875 0.01875 0.0625
2 0.8890625 0.7125 0.01875 0.059375
2 0.834375 0.71171875 0.01875 0.0625
2 0.66484375 0.71328125 0.01875 0.0609375
2 0.83828125 0.62109375 0.015625 0.046875
2 0.7765625 0.71015625 0.0203125 0.0625
2 0.71875 0.71328125 0.01875 0.0625
2 0.6125 0.7125 0.01875 0.0609375
2 0.875 0.621875 0.015625 0.046875
2 0.80234375 0.62265625 0.015625 0.046875
2 0.615625 0.79453125 0.01875 0.046875
2 0.65625 0.7953125 0.015625 0.046875
2 0.8453125 0.796875 0.015625 0.0453125
2 0.915625 0.62265625 0.01875 0.04375
2 0.69296875 0.79609375 0.015625 0.046875
2 0.76640625 0.79609375 0.0140625 0.046875
2 0.95859375 0.62421875 0.015625 0.04375
2 0.7328125 0.79609375 0.01875 0.0453125
2 0.80234375 0.7953125 0.01875 0.046875
2 0.85390625 0.859375 0.0140625 0.034375
2 0.6109375 0.85703125 0.0125 0.034375
2 0.83203125 0.859375 0.0125 0.034375
2 0.640625 0.8546875 0.009375 0.0375
2 0.61328125 0.91171875 0.0125 0.034375
2 0.80625 0.8578125 0.015625 0.034375
2 0.6703125 0.85625 0.0125 0.034375
2 0.86328125 0.91171875 0.0125 0.034375
2 0.75390625 0.85859375 0.0109375 0.034375
2 0.83828125 0.9125 0.0125 0.03125
2 0.6984375 0.85703125 0.009375 0.0359375
2 0.81171875 0.9109375 0.0125 0.034375
2 0.64453125 0.91015625 0.0109375 0.034375
2 0.70078125 0.91171875 0.015625 0.034375
2 0.6734375 0.9109375 0.0109375 0.034375
2 0.725 0.8578125 0.0125 0.034375
2 0.7328125 0.91015625 0.0125 0.0375
2 0.7796875 0.86015625 0.0125 0.03125
2 0.78671875 0.91171875 0.0109375 0.0328125
2 0.7625 0.9109375 0.0125 0.034375