5 0.24921875 0.25078125 0.128125 0.14375
2 0.5671875 0.303125 0.0546875 0.04375
2 0.68515625 0.30859375 0.0625 0.034375
2 0.93125 0.3171875 0.084375 0.0734375
2 0.5390625 0.271875 0.0359375 0.021875
2 0.815625 0.3109375 0.075 0.065625
2 0.6203125 0.246875 0.0375 0.025
2 0.69296875 0.2765625 0.0453125 0.0375
2 0.596875 0.28203125 0.034375 0.025
2 0.6140625 0.26484375 0.0359375 0.021875
2 0.890625 0.27109375 0.0609375 0.059375
2 0.79140625 0.27421875 0.053125 0.053125
2 0.759375 0.234375 0.03125 0.0375
2 0.70078125 0.2484375 0.0375 0.01875
2 0.7 0.2625 0.034375 0.021875
2 0.7703125 0.25390625 0.03125 0.040625
2 0.84375 0.23984375 0.03125 0.028125
2 0.8546875 0.253125 0.0375 0.04375
0 0.40234375 0.7890625 0.140625 0.08125
0 0.09375 0.7875 0.1375 0.075
0 0.2484375 0.790625 0.1375 0.075
2 0.7765625 0.86328125 0.14375 0.075
2 0.5734375 0.83515625 0.090625 0.06875
2 0.9421875 0.81875 0.084375 0.059375
2 0.9609375 0.73828125 0.05 0.0625
2 0.77734375 0.6375 0.0671875 0.034375
2 0.7 0.703125 0.05625 0.05625
2 0.5859375 0.6796875 0.0625 0.04375
2 0.53203125 0.75078125 0.05625 0.0578125
2 0.88125 0.6734375 0.0625 0.040625
2 0.684375 0.64375 0.059375 0.034375
2 0.7703125 0.74609375 0.084375 0.053125
2 0.80859375 0.69375 0.078125 0.05