5 0.228125 0.259375 0.159375 0.21875
5 0.75 0.2515625 0.4828125 0.359375
1 0.334375 0.846875 0.109375 0.053125
1 0.134375 0.8453125 0.1046875 0.065625
1 0.346875 0.76875 0.0921875 0.046875
1 0.1203125 0.778125 0.0875 0.05
1 0.3515625 0.7 0.078125 0.04375
1 0.23203125 0.775 0.09375 0.05
1 0.125 0.653125 0.075 0.0375
1 0.2328125 0.70546875 0.090625 0.04375
1 0.121875 0.715625 0.078125 0.04375
1 0.228125 0.6453125 0.071875 0.0296875
1 0.328125 0.64296875 0.0734375 0.040625
4 0.89296875 0.75546875 0.1 0.0875
4 0.83125 0.86875 0.09375 0.0703125
4 0.76953125 0.64609375 0.096875 0.096875
4 0.64921875 0.7609375 0.09375 0.090625
4 0.7125 0.86953125 0.08125 0.071875
4 0.7703125 0.76875 0.090625 0.071875