5 0.2515625 0.2625 0.3 0.146875
0 0.85859375 0.06640625 0.1171875 0.0734375
0 0.6171875 0.0921875 0.0875 0.078125
0 0.79140625 0.1890625 0.109375 0.059375
0 0.7296875 0.03125 0.0984375 0.053125
0 0.54375 0.2 0.06875 0.1015625
0 0.94921875 0.17578125 0.0703125 0.109375
0 0.69375 0.2484375 0.065625 0.09375
0 0.65 0.43203125 0.1046875 0.08125
0 0.95625 0.30390625 0.065625 0.10625
0 0.546875 0.34140625 0.05625 0.1
0 0.896875 0.4171875 0.08125 0.084375
0 0.78046875 0.3140625 0.065625 0.084375
0 0.7765625 0.47109375 0.1 0.05
0 0.3671875 0.56171875 0.096875 0.065625
0 0.140625 0.55078125 0.06875 0.059375
0 0.4578125 0.66171875 0.053125 0.1015625
0 0.41640625 0.9015625 0.0796875 0.08125
0 0.071875 0.8828125 0.0671875 0.090625
0 0.26171875 0.52265625 0.103125 0.0375
0 0.05625 0.6375 0.059375 0.09375
0 0.2359375 0.59453125 0.0921875 0.05
0 0.221875 0.6890625 0.08125 0.08125
0 0.23203125 0.7875 0.0875 0.075
0 0.3375 0.6421875 0.065625 0.0625
0 0.30234375 0.9671875 0.103125 0.046875
0 0.47578125 0.79375 0.040625 0.0953125
0 0.1640625 0.8453125 0.0671875 0.0703125
0 0.340625 0.8296875 0.06875 0.0609375
0 0.30859375 0.740625 0.046875 0.1
0 0.390625 0.74140625 0.040625 0.09375
0 0.10859375 0.75 0.046875 0.0828125
0 0.153125 0.64765625 0.05625 0.075
0 0.2609375 0.884375 0.078125 0.0390625
0 0.17265625 0.9515625 0.08125 0.0625
0 0.02265625 0.75703125 0.034375 0.1
3 0.82265625 0.79453125 0.1796875 0.175
3 0.6640625 0.69375 0.165625 0.146875