5 0.2265625 0.23984375 0.21875 0.215625
5 0.9234375 0.278125 0.134375 0.175
5 0.84765625 0.134375 0.0546875 0.0875
5 0.909375 0.10078125 0.0859375 0.025
5 0.846875 0.0734375 0.0515625 0.0578125
5 0.24921875 0.7140625 0.475 0.2765625
0 0.6171875 0.75078125 0.109375 0.05
0 0.8765625 0.746875 0.1203125 0.053125
0 0.75 0.74453125 0.13125 0.065625
0 0.865625 0.79140625 0.1453125 0.06875
0 0.728125 0.77578125 0.13125 0.046875
0 0.784375 0.72109375 0.096875 0.05
0 0.653125 0.72578125 0.090625 0.059375
0 0.6921875 0.703125 0.08125 0.04375