5 0.225 0.23828125 0.259375 0.1984375
5 0.73203125 0.26640625 0.1875 0.1125
1 0.1109375 0.81953125 0.1140625 0.140625
1 0.290625 0.84140625 0.125 0.153125
1 0.2578125 0.70078125 0.0875 0.096875
1 0.42265625 0.784375 0.109375 0.1359375
1 0.1875 0.61015625 0.071875 0.05625
1 0.2921875 0.60625 0.071875 0.053125
1 0.0515625 0.7265625 0.084375 0.1
1 0.0921875 0.65390625 0.078125 0.075
1 0.39453125 0.63671875 0.0765625 0.075
1 0.45234375 0.69921875 0.0765625 0.096875
5 0.7515625 0.78203125 0.321875 0.2390625