1 0.34609375 0.3125 0.10625 0.09375
1 0.175 0.31640625 0.1125 0.08125
1 0.08125 0.24921875 0.084375 0.06875
1 0.13125 0.175 0.078125 0.040625
1 0.25546875 0.14765625 0.09375 0.028125
1 0.428125 0.234375 0.0859375 0.05
1 0.36875 0.17109375 0.065625 0.025
5 0.85546875 0.2859375 0.134375 0.1171875
5 0.2453125 0.7640625 0.246875 0.1296875
4 0.94921875 0.7484375 0.078125 0.071875
4 0.8625 0.75078125 0.075 0.065625
4 0.778125 0.7546875 0.071875 0.059375
4 0.6921875 0.75625 0.071875 0.05625
4 0.53515625 0.765625 0.053125 0.034375
4 0.60703125 0.759375 0.075 0.05