1 0.3359375 0.1546875 0.15 0.09375
1 0.159375 0.1609375 0.1390625 0.08125
1 0.415625 0.32578125 0.15 0.0796875
1 0.2375 0.3234375 0.1359375 0.084375
1 0.08046875 0.32578125 0.14375 0.0796875
1 0.64296875 0.26328125 0.203125 0.196875
1 0.86875 0.26953125 0.196875 0.2
3 0.3171875 0.6734375 0.103125 0.11875
3 0.1140625 0.8046875 0.1171875 0.1109375
3 0.16484375 0.678125 0.1109375 0.1171875
3 0.3765625 0.796875 0.1 0.1171875
3 0.2515625 0.79921875 0.1046875 0.115625
1 0.7515625 0.74921875 0.43125 0.3625