5 0.259375 0.2484375 0.453125 0.309375
2 0.84609375 0.30390625 0.121875 0.075
2 0.75 0.225 0.0921875 0.065625
2 0.60078125 0.22578125 0.096875 0.06875
2 0.83671875 0.1765625 0.1015625 0.05625
2 0.7453125 0.36796875 0.1375 0.0875
2 0.796875 0.265625 0.1125 0.065625
2 0.89296875 0.2171875 0.096875 0.053125
2 0.6875 0.3203125 0.1171875 0.0625
2 0.71328125 0.1875 0.109375 0.0546875
2 0.6453125 0.28125 0.1125 0.075
5 0.24921875 0.74765625 0.45 0.140625
4 0.6609375 0.821875 0.0921875 0.075
4 0.8140625 0.815625 0.096875 0.078125
4 0.9109375 0.784375 0.0796875 0.065625
4 0.73359375 0.75546875 0.075 0.0625
4 0.68359375 0.68359375 0.0546875 0.0390625
4 0.575 0.78515625 0.0890625 0.071875
4 0.61171875 0.67890625 0.05 0.0375
4 0.96015625 0.7359375 0.06875 0.059375
4 0.6390625 0.72265625 0.0625 0.0515625
4 0.928125 0.69375 0.0546875 0.0375
4 0.74296875 0.7109375 0.0625 0.04375
4 0.85390625 0.73125 0.065625 0.0515625
4 0.80625 0.6546875 0.04375 0.03125
4 0.740625 0.6546875 0.046875 0.028125
4 0.56171875 0.7078125 0.05625 0.040625
4 0.76875 0.678125 0.05625 0.034375
4 0.540625 0.746875 0.06875 0.0453125
4 0.8671875 0.66875 0.046875 0.03125
4 0.846875 0.6921875 0.05625 0.040625
4 0.67734375 0.66171875 0.040625 0.025