2 0.371875 0.25703125 0.246875 0.16875
2 0.1296875 0.26484375 0.253125 0.165625
4 0.90625 0.10859375 0.065625 0.06875
4 0.7171875 0.14140625 0.0703125 0.059375
4 0.71875 0.03359375 0.059375 0.0625
4 0.8125 0.0484375 0.0609375 0.0625
4 0.63203125 0.2140625 0.0609375 0.06875
4 0.55625 0.13515625 0.059375 0.053125
4 0.71484375 0.45390625 0.065625 0.0625
4 0.828125 0.1578125 0.065625 0.06875
4 0.96328125 0.2125 0.0625 0.065625
4 0.746875 0.25703125 0.0703125 0.0625
4 0.66953125 0.3296875 0.06875 0.075
4 0.55546875 0.3453125 0.0578125 0.065625
4 0.79765625 0.35 0.065625 0.065625
4 0.5328125 0.2453125 0.05625 0.071875
4 0.89609375 0.3953125 0.0578125 0.075
4 0.61796875 0.415625 0.0609375 0.0625
4 0.62578125 0.07109375 0.059375 0.0671875
4 0.80703125 0.4515625 0.0625 0.059375
4 0.87109375 0.2515625 0.059375 0.0640625
4 0.9453125 0.3171875 0.059375 0.065625
5 0.215625 0.75 0.290625 0.4328125
2 0.896875 0.9171875 0.059375 0.05625
2 0.67265625 0.54140625 0.05625 0.034375
2 0.9609375 0.84140625 0.0421875 0.059375
2 0.55703125 0.86875 0.05625 0.0625
2 0.809375 0.96484375 0.0609375 0.05
2 0.75234375 0.53046875 0.05625 0.0390625
2 0.60546875 0.575 0.05625 0.05
2 0.625 0.9390625 0.053125 0.05
2 0.9515625 0.66953125 0.04375 0.053125
2 0.9765625 0.753125 0.0375 0.059375
2 0.7140625 0.9671875 0.059375 0.040625
2 0.5515625 0.63359375 0.0484375 0.059375
2 0.8296875 0.546875 0.059375 0.04375
2 0.90859375 0.596875 0.059375 0.05
2 0.52421875 0.7078125 0.0375 0.0625
2 0.52421875 0.78515625 0.0375 0.05625