2 0.34375 0.3328125 0.203125 0.103125
2 0.134375 0.25703125 0.228125 0.0984375
2 0.2140625 0.1875 0.1875 0.134375
2 0.340625 0.1671875 0.134375 0.10625
2 0.428125 0.278125 0.078125 0.075
2 0.35 0.2734375 0.078125 0.06875
4 0.89296875 0.25546875 0.1 0.0875
4 0.83125 0.36875 0.09375 0.0703125
4 0.76953125 0.14609375 0.096875 0.096875
4 0.64921875 0.2609375 0.09375 0.090625
4 0.7125 0.36953125 0.08125 0.071875
4 0.7703125 0.26875 0.090625 0.071875
0 0.30546875 0.803125 0.125 0.075
0 0.4390625 0.73671875 0.078125 0.05
0 0.3484375 0.7328125 0.065625 0.046875
0 0.16328125 0.7328125 0.0765625 0.04375
0 0.25 0.7296875 0.065625 0.05
0 0.17109375 0.7984375 0.084375 0.0875
0 0.06875 0.79609375 0.096875 0.090625
0 0.08125 0.734375 0.071875 0.040625
2 0.8765625 0.7546875 0.134375 0.434375
2 0.63125 0.7546875 0.178125 0.4