1 0.16171875 0.0921875 0.0859375 0.075
1 0.2921875 0.0828125 0.1 0.08125
1 0.403125 0.159375 0.08125 0.1
1 0.0765625 0.2046875 0.06875 0.09375
1 0.340625 0.415625 0.0875 0.078125
1 0.4265625 0.3171875 0.0625 0.090625
1 0.09375 0.35703125 0.08125 0.0859375
1 0.1984375 0.43046875 0.090625 0.0625
1 0.29765625 0.178125 0.06875 0.0625
1 0.2171875 0.1765625 0.06875 0.0546875
1 0.16484375 0.2296875 0.053125 0.0734375
1 0.3421875 0.2484375 0.0453125 0.075
1 0.31328125 0.32265625 0.059375 0.0578125
1 0.2390625 0.3484375 0.071875 0.04375
1 0.1734375 0.30625 0.0625 0.065625
2 0.7390625 0.303125 0.4109375 0.2921875
2 0.79140625 0.1765625 0.36875 0.221875
1 0.4140625 0.75859375 0.10625 0.1140625
1 0.34765625 0.6640625 0.09375 0.096875
1 0.25 0.81484375 0.1796875 0.134375
1 0.08359375 0.75703125 0.103125 0.1125
1 0.36015625 0.56328125 0.053125 0.071875
1 0.39453125 0.89921875 0.171875 0.134375
1 0.05859375 0.5875 0.05 0.0640625
1 0.23671875 0.684375 0.1 0.078125
1 0.25 0.56796875 0.05625 0.071875
1 0.153125 0.56328125 0.053125 0.0625
1 0.134375 0.65859375 0.0875 0.084375
1 0.43046875 0.5890625 0.05 0.065625
1 0.1 0.89921875 0.15625 0.125
2 0.74609375 0.71953125 0.384375 0.28125