3 0.36640625 0.25 0.0953125 0.0875
3 0.13046875 0.2515625 0.10625 0.0875
3 0.24375 0.25859375 0.0875 0.096875
3 0.30859375 0.3640625 0.1140625 0.075
3 0.17109375 0.365625 0.115625 0.0734375
3 0.25078125 0.1359375 0.1140625 0.08125
4 0.75234375 0.246875 0.403125 0.1953125
1 0.13515625 0.74375 0.103125 0.165625
1 0.0546875 0.6421875 0.1015625 0.1125
1 0.328125 0.66328125 0.15 0.1375
1 0.3 0.821875 0.1578125 0.1125
1 0.2453125 0.54921875 0.13125 0.090625
1 0.4359375 0.853125 0.1015625 0.10625
1 0.4421875 0.64765625 0.096875 0.10625
1 0.05625 0.85 0.10625 0.1203125
1 0.25859375 0.959375 0.121875 0.078125
1 0.74453125 0.72421875 0.4234375 0.2875