3 0.24375 0.28203125 0.1375 0.053125
3 0.08125 0.28203125 0.1390625 0.053125
3 0.4109375 0.27734375 0.153125 0.05625
1 0.6171875 0.259375 0.190625 0.2921875
1 0.86171875 0.26015625 0.23125 0.2875
1 0.35625 0.8390625 0.153125 0.109375
1 0.07421875 0.696875 0.090625 0.10625
1 0.2484375 0.61484375 0.125 0.06875
1 0.42890625 0.6953125 0.103125 0.1
1 0.14765625 0.83203125 0.15625 0.121875
3 0.76640625 0.7796875 0.109375 0.075
3 0.6203125 0.77734375 0.125 0.075
3 0.89765625 0.77734375 0.1125 0.08125
3 0.6953125 0.75078125 0.075 0.0609375
3 0.82578125 0.75 0.065625 0.065625