1 0.28828125 0.30078125 0.08125 0.05
1 0.175 0.2765625 0.084375 0.0375
1 0.22265625 0.2234375 0.0625 0.0328125
1 0.38359375 0.27109375 0.065625 0.0390625
1 0.37265625 0.21484375 0.053125 0.028125
1 0.309375 0.19765625 0.04375 0.028125
1 0.3 0.24375 0.05625 0.034375
1 0.17734375 0.1921875 0.04375 0.0265625
1 0.103125 0.2515625 0.0734375 0.034375
1 0.109375 0.2140625 0.0515625 0.025
1 0.24609375 0.1859375 0.046875 0.025
5 0.7671875 0.265625 0.171875 0.203125
2 0.24453125 0.746875 0.4546875 0.3390625
3 0.72109375 0.671875 0.08125 0.0625
3 0.615625 0.721875 0.0921875 0.06875
3 0.64609375 0.8078125 0.096875 0.08125
3 0.7546875 0.74140625 0.090625 0.071875
3 0.809375 0.82265625 0.103125 0.084375
3 0.89765625 0.74296875 0.090625 0.06875