1 0.371875 0.203125 0.1875 0.20625
1 0.1203125 0.1265625 0.184375 0.1796875
1 0.18984375 0.38203125 0.215625 0.1828125
1 0.8703125 0.284375 0.209375 0.2
1 0.62890625 0.275 0.20625 0.215625
2 0.34375 0.80859375 0.109375 0.05625
2 0.115625 0.83125 0.121875 0.0578125
2 0.24765625 0.75078125 0.078125 0.04375
2 0.19296875 0.7875 0.090625 0.05625
2 0.125 0.78046875 0.0921875 0.05
2 0.2671875 0.796875 0.0828125 0.05
2 0.31796875 0.765625 0.0765625 0.040625
2 0.396875 0.76953125 0.08125 0.05
2 0.18515625 0.74765625 0.0796875 0.04375
2 0.2140625 0.85 0.13125 0.0765625
2 0.590625 0.5890625 0.065625 0.071875
2 0.7078125 0.5296875 0.0734375 0.0453125
2 0.82734375 0.546875 0.065625 0.05625
2 0.88984375 0.91328125 0.071875 0.06875
2 0.92109375 0.615625 0.05625 0.0640625
2 0.57734375 0.8890625 0.0703125 0.059375
2 0.7890625 0.971875 0.078125 0.05
2 0.6671875 0.95390625 0.075 0.0625
2 0.97265625 0.72265625 0.046875 0.071875
2 0.95390625 0.834375 0.0515625 0.075
2 0.52890625 0.7984375 0.05 0.0625
2 0.53046875 0.69140625 0.05 0.065625