2 0.2515625 0.2390625 0.471875 0.10625
0 0.9109375 0.3296875 0.065625 0.059375
0 0.80546875 0.371875 0.06875 0.0640625
0 0.675 0.35234375 0.0796875 0.05625
0 0.58828125 0.30078125 0.0625 0.059375
0 0.94609375 0.2546875 0.046875 0.0484375
0 0.790625 0.27578125 0.065625 0.05
0 0.5921875 0.1734375 0.05 0.0359375
0 0.5421875 0.23984375 0.05 0.05
0 0.6484375 0.13125 0.0375 0.0265625
0 0.6890625 0.2578125 0.059375 0.05
0 0.9265625 0.19375 0.0421875 0.034375
0 0.71171875 0.1125 0.0359375 0.021875
0 0.8609375 0.14765625 0.04375 0.0296875
0 0.75234375 0.2015625 0.05 0.04375
0 0.78984375 0.1203125 0.034375 0.0234375
0 0.821875 0.178125 0.040625 0.0375
0 0.84453125 0.23203125 0.0375 0.046875
0 0.70390625 0.16171875 0.046875 0.028125
0 0.65078125 0.2109375 0.040625 0.040625
0 0.771875 0.153125 0.046875 0.028125
0 0.1671875 0.58046875 0.071875 0.0578125
0 0.2609375 0.55625 0.065625 0.0640625
0 0.34609375 0.59609375 0.0640625 0.05
0 0.08671875 0.65 0.05 0.075
0 0.178125 0.70625 0.059375 0.071875
0 0.25234375 0.65625 0.065625 0.0515625
0 0.0609375 0.75390625 0.05 0.0703125
0 0.4046875 0.653125 0.0546875 0.065625
0 0.18046875 0.79609375 0.05625 0.065625
0 0.3359375 0.70703125 0.053125 0.0625
0 0.38671875 0.8953125 0.05625 0.059375
0 0.25703125 0.75703125 0.05625 0.053125
0 0.084375 0.84453125 0.053125 0.06875
0 0.334375 0.79609375 0.0578125 0.0625
0 0.2640625 0.840625 0.06875 0.05625
0 0.4296875 0.8234375 0.046875 0.0734375
0 0.14375 0.9171875 0.05625 0.065625
0 0.440625 0.7359375 0.0375 0.0734375
0 0.30390625 0.9296875 0.0703125 0.05
0 0.21484375 0.93984375 0.06875 0.05
5 0.7515625 0.75078125 0.396875 0.178125