5 0.2453125 0.30546875 0.4375 0.30625
4 0.7859375 0.31875 0.0765625 0.09375
4 0.6796875 0.315625 0.065625 0.103125
4 0.8828125 0.32421875 0.090625 0.084375
4 0.55859375 0.31484375 0.08125 0.0875
4 0.8359375 0.2375 0.0640625 0.0640625
4 0.925 0.24375 0.071875 0.06875
4 0.5625 0.24296875 0.078125 0.0609375
4 0.72578125 0.240625 0.0578125 0.0625
4 0.575 0.1640625 0.065625 0.0484375
4 0.6515625 0.240625 0.0734375 0.059375
4 0.759375 0.19140625 0.071875 0.0578125
4 0.94375 0.19765625 0.078125 0.05625
4 0.959375 0.1625 0.06875 0.05
4 0.79609375 0.15703125 0.065625 0.05
4 0.72109375 0.1578125 0.06875 0.04375
4 0.87890625 0.16171875 0.06875 0.04375
4 0.64765625 0.159375 0.0625 0.04375
4 0.590625 0.2 0.05 0.059375
4 0.6671875 0.19453125 0.075 0.04375
4 0.85859375 0.1953125 0.0625 0.0546875
5 0.24609375 0.75078125 0.20625 0.115625
5 0.74921875 0.74296875 0.3453125 0.1796875