5 0.24453125 0.2546875 0.321875 0.1765625
0 0.659375 0.071875 0.103125 0.071875
0 0.59921875 0.37578125 0.0875 0.084375
0 0.54765625 0.24140625 0.0625 0.1328125
0 0.7953125 0.04921875 0.10625 0.0734375
0 0.84375 0.17734375 0.0859375 0.109375
0 0.90234375 0.1078125 0.0625 0.059375
0 0.6390625 0.24296875 0.08125 0.0875
0 0.72890625 0.1359375 0.08125 0.078125
0 0.95625 0.2171875 0.046875 0.103125
0 0.76015625 0.3390625 0.1125 0.121875
0 0.93359375 0.3390625 0.0671875 0.0859375
0 0.84296875 0.43359375 0.1125 0.075
0 0.87421875 0.3 0.05 0.09375
0 0.70625 0.45234375 0.075 0.05625
0 0.5734375 0.1390625 0.053125 0.05
0 0.69140625 0.35625 0.0796875 0.05
0 0.740625 0.228125 0.046875 0.065625
1 0.28828125 0.80078125 0.08125 0.05
1 0.175 0.7765625 0.084375 0.0375
1 0.22265625 0.7234375 0.0625 0.0328125
1 0.38359375 0.77109375 0.065625 0.0390625
1 0.37265625 0.71484375 0.053125 0.028125
1 0.309375 0.69765625 0.04375 0.028125
1 0.3 0.74375 0.05625 0.034375
1 0.17734375 0.6921875 0.04375 0.0265625
1 0.103125 0.7515625 0.0734375 0.034375
1 0.109375 0.7140625 0.0515625 0.025
1 0.24609375 0.6859375 0.046875 0.025
4 0.64921875 0.7484375 0.1625 0.096875
4 0.84765625 0.7515625 0.15625 0.1234375