5 0.26640625 0.246875 0.396875 0.196875
3 0.76171875 0.2421875 0.45 0.3921875
1 0.13515625 0.60859375 0.10625 0.09375
1 0.29375 0.5703125 0.11875 0.09375
1 0.41328125 0.66953125 0.103125 0.10625
1 0.14375 0.90234375 0.125 0.109375
1 0.43515625 0.828125 0.0875 0.121875
1 0.309375 0.91796875 0.115625 0.109375
1 0.06640625 0.7421875 0.0875 0.115625
1 0.30625 0.7796875 0.090625 0.11875
1 0.20390625 0.7328125 0.10625 0.115625
3 0.63828125 0.7640625 0.221875 0.1625
3 0.85078125 0.78984375 0.175 0.1671875
3 0.8234375 0.64609375 0.096875 0.0546875
3 0.91640625 0.69140625 0.11875 0.08125
3 0.69296875 0.65625 0.128125 0.0703125