3 0.1609375 0.35546875 0.084375 0.084375
3 0.27578125 0.36484375 0.0859375 0.0875
3 0.37265625 0.33125 0.078125 0.078125
3 0.19140625 0.24921875 0.0828125 0.084375
3 0.0890625 0.28046875 0.06875 0.0703125
3 0.2953125 0.25703125 0.090625 0.090625
3 0.30390625 0.15078125 0.08125 0.078125
3 0.39453125 0.22109375 0.078125 0.075
3 0.10546875 0.184375 0.08125 0.0796875
3 0.1984375 0.13671875 0.075 0.071875
5 0.75 0.25390625 0.49375 0.3140625
5 0.18984375 0.74140625 0.0921875 0.075
5 0.27734375 0.74765625 0.121875 0.1078125
5 0.68046875 0.74765625 0.296875 0.203125
5 0.90390625 0.70625 0.18125 0.1625