1 0.06875 0.21875 0.13125 0.09375
1 0.128125 0.303125 0.1140625 0.0625
1 0.19453125 0.2140625 0.103125 0.059375
1 0.19453125 0.1390625 0.1125 0.05625
1 0.16875 0.3890625 0.075 0.0484375
1 0.26484375 0.1796875 0.0953125 0.053125
1 0.21328125 0.3578125 0.06875 0.05
1 0.3109375 0.2171875 0.0625 0.040625
1 0.27265625 0.2453125 0.071875 0.0375
1 0.4078125 0.153125 0.0625 0.0359375
1 0.3140625 0.15859375 0.059375 0.03125
1 0.259375 0.328125 0.053125 0.0359375
1 0.228125 0.2734375 0.06875 0.028125
1 0.36171875 0.19375 0.05 0.034375
1 0.3109375 0.2875 0.053125 0.034375
1 0.42734375 0.19765625 0.046875 0.025
1 0.38515625 0.16796875 0.0453125 0.028125
1 0.3421875 0.2671875 0.05 0.0265625
1 0.365625 0.25 0.05 0.0265625
1 0.2953125 0.30234375 0.04375 0.034375
1 0.37890625 0.23515625 0.04375 0.0265625
1 0.3953125 0.22109375 0.04375 0.025
1 0.46796875 0.165625 0.0328125 0.0234375
1 0.4796875 0.15546875 0.034375 0.01875
1 0.409375 0.21015625 0.0375 0.0171875
1 0.45234375 0.17734375 0.040625 0.028125
1 0.43515625 0.1875 0.046875 0.025
0 0.73125 0.075 0.05625 0.05625
0 0.6 0.340625 0.053125 0.0515625
0 0.69453125 0.4203125 0.05625 0.05625
0 0.85078125 0.4046875 0.059375 0.0546875
0 0.57890625 0.23671875 0.05625 0.059375
0 0.7484375 0.2671875 0.0578125 0.05625
0 0.6265625 0.13359375 0.05625 0.0578125
0 0.9171875 0.1875 0.059375 0.059375
0 0.92109375 0.3109375 0.053125 0.053125
0 0.8546875 0.10703125 0.05625 0.05625
5 0.246875 0.64609375 0.3625 0.0515625
5 0.24765625 0.79921875 0.3625 0.15625
0 0.63671875 0.75390625 0.24375 0.26875
0 0.81640625 0.7078125 0.3359375 0.26875