2 0.25703125 0.2390625 0.4484375 0.2375
0 0.90078125 0.353125 0.146875 0.128125
0 0.584375 0.3546875 0.134375 0.121875
0 0.7359375 0.3515625 0.134375 0.13125
0 0.61875 0.2140625 0.103125 0.065625
0 0.75859375 0.2109375 0.09375 0.0734375
0 0.89375 0.2078125 0.090625 0.08125
0 0.8609375 0.0953125 0.078125 0.06875
0 0.6640625 0.09765625 0.06875 0.0578125
0 0.765625 0.096875 0.075 0.059375
2 0.24375 0.91328125 0.415625 0.08125
2 0.2453125 0.7953125 0.35625 0.090625
2 0.24140625 0.6875 0.30625 0.084375
2 0.234375 0.5859375 0.2875 0.084375
4 0.89375 0.7796875 0.2125 0.203125
4 0.71484375 0.7640625 0.215625 0.121875