1 0.2046875 0.30703125 0.1546875 0.1125
1 0.06796875 0.2359375 0.1171875 0.0890625
1 0.4015625 0.296875 0.15625 0.14375
1 0.19140625 0.1671875 0.103125 0.075
1 0.321875 0.16953125 0.103125 0.06875
3 0.7328125 0.27421875 0.20625 0.1625
4 0.2328125 0.8265625 0.134375 0.109375
4 0.225 0.7234375 0.115625 0.090625
4 0.07265625 0.71953125 0.128125 0.09375
4 0.37109375 0.72734375 0.1140625 0.09375
4 0.2421875 0.63984375 0.1046875 0.06875
4 0.634375 0.72734375 0.09375 0.084375
4 0.75546875 0.73046875 0.090625 0.06875
4 0.75390625 0.64609375 0.0875 0.078125
4 0.87890625 0.71953125 0.1 0.0796875
4 0.82578125 0.8046875 0.1015625 0.078125
4 0.69453125 0.80859375 0.0875 0.078125