1 0.25546875 0.24140625 0.128125 0.10625
1 0.41796875 0.196875 0.1375 0.121875
1 0.084375 0.30390625 0.1453125 0.11875
1 0.75546875 0.3390625 0.146875 0.128125
1 0.615625 0.2546875 0.1 0.096875
1 0.8828125 0.2734375 0.1234375 0.1046875
1 0.73671875 0.2015625 0.1015625 0.090625
1 0.57890625 0.16796875 0.096875 0.075
1 0.66015625 0.12265625 0.06875 0.0640625
1 0.8375 0.159375 0.0796875 0.06875
1 0.7453125 0.115625 0.071875 0.059375
1 0.94453125 0.22109375 0.0921875 0.075
2 0.25703125 0.775 0.13125 0.1
2 0.084375 0.7734375 0.15 0.0890625
2 0.43046875 0.77265625 0.11875 0.103125
5 0.7546875 0.7453125 0.378125 0.18125