4 0.35234375 0.33828125 0.075 0.0671875
4 0.1453125 0.1640625 0.065625 0.06875
4 0.23828125 0.36328125 0.065625 0.0765625
4 0.30390625 0.271875 0.0703125 0.065625
4 0.1234375 0.25703125 0.071875 0.059375
4 0.38203125 0.21640625 0.0734375 0.065625
4 0.15 0.33359375 0.0640625 0.06875
4 0.30859375 0.165625 0.06875 0.0734375
4 0.2203125 0.24609375 0.0671875 0.071875
4 0.2359375 0.1390625 0.053125 0.071875
1 0.61796875 0.0703125 0.078125 0.075
1 0.684375 0.20078125 0.0765625 0.103125
1 0.584375 0.3609375 0.08125 0.0953125
1 0.8984375 0.3921875 0.1 0.084375
1 0.53671875 0.2265625 0.065625 0.09375
1 0.8265625 0.234375 0.08125 0.0859375
1 0.95625 0.25703125 0.0828125 0.09375
1 0.7171875 0.4328125 0.1015625 0.090625
1 0.78671875 0.03984375 0.103125 0.053125
1 0.9015625 0.1 0.0875 0.0796875
1 0.06328125 0.7453125 0.090625 0.034375
1 0.05546875 0.80234375 0.090625 0.0421875
1 0.32109375 0.790625 0.103125 0.0375
1 0.2 0.746875 0.0828125 0.03125
1 0.18515625 0.78984375 0.0890625 0.0359375
1 0.3203125 0.74609375 0.075 0.028125
1 0.43984375 0.74609375 0.075 0.028125
1 0.44453125 0.78984375 0.096875 0.0390625
5 0.7546875 0.8828125 0.209375 0.05625
5 0.75625 0.7125 0.2171875 0.2375