5 0.128125 0.22734375 0.2375 0.165625
5 0.36484375 0.22734375 0.240625 0.16875
5 0.24765625 0.2640625 0.471875 0.1078125
5 0.625 0.2109375 0.2375 0.3984375
5 0.86953125 0.2140625 0.2375 0.4015625
5 0.746875 0.359375 0.475 0.1453125
1 0.4328125 0.78203125 0.1234375 0.109375
1 0.06328125 0.78515625 0.1125 0.11875
1 0.25 0.69609375 0.08125 0.075
1 0.153125 0.71484375 0.090625 0.0625
1 0.35390625 0.7015625 0.0734375 0.0734375
0 0.53515625 0.86875 0.040625 0.09375
0 0.6734375 0.8671875 0.05 0.0875
0 0.60078125 0.8703125 0.05 0.0765625
0 0.73359375 0.86796875 0.0328125 0.096875
0 0.96484375 0.87265625 0.040625 0.090625
0 0.8484375 0.86875 0.0453125 0.08125
0 0.78671875 0.87109375 0.0375 0.0765625
0 0.9109375 0.8703125 0.040625 0.0875
0 0.5359375 0.6609375 0.034375 0.04375
0 0.97109375 0.75546875 0.028125 0.04375
0 0.53125 0.75234375 0.025 0.040625
0 0.56484375 0.75390625 0.0296875 0.04375
0 0.60859375 0.66015625 0.025 0.046875
0 0.64765625 0.6578125 0.021875 0.053125
0 0.66875 0.75390625 0.028125 0.040625
0 0.6 0.753125 0.025 0.040625
0 0.89765625 0.7546875 0.025 0.0390625
0 0.81875 0.7546875 0.025 0.0453125
0 0.57421875 0.6609375 0.021875 0.034375
0 0.9734375 0.6640625 0.025 0.040625
0 0.93359375 0.75703125 0.01875 0.034375
0 0.85625 0.75546875 0.025 0.0359375
0 0.7046875 0.7546875 0.025 0.0375
0 0.91171875 0.6671875 0.021875 0.03125
0 0.63515625 0.7546875 0.025 0.034375
0 0.94375 0.66875 0.0203125 0.03125
0 0.73984375 0.7578125 0.0296875 0.03125
0 0.55234375 0.5890625 0.015625 0.021875
0 0.52890625 0.58671875 0.0171875 0.01875
0 0.96015625 0.5890625 0.0125 0.0203125
0 0.78125 0.66953125 0.0125 0.025
0 0.59453125 0.5859375 0.015625 0.021875
0 0.97890625 0.58828125 0.015625 0.0203125
0 0.57421875 0.5875 0.0140625 0.01875
0 0.65546875 0.5875 0.015625 0.01875
0 0.71015625 0.66875 0.0125 0.025
0 0.615625 0.58828125 0.015625 0.0203125
0 0.809375 0.6734375 0.015625 0.021875
0 0.8359375 0.66875 0.0125 0.0328125
0 0.7234375 0.5890625 0.0125 0.0203125
0 0.86015625 0.66875 0.0125 0.025
0 0.90234375 0.5890625 0.0125 0.01875
0 0.92109375 0.58828125 0.0125 0.021875
0 0.734375 0.66953125 0.0125 0.025
0 0.884375 0.6671875 0.0125 0.03125
0 0.63515625 0.5890625 0.0125 0.01875
0 0.70078125 0.58828125 0.0140625 0.01875
0 0.75546875 0.66875 0.0125 0.025
0 0.77734375 0.5890625 0.0125 0.01875
0 0.6796875 0.58828125 0.009375 0.0203125
0 0.80234375 0.58984375 0.009375 0.021875
0 0.940625 0.58671875 0.009375 0.0171875
0 0.75 0.58984375 0.009375 0.021875
0 0.88203125 0.5890625 0.0125 0.015625
0 0.84375 0.5890625 0.0125 0.015625
0 0.82109375 0.5890625 0.015625 0.015625
0 0.8625 0.58828125 0.009375 0.01875
0 0.67890625 0.665625 0.01875 0.0375
0 0.77890625 0.75625 0.021875 0.0375