3 0.171875 0.36015625 0.103125 0.084375
3 0.1359375 0.27578125 0.08125 0.0625
3 0.175 0.1796875 0.0703125 0.0625
3 0.2375 0.2203125 0.0796875 0.053125
3 0.3203125 0.1625 0.084375 0.0484375
3 0.28828125 0.2890625 0.096875 0.08125
3 0.365625 0.2265625 0.071875 0.0625
3 0.2484375 0.12265625 0.0671875 0.05625
3 0.41640625 0.17578125 0.0640625 0.0546875
3 0.0921875 0.234375 0.08125 0.0625
1 0.596875 0.33515625 0.175 0.1546875
1 0.69453125 0.13046875 0.096875 0.0390625
1 0.59765625 0.2125 0.08125 0.0625
1 0.7328125 0.2828125 0.084375 0.075
1 0.92109375 0.20234375 0.1375 0.084375
1 0.83203125 0.10390625 0.125 0.034375
1 0.85078125 0.28515625 0.071875 0.065625
1 0.69453125 0.22109375 0.059375 0.0515625
1 0.75234375 0.159375 0.065625 0.03125
1 0.8015625 0.184375 0.04375 0.034375
1 0.803125 0.22890625 0.0625 0.046875
1 0.840625 0.1484375 0.05 0.025
1 0.903125 0.134375 0.053125 0.015625
0 0.33984375 0.90546875 0.0859375 0.103125
0 0.44921875 0.72265625 0.075 0.1
0 0.27734375 0.66640625 0.075 0.09375
0 0.228125 0.81328125 0.096875 0.075
0 0.1671875 0.57578125 0.0921875 0.071875
0 0.17109375 0.715625 0.0875 0.09375
0 0.10078125 0.86875 0.0890625 0.084375
0 0.40625 0.60625 0.0875 0.090625
0 0.28203125 0.5578125 0.0875 0.071875
0 0.0734375 0.65078125 0.0796875 0.084375
0 0.0453125 0.765625 0.065625 0.09375
0 0.3453125 0.74921875 0.0625 0.096875
0 0.2234375 0.93359375 0.1125 0.0875
0 0.43125 0.8453125 0.08125 0.090625
5 0.74765625 0.75 0.4515625 0.0828125