5 0.240625 0.2703125 0.1640625 0.1328125
5 0.75078125 0.2421875 0.465625 0.20625
1 0.25 0.72734375 0.428125 0.33125
2 0.5859375 0.82578125 0.1625 0.078125
2 0.63984375 0.778125 0.109375 0.059375
2 0.865625 0.77890625 0.140625 0.0625
2 0.83359375 0.74921875 0.0875 0.0515625
2 0.65234375 0.73046875 0.09375 0.04375
2 0.63828125 0.7546875 0.1125 0.046875
2 0.8125 0.73515625 0.065625 0.034375
2 0.78125 0.709375 0.05 0.028125
2 0.68671875 0.70859375 0.053125 0.028125
2 0.6640625 0.71640625 0.075 0.0375
2 0.8015625 0.71953125 0.065625 0.0375
2 0.90546875 0.83046875 0.178125 0.071875