4 0.2546875 0.1796875 0.06875 0.121875
4 0.140625 0.17421875 0.078125 0.159375
4 0.36953125 0.340625 0.075 0.1390625
4 0.36015625 0.184375 0.05625 0.109375
4 0.26015625 0.33984375 0.0734375 0.121875
4 0.15390625 0.34375 0.071875 0.121875
5 0.78359375 0.25234375 0.334375 0.1296875
1 0.13515625 0.74375 0.103125 0.165625
1 0.0546875 0.6421875 0.1015625 0.1125
1 0.328125 0.66328125 0.15 0.1375
1 0.3 0.821875 0.1578125 0.1125
1 0.2453125 0.54921875 0.13125 0.090625
1 0.4359375 0.853125 0.1015625 0.10625
1 0.4421875 0.64765625 0.096875 0.10625
1 0.05625 0.85 0.10625 0.1203125
1 0.25859375 0.959375 0.121875 0.078125
4 0.8359375 0.84375 0.103125 0.11875
4 0.671875 0.8109375 0.103125 0.09375
4 0.7609375 0.74296875 0.090625 0.06875
4 0.6 0.753125 0.090625 0.08125
4 0.91640625 0.75625 0.103125 0.0765625
4 0.9109375 0.69921875 0.075 0.059375
4 0.79609375 0.61328125 0.05 0.034375
4 0.790625 0.69296875 0.078125 0.059375
4 0.5484375 0.72265625 0.0765625 0.0546875
4 0.95703125 0.6625 0.065625 0.053125
4 0.55 0.678125 0.0703125 0.046875
4 0.65234375 0.653125 0.059375 0.04375
4 0.7578125 0.6515625 0.065625 0.046875
4 0.58515625 0.64921875 0.065625 0.04375
4 0.859375 0.6625 0.06875 0.05
4 0.7171875 0.63203125 0.053125 0.0375
4 0.6625 0.69375 0.075 0.0484375
4 0.8453125 0.63125 0.053125 0.034375
4 0.9203125 0.6359375 0.059375 0.040625
4 0.62578125 0.625 0.05 0.03125