5 0.2671875 0.265625 0.2953125 0.178125
0 0.90078125 0.296875 0.121875 0.08125
0 0.73125 0.34140625 0.11875 0.059375
0 0.57109375 0.2859375 0.121875 0.0640625
0 0.7625 0.23671875 0.125 0.065625
0 0.70625 0.26015625 0.1 0.034375
0 0.96796875 0.2234375 0.05625 0.046875
0 0.634375 0.2046875 0.0796875 0.040625
0 0.90859375 0.17578125 0.0625 0.034375
0 0.65546875 0.1515625 0.078125 0.0296875
0 0.753125 0.13984375 0.0765625 0.025
0 0.859375 0.2078125 0.0625 0.0484375
0 0.83125 0.1515625 0.053125 0.01875
0 0.7125 0.165625 0.065625 0.028125
0 0.5828125 0.1734375 0.046875 0.01875
0 0.7234375 0.1890625 0.04375 0.0265625
0 0.7984375 0.17421875 0.078125 0.040625
0 0.5453125 0.2109375 0.0734375 0.065625
1 0.24921875 0.7234375 0.36875 0.39375
5 0.746875 0.74609375 0.4453125 0.140625