1 0.246875 0.14765625 0.134375 0.04375
1 0.3921875 0.31484375 0.165625 0.071875
1 0.36484375 0.22578125 0.1375 0.053125
1 0.15 0.22421875 0.1546875 0.05625
1 0.11875 0.31484375 0.2125 0.0875
4 0.6859375 0.253125 0.0796875 0.0625
4 0.8109375 0.33984375 0.078125 0.0625
4 0.80546875 0.2515625 0.078125 0.0640625
4 0.6921875 0.34140625 0.078125 0.0625
4 0.91328125 0.24921875 0.078125 0.0609375
4 0.8015625 0.1609375 0.078125 0.0671875
4 0.5796875 0.265625 0.078125 0.0625
4 0.68203125 0.16484375 0.078125 0.065625
1 0.265625 0.7734375 0.1515625 0.090625
1 0.090625 0.79375 0.175 0.0953125
1 0.4203125 0.7640625 0.146875 0.084375
2 0.59609375 0.815625 0.09375 0.18125
2 0.62265625 0.65 0.090625 0.1484375
2 0.76484375 0.67734375 0.1875 0.153125
2 0.86796875 0.7734375 0.190625 0.1453125
2 0.71328125 0.87890625 0.115625 0.09375
2 0.684375 0.8015625 0.078125 0.0828125