1 0.13515625 0.10859375 0.10625 0.09375
1 0.29375 0.0703125 0.11875 0.09375
1 0.41328125 0.16953125 0.103125 0.10625
1 0.14375 0.40234375 0.125 0.109375
1 0.43515625 0.328125 0.0875 0.121875
1 0.309375 0.41796875 0.115625 0.109375
1 0.06640625 0.2421875 0.0875 0.115625
1 0.30625 0.2796875 0.090625 0.11875
1 0.20390625 0.2328125 0.10625 0.115625
1 0.9078125 0.3453125 0.1375 0.103125
1 0.57734375 0.17265625 0.10625 0.046875
1 0.6953125 0.1703125 0.1078125 0.05
1 0.8109375 0.18203125 0.103125 0.0515625
1 0.8984375 0.221875 0.134375 0.078125
3 0.29609375 0.73671875 0.08125 0.1015625
3 0.1140625 0.64921875 0.08125 0.0859375
3 0.2 0.75390625 0.0765625 0.0859375
3 0.24140625 0.86171875 0.0765625 0.090625
3 0.35625 0.86015625 0.0875 0.075
3 0.0953125 0.74921875 0.075 0.0890625
3 0.12421875 0.859375 0.084375 0.078125
3 0.23515625 0.65 0.08125 0.084375
3 0.36875 0.63984375 0.078125 0.1015625
3 0.39921875 0.759375 0.0875 0.0890625
4 0.75078125 0.846875 0.48125 0.26875
4 0.74375 0.62265625 0.4203125 0.2421875