4 0.20234375 0.28046875 0.165625 0.115625
2 0.75 0.2421875 0.2796875 0.340625
1 0.084375 0.75703125 0.0421875 0.034375
1 0.25078125 0.78515625 0.05625 0.04375
1 0.45 0.784375 0.059375 0.040625
1 0.34375 0.7828125 0.059375 0.04375
1 0.41171875 0.7484375 0.046875 0.03125
1 0.1515625 0.7890625 0.05625 0.040625
1 0.33125 0.753125 0.05 0.034375
1 0.17265625 0.75703125 0.04375 0.028125
1 0.05 0.7859375 0.0640625 0.04375
1 0.24765625 0.75390625 0.046875 0.03125
4 0.82734375 0.57578125 0.0828125 0.075
4 0.69453125 0.7765625 0.0921875 0.1
4 0.63359375 0.91640625 0.090625 0.084375
4 0.89140625 0.87265625 0.09375 0.0921875
4 0.76953125 0.9453125 0.084375 0.071875
4 0.92734375 0.66015625 0.075 0.078125
4 0.553125 0.80390625 0.0765625 0.0875
4 0.71875 0.5484375 0.078125 0.0625
4 0.603125 0.6 0.084375 0.078125
4 0.81484375 0.80703125 0.090625 0.084375
4 0.696875 0.65078125 0.084375 0.06875
4 0.953125 0.7609375 0.078125 0.09375
4 0.8140625 0.67890625 0.06875 0.06875
4 0.54609375 0.6828125 0.06875 0.08125