5 0.27109375 0.175 0.234375 0.184375
2 0.7515625 0.2390625 0.471875 0.10625
1 0.34453125 0.74921875 0.290625 0.19375
1 0.12421875 0.74140625 0.2296875 0.1796875
4 0.85390625 0.72265625 0.09375 0.0546875
4 0.5921875 0.76796875 0.090625 0.059375
4 0.8046875 0.63671875 0.078125 0.046875
4 0.80390625 0.75703125 0.090625 0.0546875
4 0.646875 0.73125 0.0796875 0.053125
4 0.90546875 0.68828125 0.0890625 0.053125
4 0.7578125 0.66640625 0.075 0.0453125
4 0.740625 0.79765625 0.0953125 0.071875
4 0.6765625 0.8359375 0.090625 0.0625
4 0.71015625 0.69375 0.078125 0.053125