5 0.24765625 0.25546875 0.353125 0.1953125
3 0.596875 0.13203125 0.128125 0.1125
3 0.8828125 0.13359375 0.134375 0.128125
3 0.8375 0.4078125 0.125 0.13125
3 0.67265625 0.4125 0.1296875 0.1125
3 0.7359375 0.06171875 0.1359375 0.115625
3 0.94140625 0.275 0.103125 0.128125
3 0.56953125 0.2890625 0.096875 0.146875
3 0.8390625 0.4171875 0.0375 0.0375
3 0.6703125 0.4171875 0.0421875 0.0234375
3 0.16953125 0.82890625 0.140625 0.14375
3 0.33828125 0.82578125 0.1375 0.1109375
3 0.1796875 0.64609375 0.121875 0.15
3 0.33046875 0.6625 0.125 0.15
5 0.75 0.7234375 0.4953125 0.28125