1 0.25546875 0.3390625 0.146875 0.128125
1 0.115625 0.2546875 0.1 0.096875
1 0.3828125 0.2734375 0.1234375 0.1046875
1 0.23671875 0.2015625 0.1015625 0.090625
1 0.07890625 0.16796875 0.096875 0.075
1 0.16015625 0.12265625 0.06875 0.0640625
1 0.3375 0.159375 0.0796875 0.06875
1 0.2453125 0.115625 0.071875 0.059375
1 0.44453125 0.22109375 0.0921875 0.075
5 0.74921875 0.2296875 0.4953125 0.4296875
3 0.24609375 0.75078125 0.2640625 0.2
1 0.8328125 0.74765625 0.3109375 0.2859375
1 0.6546875 0.74921875 0.2375 0.2625