3 0.2046875 0.171875 0.0984375 0.071875
3 0.37890625 0.31875 0.1140625 0.09375
3 0.35859375 0.1921875 0.1 0.078125
3 0.14921875 0.32109375 0.11875 0.0953125
3 0.25703125 0.246875 0.10625 0.084375
3 0.1 0.22734375 0.103125 0.0765625
2 0.65390625 0.253125 0.18125 0.209375
2 0.8546875 0.2453125 0.1875 0.2296875
1 0.1515625 0.6125 0.078125 0.090625
1 0.228125 0.9140625 0.0875 0.09375
1 0.28125 0.58828125 0.0765625 0.0921875
1 0.25546875 0.74140625 0.078125 0.078125
1 0.39921875 0.659375 0.0875 0.0828125
1 0.0828125 0.72578125 0.103125 0.0765625
1 0.35 0.8796875 0.09375 0.090625
1 0.428125 0.7796875 0.090625 0.0921875
1 0.109375 0.84140625 0.0890625 0.090625
1 0.72734375 0.6140625 0.265625 0.1296875
1 0.84921875 0.79296875 0.209375 0.275
1 0.634375 0.81015625 0.1796875 0.21875