4 0.3203125 0.26171875 0.33125 0.14375
4 0.1015625 0.26171875 0.1578125 0.08125
4 0.8515625 0.2828125 0.090625 0.078125
4 0.7265625 0.3 0.096875 0.078125
4 0.821875 0.1984375 0.0984375 0.078125
4 0.61328125 0.265625 0.096875 0.065625
4 0.71015625 0.203125 0.084375 0.084375
2 0.065625 0.83046875 0.075 0.125
2 0.3796875 0.83203125 0.059375 0.1203125
2 0.43828125 0.83125 0.065625 0.125
2 0.11015625 0.63515625 0.0375 0.0625
2 0.06796875 0.63515625 0.0265625 0.065625
2 0.2 0.6359375 0.028125 0.0625
2 0.15390625 0.63828125 0.03125 0.059375
2 0.45 0.6484375 0.0203125 0.040625
2 0.4234375 0.646875 0.0203125 0.040625
2 0.3921875 0.64609375 0.01875 0.040625
2 0.33671875 0.7125 0.015625 0.034375
2 0.36171875 0.64609375 0.01875 0.040625
2 0.3328125 0.64453125 0.01875 0.040625
2 0.06640625 0.71328125 0.021875 0.034375
2 0.1 0.7125 0.0171875 0.034375
2 0.365625 0.7140625 0.015625 0.034375
2 0.1390625 0.7140625 0.01875 0.034375
2 0.2328125 0.646875 0.01875 0.0375
2 0.30234375 0.6453125 0.01875 0.0390625
2 0.209375 0.7140625 0.0140625 0.034375
2 0.1625 0.784375 0.015625 0.028125
2 0.1734375 0.71484375 0.01875 0.034375
2 0.2765625 0.71484375 0.01875 0.0328125
2 0.3953125 0.7140625 0.0203125 0.034375
2 0.30859375 0.71328125 0.0171875 0.034375
2 0.31796875 0.78125 0.015625 0.03125
2 0.28515625 0.7828125 0.015625 0.0296875
2 0.259375 0.83046875 0.01875 0.028125
2 0.29375 0.82890625 0.0125 0.028125
2 0.26953125 0.646875 0.01875 0.0375
2 0.2859375 0.878125 0.0171875 0.028125
2 0.125 0.78359375 0.0171875 0.028125
2 0.2234375 0.7828125 0.0125 0.028125
2 0.21875 0.8296875 0.0125 0.028125
2 0.240625 0.8796875 0.015625 0.028125
2 0.32109375 0.8796875 0.01875 0.028125
2 0.15703125 0.8796875 0.015625 0.0296875
2 0.42578125 0.71484375 0.015625 0.03125
2 0.19375 0.7828125 0.0140625 0.028125
2 0.32578125 0.8296875 0.015625 0.0265625
2 0.24140625 0.71484375 0.01875 0.034375
2 0.19375 0.88046875 0.01875 0.028125
2 0.25234375 0.7828125 0.015625 0.028125
2 0.140625 0.83125 0.015625 0.0265625
2 0.10703125 0.8296875 0.021875 0.03125
2 0.1265625 0.8796875 0.0125 0.03125
2 0.178125 0.8296875 0.015625 0.03125
1 0.75 0.70390625 0.1328125 0.065625
1 0.6984375 0.809375 0.234375 0.125
1 0.5921875 0.7546875 0.121875 0.09375
1 0.8984375 0.7203125 0.0875 0.06875
1 0.9125 0.77578125 0.13125 0.115625