2 0.32109375 0.23984375 0.315625 0.1625
2 0.16328125 0.26015625 0.2703125 0.15
5 0.75 0.2390625 0.45 0.246875
1 0.16640625 0.83125 0.13125 0.096875
1 0.3765625 0.83359375 0.1328125 0.09375
1 0.04765625 0.7609375 0.065625 0.06875
1 0.4515625 0.7546875 0.06875 0.05625
1 0.1078125 0.7046875 0.06875 0.034375
1 0.2046875 0.678125 0.065625 0.028125
1 0.38828125 0.6984375 0.059375 0.03125
1 0.3046875 0.6765625 0.05625 0.021875
4 0.60625 0.721875 0.10625 0.071875
4 0.74375 0.6453125 0.090625 0.0578125
4 0.9109375 0.72734375 0.1125 0.08125
4 0.74296875 0.85234375 0.14375 0.1109375
4 0.75234375 0.73359375 0.14375 0.09375