1 0.36796875 0.2890625 0.2125 0.153125
1 0.11328125 0.1796875 0.171875 0.1171875
1 0.27734375 0.1953125 0.15625 0.125
1 0.75 0.2609375 0.453125 0.1515625
3 0.12265625 0.76875 0.146875 0.121875
3 0.30390625 0.7765625 0.146875 0.134375
3 0.39140625 0.721875 0.1140625 0.0953125
3 0.3 0.6734375 0.109375 0.0828125
3 0.21328125 0.72109375 0.10625 0.090625
5 0.7328125 0.7984375 0.215625 0.303125
5 0.7875 0.62109375 0.1 0.090625
1 0.98203125 0.5625 0.0140625 0.009375
1 0.96328125 0.6578125 0.0125 0.009375