1 0.1296875 0.0984375 0.10625 0.084375
1 0.2796875 0.33515625 0.090625 0.1
1 0.05078125 0.2265625 0.075 0.11875
1 0.25703125 0.0359375 0.084375 0.053125
1 0.2515625 0.2234375 0.0625 0.103125
1 0.23515625 0.4546875 0.1078125 0.0703125
1 0.36875 0.24140625 0.05625 0.11875
1 0.36640625 0.403125 0.096875 0.103125
1 0.28828125 0.1359375 0.0875 0.06875
1 0.1625 0.171875 0.075 0.0875
1 0.44453125 0.1796875 0.065625 0.10625
1 0.0984375 0.371875 0.1 0.0953125
1 0.453125 0.29765625 0.065625 0.09375
1 0.15078125 0.2921875 0.084375 0.10625
1 0.37265625 0.07890625 0.075 0.065625
1 0.75546875 0.3390625 0.146875 0.128125
1 0.615625 0.2546875 0.1 0.096875
1 0.8828125 0.2734375 0.1234375 0.1046875
1 0.73671875 0.2015625 0.1015625 0.090625
1 0.57890625 0.16796875 0.096875 0.075
1 0.66015625 0.12265625 0.06875 0.0640625
1 0.8375 0.159375 0.0796875 0.06875
1 0.7453125 0.115625 0.071875 0.059375
1 0.94453125 0.22109375 0.0921875 0.075
5 0.35546875 0.64140625 0.2046875 0.196875
5 0.253125 0.8703125 0.253125 0.128125
5 0.37421875 0.8109375 0.16875 0.2390625
5 0.15234375 0.64140625 0.2046875 0.1953125
5 0.13359375 0.8109375 0.16875 0.2375
1 0.74921875 0.74921875 0.4046875 0.2546875