4 0.12109375 0.24609375 0.209375 0.196875
4 0.37734375 0.2484375 0.2125 0.209375
5 0.73359375 0.271875 0.278125 0.13125
1 0.24921875 0.81875 0.121875 0.103125
1 0.1046875 0.77578125 0.109375 0.09375
1 0.43515625 0.784375 0.10625 0.09375
1 0.2125 0.7078125 0.09375 0.06875
1 0.05703125 0.696875 0.09375 0.065625
1 0.4328125 0.696875 0.071875 0.059375
1 0.31875 0.72109375 0.0875 0.06875
1 0.12578125 0.65 0.0734375 0.053125
1 0.24296875 0.64921875 0.075 0.0515625
1 0.33671875 0.6578125 0.06875 0.053125
1 0.640625 0.8015625 0.1078125 0.05625
1 0.80546875 0.81484375 0.128125 0.0640625
1 0.88125 0.78203125 0.109375 0.046875
1 0.7484375 0.77265625 0.0828125 0.046875
1 0.80078125 0.75 0.0703125 0.0375
1 0.690625 0.74609375 0.059375 0.0296875
1 0.5828125 0.759375 0.078125 0.0375
1 0.9171875 0.7546875 0.0734375 0.040625
1 0.85234375 0.73984375 0.0625 0.028125
1 0.7578125 0.73203125 0.053125 0.025
1 0.6796875 0.728125 0.05 0.021875
1 0.58203125 0.74609375 0.05625 0.021875
1 0.9234375 0.73671875 0.065625 0.021875
1 0.8328125 0.7234375 0.046875 0.021875
1 0.775 0.72265625 0.034375 0.0171875