0 0.38828125 0.2640625 0.153125 0.1859375
0 0.13671875 0.35703125 0.203125 0.1625
0 0.16171875 0.1296875 0.1375 0.1390625
5 0.6875 0.24765625 0.203125 0.2328125
5 0.78125 0.2296875 0.28125 0.209375
2 0.1296875 0.73671875 0.1296875 0.1234375
2 0.3625 0.759375 0.13125 0.1515625
2 0.31171875 0.6421875 0.1328125 0.0859375
2 0.18125 0.62265625 0.109375 0.109375
2 0.24296875 0.85078125 0.184375 0.140625
2 0.22734375 0.7140625 0.1125 0.13125
2 0.62890625 0.77578125 0.0828125 0.0328125
2 0.81875 0.79921875 0.08125 0.0453125
2 0.95 0.79140625 0.053125 0.0296875
2 0.6671875 0.81484375 0.0796875 0.0375
2 0.60703125 0.74140625 0.078125 0.028125
2 0.77265625 0.7671875 0.0609375 0.028125
2 0.74453125 0.7421875 0.06875 0.0296875
2 0.5875 0.71640625 0.0875 0.03125
2 0.9203125 0.765625 0.046875 0.025
2 0.6640625 0.69140625 0.05625 0.0265625
2 0.703125 0.70546875 0.06875 0.0296875
2 0.78203125 0.69921875 0.059375 0.025
2 0.81875 0.71484375 0.0640625 0.028125
2 0.85703125 0.73203125 0.053125 0.0203125
2 0.884375 0.75 0.040625 0.01875
2 0.7203125 0.721875 0.05625 0.021875
2 0.57421875 0.696875 0.0734375 0.03125
2 0.56875 0.6859375 0.0796875 0.028125