5 0.23828125 0.240625 0.30625 0.28125
5 0.7609375 0.25625 0.3234375 0.153125
1 0.0515625 0.7609375 0.08125 0.065625
1 0.4453125 0.7765625 0.0875 0.06875
1 0.3375 0.77421875 0.071875 0.065625
1 0.14453125 0.76484375 0.078125 0.0625
1 0.23984375 0.7703125 0.0796875 0.0625
1 0.1953125 0.7109375 0.0625 0.046875
1 0.3484375 0.71484375 0.059375 0.046875
1 0.2703125 0.71328125 0.0671875 0.0484375
1 0.4234375 0.715625 0.059375 0.05
1 0.115625 0.71171875 0.06875 0.046875
2 0.81171875 0.81875 0.1921875 0.096875
2 0.6046875 0.76953125 0.115625 0.08125
2 0.890625 0.73359375 0.103125 0.06875
2 0.72265625 0.703125 0.140625 0.05625
2 0.76640625 0.75234375 0.1546875 0.0875