2 0.1453125 0.33203125 0.096875 0.0703125
2 0.33203125 0.34453125 0.1125 0.05625
2 0.1015625 0.20859375 0.046875 0.040625
2 0.4515625 0.31015625 0.059375 0.05625
2 0.1859375 0.19296875 0.0546875 0.028125
2 0.2734375 0.190625 0.05625 0.025
2 0.20625 0.24375 0.0453125 0.040625
2 0.4046875 0.225 0.0484375 0.0375
2 0.3625 0.20390625 0.046875 0.028125
2 0.0625 0.29453125 0.0625 0.05625
2 0.27890625 0.23125 0.059375 0.0375
2 0.2734375 0.259375 0.078125 0.046875
2 0.45546875 0.2625 0.0390625 0.040625
2 0.0390625 0.24765625 0.059375 0.05
4 0.75 0.25546875 0.25625 0.2203125
2 0.2484375 0.7390625 0.365625 0.365625
4 0.8234375 0.821875 0.153125 0.1015625
4 0.62265625 0.7765625 0.125 0.0890625
4 0.68671875 0.6796875 0.1359375 0.08125
4 0.86171875 0.70703125 0.1359375 0.0875