5 0.24140625 0.278125 0.34375 0.25
5 0.2859375 0.2546875 0.3015625 0.24375
1 0.640625 0.3015625 0.1078125 0.05625
1 0.80546875 0.31484375 0.128125 0.0640625
1 0.88125 0.28203125 0.109375 0.046875
1 0.7484375 0.27265625 0.0828125 0.046875
1 0.80078125 0.25 0.0703125 0.0375
1 0.690625 0.24609375 0.059375 0.0296875
1 0.5828125 0.259375 0.078125 0.0375
1 0.9171875 0.2546875 0.0734375 0.040625
1 0.85234375 0.23984375 0.0625 0.028125
1 0.7578125 0.23203125 0.053125 0.025
1 0.6796875 0.228125 0.05 0.021875
1 0.58203125 0.24609375 0.05625 0.021875
1 0.9234375 0.23671875 0.065625 0.021875
1 0.8328125 0.2234375 0.046875 0.021875
1 0.775 0.22265625 0.034375 0.0171875
1 0.28828125 0.80078125 0.08125 0.05
1 0.175 0.7765625 0.084375 0.0375
1 0.22265625 0.7234375 0.0625 0.0328125
1 0.38359375 0.77109375 0.065625 0.0390625
1 0.37265625 0.71484375 0.053125 0.028125
1 0.309375 0.69765625 0.04375 0.028125
1 0.3 0.74375 0.05625 0.034375
1 0.17734375 0.6921875 0.04375 0.0265625
1 0.103125 0.7515625 0.0734375 0.034375
1 0.109375 0.7140625 0.0515625 0.025
1 0.24609375 0.6859375 0.046875 0.025
4 0.75078125 0.74609375 0.35 0.2484375