1 0.1171875 0.259375 0.190625 0.2921875
1 0.36171875 0.26015625 0.23125 0.2875
0 0.6953125 0.0609375 0.08125 0.028125
0 0.88515625 0.3796875 0.0984375 0.071875
0 0.62734375 0.3890625 0.1 0.071875
0 0.7546875 0.43828125 0.1125 0.040625
0 0.809375 0.0625 0.0828125 0.0265625
0 0.60546875 0.11640625 0.075 0.0484375
0 0.890625 0.11328125 0.065625 0.040625
0 0.715625 0.128125 0.075 0.0359375
0 0.7859375 0.32265625 0.09375 0.046875
0 0.56171875 0.29765625 0.05625 0.0875
0 0.8109375 0.14140625 0.06875 0.03125
0 0.95234375 0.1890625 0.05 0.075
0 0.87734375 0.1921875 0.0625 0.0625
0 0.78984375 0.19609375 0.0875 0.05
0 0.76328125 0.2640625 0.1 0.040625
0 0.6875 0.3109375 0.06875 0.0625
0 0.9484375 0.278125 0.0421875 0.0875
0 0.7015625 0.21640625 0.05625 0.071875
0 0.571875 0.19140625 0.05625 0.0625
0 0.86953125 0.2640625 0.05625 0.059375
0 0.63515625 0.1765625 0.05625 0.053125
0 0.62265625 0.2453125 0.0375 0.0625
5 0.25 0.7515625 0.4375 0.1046875
4 0.75234375 0.746875 0.403125 0.1953125