1 0.06796875 0.265625 0.08125 0.08125
1 0.25703125 0.2671875 0.078125 0.0765625
1 0.43359375 0.26484375 0.078125 0.08125
1 0.1640625 0.26484375 0.0734375 0.078125
1 0.34453125 0.26484375 0.0765625 0.0796875
4 0.86796875 0.26171875 0.246875 0.15625
4 0.603125 0.271875 0.203125 0.11875
1 0.25 0.7296875 0.496875 0.41875
5 0.68359375 0.771875 0.065625 0.13125
5 0.56640625 0.77734375 0.05625 0.096875
5 0.846875 0.778125 0.09375 0.18125
5 0.60390625 0.7625 0.0421875 0.096875
5 0.74140625 0.75078125 0.0609375 0.1328125
5 0.921875 0.75234375 0.08125 0.18125