2 0.14453125 0.409375 0.1140625 0.084375
2 0.1 0.1375 0.0578125 0.071875
2 0.31171875 0.428125 0.109375 0.0515625
2 0.05625 0.2765625 0.046875 0.109375
2 0.3859375 0.12265625 0.0484375 0.046875
2 0.2984375 0.07265625 0.078125 0.0375
2 0.21796875 0.32421875 0.05 0.040625
2 0.4359375 0.21875 0.040625 0.078125
2 0.415625 0.3421875 0.053125 0.075
2 0.1859375 0.071875 0.075 0.04375
2 0.31328125 0.30703125 0.053125 0.046875
2 0.325 0.22109375 0.03125 0.05625
2 0.1796875 0.2359375 0.025 0.059375
2 0.25234375 0.1765625 0.05625 0.01875
2 0.6296875 0.23671875 0.1296875 0.1234375
2 0.8625 0.259375 0.13125 0.1515625
2 0.81171875 0.1421875 0.1328125 0.0859375
2 0.68125 0.12265625 0.109375 0.109375
2 0.74296875 0.35078125 0.184375 0.140625
2 0.72734375 0.2140625 0.1125 0.13125
1 0.25 0.73671875 0.465625 0.275
2 0.86015625 0.79375 0.2421875 0.109375
2 0.62109375 0.765625 0.1875 0.103125