4 0.12109375 0.22890625 0.0734375 0.071875
4 0.36875 0.22734375 0.103125 0.090625
4 0.23203125 0.265625 0.0734375 0.0734375
4 0.23359375 0.1875 0.0671875 0.071875
4 0.3609375 0.31953125 0.09375 0.096875
4 0.35 0.14375 0.0828125 0.0828125
5 0.8046875 0.278125 0.2875 0.215625
5 0.721875 0.2359375 0.21875 0.228125
5 0.25234375 0.81171875 0.4515625 0.1125
5 0.28203125 0.74765625 0.38125 0.053125
5 0.85546875 0.64140625 0.2046875 0.196875
5 0.753125 0.8703125 0.253125 0.128125
5 0.87421875 0.8109375 0.16875 0.2390625
5 0.65234375 0.64140625 0.2046875 0.1953125
5 0.63359375 0.8109375 0.16875 0.2375