1 0.2328125 0.31328125 0.1046875 0.0671875
1 0.4375 0.26953125 0.1015625 0.05625
1 0.3046875 0.24296875 0.0953125 0.059375
1 0.06875 0.2875 0.103125 0.0625
1 0.059375 0.209375 0.071875 0.05
1 0.1578125 0.159375 0.0625 0.0421875
1 0.140625 0.23984375 0.084375 0.046875
1 0.36171875 0.20078125 0.0875 0.0375
1 0.20390625 0.2 0.08125 0.04375
1 0.25859375 0.1671875 0.075 0.034375
0 0.89296875 0.115625 0.128125 0.103125
0 0.5765625 0.34921875 0.11875 0.1390625
0 0.7390625 0.02421875 0.1359375 0.0484375
0 0.571875 0.1421875 0.121875 0.18125
0 0.890625 0.371875 0.1203125 0.121875
0 0.95234375 0.24921875 0.075 0.09375
0 0.6765625 0.32265625 0.084375 0.0765625
0 0.80390625 0.14296875 0.103125 0.096875
0 0.68046875 0.15390625 0.084375 0.0359375
0 0.68203125 0.215625 0.096875 0.05
0 0.79921875 0.21796875 0.071875 0.1046875
0 0.675 0.2671875 0.084375 0.0421875
0 0.80234375 0.29140625 0.04375 0.05625
0 0.8078125 0.34453125 0.05 0.0375
0 0.73828125 0.46171875 0.13125 0.075
2 0.421875 0.79921875 0.128125 0.05625
2 0.240625 0.7953125 0.1359375 0.05625
2 0.25 0.74375 0.090625 0.04375
2 0.3875 0.753125 0.103125 0.0421875
2 0.0953125 0.7453125 0.0984375 0.0390625
2 0.0625 0.78671875 0.121875 0.059375
5 0.71796875 0.7703125 0.23125 0.20625
5 0.7921875 0.74296875 0.178125 0.1921875