5 0.2484375 0.2484375 0.46875 0.146875
2 0.771875 0.2515625 0.221875 0.446875
5 0.35546875 0.64140625 0.2046875 0.196875
5 0.253125 0.8703125 0.253125 0.128125
5 0.37421875 0.8109375 0.16875 0.2390625
5 0.15234375 0.64140625 0.2046875 0.1953125
5 0.13359375 0.8109375 0.16875 0.2375
2 0.7625 0.72109375 0.103125 0.0921875
2 0.6859375 0.65390625 0.090625 0.075
2 0.7609375 0.815625 0.1453125 0.121875
2 0.78046875 0.6375 0.0796875 0.078125
2 0.6203125 0.79453125 0.121875 0.10625
2 0.884375 0.67109375 0.096875 0.0875
2 0.88203125 0.7609375 0.134375 0.090625
2 0.64453125 0.71875 0.0984375 0.090625