2 0.421875 0.29921875 0.128125 0.05625
2 0.240625 0.2953125 0.1359375 0.05625
2 0.25 0.24375 0.090625 0.04375
2 0.3875 0.253125 0.103125 0.0421875
2 0.0953125 0.2453125 0.0984375 0.0390625
2 0.0625 0.28671875 0.121875 0.059375
5 0.75390625 0.29296875 0.271875 0.140625
5 0.753125 0.15703125 0.271875 0.028125
0 0.18828125 0.5671875 0.125 0.09375
0 0.26640625 0.94453125 0.125 0.075
0 0.146875 0.88671875 0.1125 0.096875
0 0.31953125 0.56875 0.11875 0.090625
0 0.3828125 0.8828125 0.10625 0.1
0 0.09765625 0.659375 0.0875 0.1125
0 0.0671875 0.78046875 0.08125 0.121875
0 0.453125 0.771875 0.084375 0.1265625
0 0.4140625 0.6484375 0.0921875 0.1125
5 0.76953125 0.75 0.28125 0.2328125