2 0.37265625 0.3671875 0.225 0.1
2 0.3109375 0.3078125 0.209375 0.090625
2 0.25703125 0.26171875 0.1875 0.084375
2 0.1765625 0.2046875 0.15625 0.05
2 0.2140625 0.23046875 0.171875 0.06875
2 0.090625 0.13359375 0.128125 0.04375
2 0.11640625 0.1484375 0.134375 0.05
2 0.14921875 0.17265625 0.1515625 0.0625
5 0.64375 0.2375 0.209375 0.209375
5 0.8546875 0.2390625 0.209375 0.209375
3 0.359375 0.75859375 0.15 0.115625
3 0.2765625 0.865625 0.1484375 0.1171875
3 0.21875 0.68515625 0.121875 0.109375
3 0.12890625 0.79921875 0.121875 0.115625
5 0.73671875 0.76875 0.2 0.103125