5 0.265625 0.22890625 0.2890625 0.1859375
3 0.86875 0.09375 0.215625 0.1
3 0.64140625 0.10234375 0.228125 0.096875
3 0.56640625 0.18515625 0.10625 0.06875
3 0.9328125 0.1796875 0.1125 0.071875
3 0.6796875 0.1859375 0.1140625 0.06875
3 0.8140625 0.184375 0.1375 0.0625
3 0.76875 0.290625 0.084375 0.0515625
3 0.8109375 0.25 0.0671875 0.0328125
3 0.9 0.321875 0.04375 0.0375
3 0.73125 0.3328125 0.0421875 0.028125
3 0.85703125 0.38984375 0.0578125 0.034375
3 0.74609375 0.2484375 0.05625 0.025
3 0.640625 0.2828125 0.0375 0.0234375
3 0.78984375 0.41796875 0.0546875 0.034375
3 0.8421875 0.30234375 0.0609375 0.028125
3 0.63828125 0.41328125 0.0421875 0.0296875
3 0.69375 0.31875 0.0375 0.0265625
3 0.83671875 0.340625 0.0453125 0.025
3 0.65703125 0.25859375 0.034375 0.021875
3 0.63203125 0.328125 0.0359375 0.021875
3 0.58203125 0.290625 0.0328125 0.0203125
3 0.5296875 0.3296875 0.028125 0.0234375
3 0.6953125 0.29140625 0.0359375 0.025
3 0.59296875 0.3875 0.03125 0.021875
3 0.73671875 0.39375 0.04375 0.028125
3 0.70390625 0.41953125 0.0390625 0.028125
3 0.67421875 0.38671875 0.040625 0.021875
3 0.90078125 0.359375 0.040625 0.025
3 0.584375 0.340625 0.028125 0.0203125
3 0.54296875 0.359375 0.028125 0.021875
3 0.78828125 0.3765625 0.04375 0.0234375
3 0.53515625 0.3015625 0.028125 0.01875
3 0.628125 0.3578125 0.03125 0.01875
3 0.5875 0.26953125 0.0265625 0.01875
3 0.54921875 0.27578125 0.025 0.01875
3 0.71328125 0.36171875 0.0375 0.01875
3 0.571875 0.31875 0.025 0.01875
3 0.78125 0.34765625 0.040625 0.01875
3 0.6625 0.34375 0.028125 0.01875
3 0.62109375 0.26875 0.0265625 0.01875
3 0.6078125 0.30625 0.021875 0.01875
3 0.65234375 0.303125 0.025 0.015625
3 0.6140625 0.25546875 0.021875 0.015625
2 0.253125 0.75546875 0.409375 0.278125
2 0.7484375 0.746875 0.471875 0.4015625