5 0.25234375 0.2953125 0.2765625 0.14375
5 0.25078125 0.1421875 0.271875 0.0546875
1 0.6921875 0.309375 0.096875 0.065625
1 0.84453125 0.30546875 0.084375 0.059375
1 0.59375 0.2890625 0.0625 0.04375
1 0.9203125 0.2921875 0.065625 0.0453125
1 0.6828125 0.275 0.059375 0.040625
1 0.7703125 0.28671875 0.078125 0.05
1 0.74609375 0.2625 0.05625 0.0421875
1 0.67109375 0.2546875 0.0578125 0.040625
1 0.82421875 0.2625 0.0578125 0.0375
1 0.74453125 0.24296875 0.05625 0.028125
1 0.58828125 0.2640625 0.046875 0.034375
1 0.921875 0.26796875 0.0484375 0.034375
1 0.6296875 0.24375 0.04375 0.0296875
1 0.771875 0.23203125 0.05 0.028125
1 0.69921875 0.2359375 0.040625 0.021875
1 0.8390625 0.2390625 0.0390625 0.021875
1 0.88984375 0.246875 0.040625 0.028125
1 0.81875 0.2453125 0.053125 0.0328125
5 0.403125 0.75 0.171875 0.065625
5 0.40546875 0.64765625 0.1703125 0.05625
4 0.75859375 0.75859375 0.284375 0.26875