1 0.15625 0.25078125 0.275 0.275
1 0.3578125 0.265625 0.246875 0.2
5 0.8484375 0.2953125 0.11875 0.0984375
0 0.1234375 0.80625 0.190625 0.0578125
0 0.128125 0.746875 0.1734375 0.046875
0 0.28828125 0.646875 0.04375 0.06875
0 0.27734375 0.87421875 0.053125 0.0890625
0 0.20703125 0.8453125 0.090625 0.059375
0 0.384375 0.6859375 0.0796875 0.046875
0 0.4171875 0.75625 0.109375 0.03125
0 0.3390625 0.6625 0.0453125 0.065625
0 0.2390625 0.6546875 0.040625 0.06875
0 0.4078125 0.79375 0.09375 0.05
0 0.19921875 0.6625 0.078125 0.090625
0 0.1703125 0.68828125 0.103125 0.0875
0 0.3390625 0.8625 0.05 0.084375
0 0.38125 0.825 0.0625 0.05625
0 0.4046875 0.71953125 0.103125 0.03125
1 0.69921875 0.7765625 0.109375 0.0625
1 0.5703125 0.75078125 0.0828125 0.0421875
1 0.7875 0.75625 0.096875 0.0375
1 0.8828125 0.721875 0.071875 0.034375
1 0.84140625 0.7375 0.08125 0.03125
1 0.91875 0.7109375 0.0671875 0.034375
1 0.72265625 0.7296875 0.071875 0.025
1 0.7890625 0.7171875 0.059375 0.03125
1 0.8453125 0.71015625 0.05 0.028125
1 0.64609375 0.740625 0.075 0.03125