0 0.271875 0.34609375 0.1 0.071875
0 0.07578125 0.30625 0.1171875 0.096875
0 0.275 0.1515625 0.06875 0.04375
0 0.4390625 0.18671875 0.0640625 0.0390625
0 0.33828125 0.28125 0.1 0.0578125
0 0.46015625 0.17421875 0.046875 0.0328125
0 0.3078125 0.31171875 0.1 0.0625
0 0.365625 0.25 0.096875 0.0484375
0 0.1171875 0.26953125 0.1109375 0.0859375
0 0.1921875 0.2234375 0.1234375 0.0859375
0 0.16171875 0.2453125 0.1265625 0.090625
0 0.24921875 0.1703125 0.059375 0.040625
0 0.42265625 0.21015625 0.0625 0.040625
0 0.2171875 0.1921875 0.075 0.05
0 0.4015625 0.228125 0.065625 0.04375
5 0.75 0.26640625 0.36875 0.0890625
5 0.27421875 0.77578125 0.2703125 0.246875
5 0.71484375 0.76875 0.25 0.20625
5 0.79765625 0.7421875 0.165625 0.209375