5 0.2578125 0.26015625 0.228125 0.178125
5 0.7515625 0.2484375 0.478125 0.4234375
2 0.0671875 0.803125 0.0546875 0.04375
2 0.18515625 0.80859375 0.0625 0.034375
2 0.43125 0.8171875 0.084375 0.0734375
2 0.0390625 0.771875 0.0359375 0.021875
2 0.315625 0.8109375 0.075 0.065625
2 0.1203125 0.746875 0.0375 0.025
2 0.19296875 0.7765625 0.0453125 0.0375
2 0.096875 0.78203125 0.034375 0.025
2 0.1140625 0.76484375 0.0359375 0.021875
2 0.390625 0.77109375 0.0609375 0.059375
2 0.29140625 0.77421875 0.053125 0.053125
2 0.259375 0.734375 0.03125 0.0375
2 0.20078125 0.7484375 0.0375 0.01875
2 0.2 0.7625 0.034375 0.021875
2 0.2703125 0.75390625 0.03125 0.040625
2 0.34375 0.73984375 0.03125 0.028125
2 0.3546875 0.753125 0.0375 0.04375
5 0.7484375 0.73984375 0.4625 0.3015625