2 0.08828125 0.32578125 0.153125 0.0875
2 0.1578125 0.2828125 0.140625 0.0734375
2 0.33515625 0.17421875 0.0875 0.05
2 0.20859375 0.24765625 0.121875 0.065625
2 0.2609375 0.221875 0.115625 0.0609375
2 0.30078125 0.30234375 0.115625 0.0546875
2 0.4453125 0.19921875 0.084375 0.0421875
2 0.2984375 0.19375 0.1 0.05625
2 0.3328125 0.2765625 0.1109375 0.05625
2 0.3640625 0.25234375 0.096875 0.053125
2 0.39140625 0.23359375 0.090625 0.05
2 0.41484375 0.2140625 0.0828125 0.04375
5 0.75 0.24140625 0.4609375 0.35
4 0.1375 0.8390625 0.259375 0.1890625
4 0.375 0.69765625 0.234375 0.15625
4 0.7625 0.7578125 0.3625 0.25625