1 0.2328125 0.284375 0.109375 0.109375
1 0.075 0.359375 0.1375 0.134375
1 0.078125 0.20703125 0.0921875 0.0828125
1 0.20390625 0.184375 0.0796875 0.065625
1 0.309375 0.16640625 0.0796875 0.0625
1 0.084375 0.13828125 0.0703125 0.05625
1 0.43359375 0.184375 0.0875 0.0703125
1 0.35 0.23125 0.090625 0.08125
1 0.4578125 0.1140625 0.06875 0.046875
1 0.38203125 0.128125 0.08125 0.053125
1 0.29140625 0.12265625 0.0625 0.0421875
1 0.33984375 0.09453125 0.0625 0.046875
1 0.16953125 0.09296875 0.06875 0.04375
1 0.25234375 0.0953125 0.053125 0.040625
1 0.08515625 0.09453125 0.0609375 0.04375
1 0.18828125 0.1296875 0.0703125 0.0546875
3 0.6984375 0.33203125 0.1125 0.103125
3 0.825 0.19296875 0.10625 0.1
3 0.8234375 0.321875 0.096875 0.09375
3 0.67890625 0.1859375 0.1328125 0.125
1 0.41953125 0.85 0.15 0.11875
1 0.35703125 0.71640625 0.1546875 0.08125
1 0.403125 0.77421875 0.165625 0.096875
1 0.26015625 0.8328125 0.0609375 0.053125
1 0.3046875 0.7796875 0.0703125 0.0625
2 0.08671875 0.84375 0.059375 0.04375
1 0.20078125 0.68046875 0.075 0.0375
2 0.1671875 0.84140625 0.04375 0.046875
1 0.259375 0.7390625 0.071875 0.0375
1 0.19921875 0.71015625 0.0625 0.0328125
2 0.1796875 0.79765625 0.0375 0.034375
1 0.25625 0.69921875 0.0765625 0.040625
2 0.04296875 0.828125 0.046875 0.028125
1 0.22421875 0.77734375 0.04375 0.040625
1 0.12578125 0.6953125 0.05 0.0203125
1 0.18515625 0.72265625 0.0484375 0.0265625
1 0.16328125 0.76015625 0.046875 0.0359375
1 0.1234375 0.71953125 0.046875 0.025
2 0.08203125 0.70546875 0.0359375 0.0171875
2 0.10859375 0.75859375 0.03125 0.028125
1 0.19921875 0.74453125 0.034375 0.0296875
2 0.0359375 0.79609375 0.0296875 0.0203125
2 0.08125 0.78671875 0.0234375 0.01875
2 0.0234375 0.76015625 0.021875 0.015625
2 0.0625 0.7703125 0.025 0.01875
2 0.0609375 0.74921875 0.0203125 0.0171875
2 0.0265625 0.73671875 0.021875 0.015625
2 0.04765625 0.7234375 0.0234375 0.015625
2 0.08515625 0.72421875 0.0234375 0.0125
2 0.1375 0.73984375 0.0265625 0.021875
2 0.09765625 0.73828125 0.021875 0.015625
2 0.0578125 0.71484375 0.0171875 0.009375
1 0.13125 0.70546875 0.04375 0.021875
2 0.12421875 0.79375 0.04375 0.0359375
0 0.625 0.865625 0.090625 0.109375
0 0.7671875 0.58359375 0.1125 0.0796875
0 0.64765625 0.628125 0.0984375 0.078125
0 0.890625 0.653125 0.0953125 0.10625
0 0.5734375 0.7328125 0.075 0.1046875
0 0.76015625 0.91328125 0.109375 0.084375
0 0.7265625 0.8078125 0.103125 0.115625
0 0.77109375 0.6921875 0.096875 0.0875
0 0.921875 0.778125 0.084375 0.096875
0 0.88125 0.88203125 0.084375 0.1125