0 0.31015625 0.06171875 0.0625 0.040625
0 0.2734375 0.11171875 0.09375 0.040625
0 0.096875 0.07421875 0.04375 0.0375
0 0.2640625 0.15390625 0.0875 0.0390625
0 0.365625 0.1109375 0.05 0.0390625
0 0.353125 0.02890625 0.0359375 0.0265625
0 0.240625 0.05625 0.059375 0.034375
0 0.36484375 0.17578125 0.0625 0.0734375
0 0.3984375 0.05703125 0.034375 0.028125
0 0.3046875 0.36484375 0.0921875 0.05625
0 0.2171875 0.01328125 0.053125 0.021875
0 0.28125 0.0109375 0.0515625 0.0203125
0 0.1515625 0.03671875 0.034375 0.028125
0 0.4421875 0.1046875 0.0328125 0.0359375
0 0.16328125 0.09140625 0.05625 0.040625
0 0.1703125 0.13125 0.071875 0.0625
0 0.2046875 0.38125 0.0875 0.046875
0 0.38359375 0.27890625 0.040625 0.09375
0 0.19140625 0.3125 0.0765625 0.06875
0 0.109375 0.43984375 0.040625 0.0390625
0 0.1625 0.4125 0.065625 0.040625
0 0.1703125 0.4765625 0.046875 0.028125
0 0.4 0.43203125 0.04375 0.0375
0 0.11328125 0.2046875 0.0421875 0.0875
0 0.17890625 0.1859375 0.053125 0.053125
0 0.25390625 0.26953125 0.078125 0.046875
0 0.05703125 0.1296875 0.025 0.040625
0 0.31875 0.42265625 0.065625 0.040625
0 0.2609375 0.3359375 0.0578125 0.03125
0 0.43671875 0.290625 0.0328125 0.078125
0 0.128125 0.30859375 0.046875 0.0921875
0 0.45078125 0.3796875 0.0359375 0.040625
0 0.07578125 0.17890625 0.040625 0.06875
0 0.06015625 0.39375 0.021875 0.0484375
0 0.10078125 0.35390625 0.05625 0.05
0 0.2046875 0.2140625 0.046875 0.0671875
0 0.23515625 0.48359375 0.040625 0.025
0 0.24609375 0.43984375 0.0625 0.025
0 0.34609375 0.46640625 0.04375 0.021875
0 0.428125 0.1859375 0.040625 0.059375
0 0.3875 0.37265625 0.05 0.053125
0 0.47265625 0.1640625 0.028125 0.0421875
0 0.3234375 0.2078125 0.04375 0.059375
0 0.48203125 0.3140625 0.028125 0.046875
0 0.14453125 0.25 0.0359375 0.0625
0 0.071875 0.2796875 0.03125 0.0625
0 0.01875 0.19375 0.015625 0.040625
0 0.0125 0.26796875 0.01875 0.0484375
0 0.0296875 0.340625 0.025 0.040625
0 0.29296875 0.48359375 0.034375 0.0234375
0 0.31953125 0.3234375 0.053125 0.03125
0 0.23984375 0.3 0.0421875 0.025
0 0.29921875 0.225 0.028125 0.046875
0 0.25859375 0.1953125 0.046875 0.015625
0 0.19453125 0.28046875 0.03125 0.040625
0 0.240625 0.2265625 0.046875 0.021875
0 0.3421875 0.27421875 0.028125 0.0546875
0 0.30546875 0.2859375 0.028125 0.040625
0 0.490625 0.23359375 0.015625 0.053125
2 0.84375 0.3328125 0.203125 0.103125
2 0.634375 0.25703125 0.228125 0.0984375
2 0.7140625 0.1875 0.1875 0.134375
2 0.840625 0.1671875 0.134375 0.10625
2 0.928125 0.278125 0.078125 0.075
2 0.85 0.2734375 0.078125 0.06875
1 0.084375 0.75703125 0.0421875 0.034375
1 0.25078125 0.78515625 0.05625 0.04375
1 0.45 0.784375 0.059375 0.040625
1 0.34375 0.7828125 0.059375 0.04375
1 0.41171875 0.7484375 0.046875 0.03125
1 0.1515625 0.7890625 0.05625 0.040625
1 0.33125 0.753125 0.05 0.034375
1 0.17265625 0.75703125 0.04375 0.028125
1 0.05 0.7859375 0.0640625 0.04375
1 0.24765625 0.75390625 0.046875 0.03125
3 0.86796875 0.81171875 0.1234375 0.0875
3 0.765625 0.75078125 0.1109375 0.08125
3 0.8484375 0.69296875 0.109375 0.0703125
3 0.66796875 0.8296875 0.1109375 0.096875
3 0.67265625 0.70078125 0.096875 0.075