0 0.159375 0.071875 0.103125 0.071875
0 0.09921875 0.37578125 0.0875 0.084375
0 0.04765625 0.24140625 0.0625 0.1328125
0 0.2953125 0.04921875 0.10625 0.0734375
0 0.34375 0.17734375 0.0859375 0.109375
0 0.40234375 0.1078125 0.0625 0.059375
0 0.1390625 0.24296875 0.08125 0.0875
0 0.22890625 0.1359375 0.08125 0.078125
0 0.45625 0.2171875 0.046875 0.103125
0 0.26015625 0.3390625 0.1125 0.121875
0 0.43359375 0.3390625 0.0671875 0.0859375
0 0.34296875 0.43359375 0.1125 0.075
0 0.37421875 0.3 0.05 0.09375
0 0.20625 0.45234375 0.075 0.05625
0 0.0734375 0.1390625 0.053125 0.05
0 0.19140625 0.35625 0.0796875 0.05
0 0.240625 0.228125 0.046875 0.065625
1 0.63125 0.290625 0.190625 0.1625
1 0.84296875 0.26328125 0.20625 0.11875
5 0.215625 0.75 0.290625 0.4328125
5 0.7765625 0.74140625 0.303125 0.215625