1 0.10078125 0.240625 0.16875 0.134375
1 0.24609375 0.1765625 0.128125 0.0875
1 0.29375 0.30390625 0.153125 0.121875
1 0.39921875 0.2046875 0.146875 0.078125
5 0.68046875 0.24765625 0.296875 0.203125
5 0.90390625 0.20625 0.18125 0.1625
3 0.43046875 0.775 0.1375 0.046875
3 0.05703125 0.72734375 0.1140625 0.071875
3 0.2265625 0.77578125 0.225 0.078125
3 0.45546875 0.80546875 0.0890625 0.0640625
3 0.3796875 0.75625 0.096875 0.03125
3 0.09453125 0.72265625 0.09375 0.05625
3 0.2578125 0.7515625 0.1515625 0.065625
3 0.20703125 0.72734375 0.0859375 0.0328125
5 0.75078125 0.7484375 0.4484375 0.421875