2 0.43046875 0.253125 0.1 0.090625
2 0.2953125 0.2546875 0.090625 0.084375
2 0.06796875 0.25234375 0.075 0.090625
2 0.17421875 0.25 0.075 0.09375
1 0.66640625 0.33125 0.13125 0.096875
1 0.8765625 0.33359375 0.1328125 0.09375
1 0.54765625 0.2609375 0.065625 0.06875
1 0.9515625 0.2546875 0.06875 0.05625
1 0.6078125 0.2046875 0.06875 0.034375
1 0.7046875 0.178125 0.065625 0.028125
1 0.88828125 0.1984375 0.059375 0.03125
1 0.8046875 0.1765625 0.05625 0.021875
3 0.221875 0.80703125 0.1796875 0.146875
3 0.278125 0.684375 0.15625 0.121875
3 0.6515625 0.8296875 0.175 0.0875
3 0.81640625 0.72578125 0.1546875 0.0578125
3 0.6703125 0.6984375 0.0953125 0.078125
3 0.84921875 0.80390625 0.1875 0.090625
3 0.6640625 0.76328125 0.1578125 0.059375
3 0.7984375 0.68046875 0.115625 0.040625