5 0.25078125 0.2359375 0.46875 0.15
3 0.75 0.25625 0.48125 0.103125
4 0.096875 0.71640625 0.103125 0.06875
4 0.33125 0.81796875 0.109375 0.075
4 0.20078125 0.8390625 0.103125 0.08125
4 0.16953125 0.75546875 0.084375 0.06875
4 0.0734375 0.790625 0.0828125 0.05625
4 0.42734375 0.78046875 0.0859375 0.05625
4 0.26640625 0.73828125 0.109375 0.084375
4 0.2859375 0.6671875 0.0875 0.05625
4 0.38359375 0.7140625 0.090625 0.065625
4 0.17734375 0.67421875 0.06875 0.046875
3 0.61484375 0.63359375 0.1234375 0.103125
3 0.7265625 0.84453125 0.196875 0.16875
3 0.7640625 0.63203125 0.1265625 0.109375
3 0.85703125 0.7265625 0.159375 0.14375
3 0.6640625 0.7234375 0.1515625 0.11875