5 0.271875 0.24453125 0.325 0.2828125
5 0.2 0.240625 0.26875 0.278125
3 0.83203125 0.2953125 0.1234375 0.05625
3 0.71640625 0.3203125 0.0796875 0.053125
3 0.684375 0.19921875 0.084375 0.0359375
3 0.8859375 0.1875 0.05625 0.0296875
3 0.81171875 0.196875 0.0609375 0.0375
3 0.68203125 0.23671875 0.05 0.034375
3 0.834375 0.1625 0.075 0.034375
3 0.68046875 0.16484375 0.071875 0.028125
3 0.61328125 0.190625 0.059375 0.034375
3 0.7484375 0.178125 0.0625 0.021875
3 0.65625 0.2796875 0.0875 0.046875
3 0.59453125 0.33125 0.090625 0.04375
3 0.55546875 0.27890625 0.071875 0.0453125
3 0.88359375 0.221875 0.075 0.03125
3 0.746875 0.26875 0.075 0.034375
3 0.74765625 0.221875 0.0890625 0.0515625
3 0.8203125 0.2453125 0.075 0.040625
3 0.9375 0.31171875 0.075 0.053125
3 0.915625 0.26015625 0.075 0.04375
3 0.60546875 0.2328125 0.0875 0.040625
0 0.06328125 0.815625 0.04375 0.034375
0 0.0953125 0.77265625 0.0375 0.025
0 0.1296875 0.828125 0.04375 0.03125
0 0.18515625 0.71484375 0.03125 0.021875
0 0.165625 0.74765625 0.0375 0.025
0 0.425 0.75625 0.0375 0.0265625
0 0.1125 0.73515625 0.034375 0.021875
0 0.334375 0.690625 0.03125 0.01875
0 0.23046875 0.7015625 0.03125 0.021875
0 0.28203125 0.6984375 0.03125 0.021875
0 0.15234375 0.78046875 0.0390625 0.028125
0 0.1390625 0.70625 0.03125 0.021875
0 0.33515625 0.71171875 0.03125 0.021875
0 0.27421875 0.72421875 0.0328125 0.021875
0 0.20703125 0.6859375 0.03125 0.0203125
0 0.27890625 0.6796875 0.03125 0.01875
0 0.23125 0.73125 0.034375 0.025
0 0.44921875 0.73671875 0.034375 0.025
0 0.36796875 0.73125 0.034375 0.025
0 0.39296875 0.7140625 0.03125 0.021875
5 0.759375 0.74609375 0.271875 0.24375