5 0.38203125 0.12734375 0.059375 0.0953125
5 0.4453125 0.28515625 0.10625 0.1921875
5 0.44921875 0.08984375 0.0953125 0.028125
5 0.3796875 0.059375 0.0578125 0.0625
1 0.646875 0.26953125 0.234375 0.371875
1 0.87421875 0.2203125 0.215625 0.3796875
2 0.0546875 0.846875 0.0375 0.178125
2 0.403125 0.85234375 0.040625 0.1640625
2 0.453125 0.846875 0.028125 0.175
2 0.23828125 0.5984375 0.03125 0.09375
2 0.1125 0.596875 0.025 0.096875
2 0.05625 0.59375 0.021875 0.1015625
2 0.1765625 0.6 0.03125 0.090625
2 0.05625 0.7109375 0.01875 0.0625
2 0.4453125 0.71171875 0.01875 0.0625
2 0.3890625 0.7125 0.01875 0.059375
2 0.334375 0.71171875 0.01875 0.0625
2 0.16484375 0.71328125 0.01875 0.0609375
2 0.33828125 0.62109375 0.015625 0.046875
2 0.2765625 0.71015625 0.0203125 0.0625
2 0.21875 0.71328125 0.01875 0.0625
2 0.1125 0.7125 0.01875 0.0609375
2 0.375 0.621875 0.015625 0.046875
2 0.30234375 0.62265625 0.015625 0.046875
2 0.115625 0.79453125 0.01875 0.046875
2 0.15625 0.7953125 0.015625 0.046875
2 0.3453125 0.796875 0.015625 0.0453125
2 0.415625 0.62265625 0.01875 0.04375
2 0.19296875 0.79609375 0.015625 0.046875
2 0.26640625 0.79609375 0.0140625 0.046875
2 0.45859375 0.62421875 0.015625 0.04375
2 0.2328125 0.79609375 0.01875 0.0453125
2 0.30234375 0.7953125 0.01875 0.046875
2 0.35390625 0.859375 0.0140625 0.034375
2 0.1109375 0.85703125 0.0125 0.034375
2 0.33203125 0.859375 0.0125 0.034375
2 0.140625 0.8546875 0.009375 0.0375
2 0.11328125 0.91171875 0.0125 0.034375
2 0.30625 0.8578125 0.015625 0.034375
2 0.1703125 0.85625 0.0125 0.034375
2 0.36328125 0.91171875 0.0125 0.034375
2 0.25390625 0.85859375 0.0109375 0.034375
2 0.33828125 0.9125 0.0125 0.03125
2 0.1984375 0.85703125 0.009375 0.0359375
2 0.31171875 0.9109375 0.0125 0.034375
2 0.14453125 0.91015625 0.0109375 0.034375
2 0.20078125 0.91171875 0.015625 0.034375
2 0.1734375 0.9109375 0.0109375 0.034375
2 0.225 0.8578125 0.0125 0.034375
2 0.2328125 0.91015625 0.0125 0.0375
2 0.2796875 0.86015625 0.0125 0.03125
2 0.28671875 0.91171875 0.0109375 0.0328125
2 0.2625 0.9109375 0.0125 0.034375
5 0.7515625 0.74765625 0.29375 0.278125