4 0.33203125 0.175 0.065625 0.0421875
4 0.25859375 0.13125 0.071875 0.034375
4 0.36953125 0.25 0.075 0.05
4 0.1390625 0.28671875 0.06875 0.05
4 0.1640625 0.1796875 0.0640625 0.05
4 0.11484375 0.20859375 0.0640625 0.0453125
4 0.4171875 0.2171875 0.0734375 0.0421875
4 0.0671875 0.234375 0.0640625 0.0453125
4 0.28984375 0.20078125 0.06875 0.04375
4 0.19453125 0.25703125 0.071875 0.05
4 0.21015625 0.15234375 0.0640625 0.0390625
4 0.234375 0.228125 0.071875 0.04375
4 0.3171875 0.2796875 0.0765625 0.05
4 0.26875 0.31640625 0.078125 0.053125
4 0.2203125 0.35 0.0875 0.0578125
5 0.74921875 0.2453125 0.446875 0.15
3 0.2109375 0.846875 0.303125 0.184375
3 0.359375 0.67734375 0.24375 0.1203125
3 0.1328125 0.63359375 0.209375 0.0984375
4 0.62734375 0.7734375 0.115625 0.121875
4 0.834375 0.64453125 0.109375 0.1
4 0.75546875 0.8734375 0.096875 0.10625
4 0.878125 0.778125 0.125 0.1125
4 0.67265625 0.63984375 0.109375 0.10625