4 0.22421875 0.2453125 0.253125 0.190625
5 0.75 0.24453125 0.4765625 0.140625
5 0.26796875 0.76171875 0.196875 0.125
3 0.74296875 0.82578125 0.096875 0.040625
3 0.8875 0.7921875 0.078125 0.0375
3 0.8265625 0.678125 0.053125 0.028125
3 0.74453125 0.6671875 0.053125 0.028125
3 0.58671875 0.71328125 0.05625 0.034375
3 0.9453125 0.73828125 0.053125 0.0375
3 0.61171875 0.79375 0.0765625 0.0375
3 0.8140625 0.73046875 0.053125 0.0375
3 0.659375 0.68359375 0.059375 0.028125
3 0.74375 0.7046875 0.078125 0.0296875
3 0.55 0.7484375 0.046875 0.0375
3 0.9 0.7 0.053125 0.03125
3 0.7015625 0.7671875 0.075 0.03125
3 0.78984375 0.7671875 0.06875 0.034375
3 0.67890625 0.73671875 0.053125 0.034375