4 0.29921875 0.12734375 0.1171875 0.0640625
4 0.1890625 0.190625 0.128125 0.075
4 0.3078125 0.2546875 0.1234375 0.0875
4 0.09375 0.26953125 0.13125 0.08125
4 0.1859375 0.33828125 0.134375 0.0984375
4 0.41328125 0.17890625 0.11875 0.071875
2 0.60625 0.21015625 0.096875 0.184375
2 0.86796875 0.21015625 0.1734375 0.1125
2 0.67734375 0.38359375 0.246875 0.125
2 0.72265625 0.1984375 0.1359375 0.209375
2 0.8734375 0.35859375 0.134375 0.1578125
2 0.253125 0.75546875 0.409375 0.278125
5 0.75 0.7484375 0.303125 0.45625