4 0.08515625 0.24921875 0.1203125 0.115625
4 0.40859375 0.2546875 0.121875 0.1171875
4 0.24765625 0.2546875 0.146875 0.128125
2 0.81328125 0.34375 0.13125 0.165625
2 0.8953125 0.24765625 0.190625 0.075
2 0.8671875 0.1609375 0.1625 0.071875
2 0.68828125 0.128125 0.0875 0.1
2 0.784375 0.12265625 0.0765625 0.0953125
2 0.609375 0.1859375 0.1625 0.053125
2 0.60625 0.2703125 0.1875 0.09375
2 0.64921875 0.328125 0.165625 0.146875
5 0.25546875 0.784375 0.440625 0.06875
5 0.7453125 0.80546875 0.4375 0.30625