4 0.26953125 0.24921875 0.2953125 0.3046875
2 0.82265625 0.346875 0.1125 0.125
2 0.63046875 0.3234375 0.1453125 0.1
2 0.7078125 0.35390625 0.08125 0.128125
2 0.8984375 0.2875 0.15 0.0875
2 0.5828125 0.2125 0.140625 0.0453125
2 0.62421875 0.16015625 0.109375 0.065625
2 0.590625 0.26640625 0.14375 0.0625
2 0.903125 0.21875 0.140625 0.059375
2 0.6859375 0.134375 0.05625 0.0703125
2 0.8796875 0.17578125 0.121875 0.0625
2 0.82109375 0.146875 0.0875 0.06875
2 0.75390625 0.13359375 0.05 0.06875
2 0.16953125 0.73203125 0.109375 0.10625
2 0.29765625 0.73203125 0.109375 0.10625
2 0.059375 0.73203125 0.1 0.10625
2 0.415625 0.73203125 0.13125 0.10625
3 0.7796875 0.93359375 0.096875 0.0765625
3 0.7828125 0.58359375 0.0890625 0.075
3 0.88671875 0.6546875 0.08125 0.090625
3 0.725 0.67578125 0.10625 0.075
3 0.58359375 0.684375 0.078125 0.090625
3 0.6421875 0.9125 0.0984375 0.06875
3 0.671875 0.60625 0.09375 0.06875
3 0.74375 0.76640625 0.078125 0.0875
3 0.56796875 0.8 0.071875 0.1
3 0.8984375 0.86640625 0.08125 0.075
3 0.8234375 0.7125 0.075 0.0875
3 0.7078125 0.83515625 0.0984375 0.0625
3 0.653125 0.74375 0.071875 0.096875
3 0.81875 0.81796875 0.078125 0.06875
3 0.9265625 0.75234375 0.0625 0.0875