2 0.246875 0.2421875 0.4640625 0.359375
5 0.74296875 0.23203125 0.240625 0.165625
1 0.23828125 0.575 0.215625 0.1375
1 0.41484375 0.6578125 0.09375 0.121875
1 0.07421875 0.68671875 0.11875 0.13125
1 0.2125 0.77109375 0.06875 0.078125
1 0.4625 0.7671875 0.040625 0.05625
1 0.25703125 0.715625 0.0609375 0.059375
1 0.2984375 0.765625 0.06875 0.071875
1 0.446875 0.840625 0.0375 0.05
1 0.3921875 0.89765625 0.046875 0.059375
1 0.04296875 0.821875 0.0515625 0.065625
1 0.090625 0.89140625 0.05 0.0546875
1 0.13359375 0.93828125 0.0375 0.0359375
1 0.31640625 0.88125 0.034375 0.034375
1 0.196875 0.83828125 0.046875 0.0390625
1 0.3859375 0.79296875 0.025 0.04375
1 0.2484375 0.89453125 0.0375 0.03125
1 0.35546875 0.72265625 0.03125 0.0421875
1 0.125 0.80234375 0.0296875 0.0421875
1 0.36484375 0.84765625 0.0328125 0.03125
1 0.14609375 0.853125 0.0296875 0.0328125
1 0.190625 0.96328125 0.05 0.0375
1 0.3171875 0.94765625 0.0625 0.046875
1 0.27890625 0.846875 0.059375 0.0390625
1 0.24921875 0.96484375 0.046875 0.040625
1 0.34296875 0.81015625 0.0265625 0.0296875
1 0.19140625 0.8890625 0.0390625 0.03125
1 0.1828125 0.690625 0.0421875 0.03125
1 0.140625 0.7390625 0.0375 0.034375
1 0.24296875 0.66484375 0.040625 0.028125
1 0.31328125 0.67421875 0.0375 0.03125
3 0.88984375 0.58203125 0.1859375 0.1625
3 0.64140625 0.5953125 0.20625 0.1421875
3 0.70234375 0.7265625 0.11875 0.140625
3 0.58046875 0.7265625 0.103125 0.140625
3 0.8328125 0.73359375 0.0875 0.1375
3 0.77578125 0.8328125 0.090625 0.0828125
3 0.925 0.7328125 0.090625 0.13125
3 0.65234375 0.8375 0.090625 0.0796875
3 0.903125 0.8375 0.0953125 0.06875
3 0.671875 0.9171875 0.05625 0.046875
3 0.53828125 0.92109375 0.05625 0.040625
3 0.534375 0.86640625 0.05 0.040625
3 0.60859375 0.91953125 0.053125 0.04375
3 0.534375 0.96953125 0.0578125 0.046875
3 0.60625 0.9703125 0.053125 0.046875
3 0.671875 0.9734375 0.0578125 0.0390625
3 0.77734375 0.94375 0.0375 0.03125
3 0.7296875 0.909375 0.0390625 0.025
3 0.78046875 0.978125 0.0375 0.028125
3 0.77734375 0.90859375 0.0375 0.025
3 0.82421875 0.94296875 0.034375 0.0265625
3 0.73125 0.978125 0.0359375 0.0265625
3 0.85625 0.9078125 0.03125 0.028125
3 0.73125 0.94453125 0.0375 0.028125
3 0.81953125 0.9078125 0.034375 0.0265625
3 0.86484375 0.978125 0.03125 0.0265625
3 0.865625 0.9421875 0.034375 0.025
3 0.82578125 0.978125 0.03125 0.028125
3 0.9296875 0.91640625 0.025 0.0171875
3 0.96171875 0.9171875 0.021875 0.015625
3 0.9015625 0.91953125 0.021875 0.015625
3 0.984375 0.93125 0.021875 0.015625
3 0.90390625 0.984375 0.021875 0.015625
3 0.98671875 0.97734375 0.015625 0.0171875
3 0.965625 0.9859375 0.0171875 0.015625
3 0.98671875 0.95390625 0.01875 0.0125
3 0.93203125 0.9421875 0.021875 0.0125
3 0.903125 0.940625 0.021875 0.0140625
3 0.90390625 0.96015625 0.021875 0.015625
3 0.9328125 0.9640625 0.0203125 0.015625
3 0.9640625 0.96328125 0.021875 0.0140625
3 0.9328125 0.98671875 0.01875 0.0125
3 0.96015625 0.94140625 0.021875 0.0125