2 0.37109375 0.259375 0.215625 0.1140625
2 0.13984375 0.26015625 0.2203125 0.103125
1 0.61796875 0.0703125 0.078125 0.075
1 0.684375 0.20078125 0.0765625 0.103125
1 0.584375 0.3609375 0.08125 0.0953125
1 0.8984375 0.3921875 0.1 0.084375
1 0.53671875 0.2265625 0.065625 0.09375
1 0.8265625 0.234375 0.08125 0.0859375
1 0.95625 0.25703125 0.0828125 0.09375
1 0.7171875 0.4328125 0.1015625 0.090625
1 0.78671875 0.03984375 0.103125 0.053125
1 0.9015625 0.1 0.0875 0.0796875
1 0.25 0.74921875 0.45 0.21875
2 0.78515625 0.88828125 0.2 0.175
2 0.74453125 0.73359375 0.184375 0.16875
2 0.6890625 0.58828125 0.209375 0.1515625