4 0.26875 0.3359375 0.140625 0.1109375
4 0.38515625 0.22578125 0.109375 0.0859375
4 0.25390625 0.15859375 0.11875 0.090625
4 0.1296875 0.24609375 0.13125 0.08125
1 0.73359375 0.09921875 0.165625 0.096875
1 0.8875 0.2328125 0.11875 0.13125
1 0.8375 0.3875 0.09375 0.096875
1 0.590625 0.25390625 0.078125 0.1375
1 0.6828125 0.39921875 0.096875 0.084375
1 0.22109375 0.54296875 0.1125 0.05625
1 0.1484375 0.921875 0.0984375 0.0921875
1 0.10625 0.6015625 0.084375 0.084375
1 0.05234375 0.815625 0.090625 0.0984375
1 0.39921875 0.8890625 0.084375 0.0875
1 0.4609375 0.78125 0.06875 0.1125
1 0.428125 0.6640625 0.078125 0.09375
1 0.28125 0.93984375 0.11875 0.078125
1 0.3390625 0.5765625 0.096875 0.06875
1 0.040625 0.7 0.0640625 0.1
5 0.79296875 0.7453125 0.178125 0.19375
5 0.71875 0.76953125 0.234375 0.2078125