5 0.2109375 0.315625 0.228125 0.2625
5 0.115625 0.103125 0.1875 0.1765625
4 0.3703125 0.1 0.0140625 0.0140625
1 0.4703125 0.05703125 0.04375 0.04375
5 0.45234375 0.04453125 0.09375 0.0890625
0 0.75625 0.26015625 0.075 0.0765625
0 0.93125 0.16328125 0.075 0.078125
0 0.82421875 0.065625 0.0765625 0.0734375
0 0.85234375 0.43359375 0.071875 0.075
0 0.94296875 0.31484375 0.06875 0.075
0 0.665625 0.4375 0.0765625 0.078125
0 0.5546875 0.30546875 0.078125 0.078125
0 0.6734375 0.06875 0.071875 0.075
0 0.575 0.1578125 0.078125 0.078125
5 0.246875 0.73359375 0.290625 0.1203125
0 0.95859375 0.8171875 0.05625 0.0546875
0 0.85703125 0.70625 0.05625 0.046875
0 0.7859375 0.61484375 0.05 0.040625
0 0.62734375 0.70390625 0.05625 0.0453125
0 0.5421875 0.81796875 0.059375 0.0515625
0 0.8546875 0.815625 0.059375 0.053125
0 0.69609375 0.615625 0.046875 0.0375
0 0.74765625 0.8171875 0.059375 0.053125
0 0.646875 0.8171875 0.059375 0.05625
0 0.74375 0.70703125 0.053125 0.046875