4 0.24765625 0.24375 0.29375 0.134375
4 0.659375 0.18046875 0.053125 0.1125
4 0.91484375 0.16875 0.053125 0.115625
4 0.8328125 0.175 0.046875 0.109375
4 0.7515625 0.17578125 0.0546875 0.1125
4 0.5734375 0.19140625 0.0625 0.1171875
4 0.6671875 0.33515625 0.065625 0.1234375
4 0.75546875 0.33515625 0.0546875 0.1125
4 0.578125 0.33359375 0.05 0.1125
4 0.925 0.328125 0.05625 0.1125
4 0.840625 0.33046875 0.053125 0.1234375
5 0.09921875 0.7546875 0.16875 0.0625
5 0.26328125 0.76484375 0.15 0.0421875
5 0.41640625 0.7703125 0.14375 0.034375
5 0.746875 0.73359375 0.290625 0.1203125