4 0.13359375 0.1546875 0.115625 0.096875
4 0.34609375 0.36328125 0.109375 0.06875
4 0.24453125 0.25703125 0.13125 0.11875
4 0.36171875 0.14375 0.125 0.1046875
4 0.15703125 0.36640625 0.1 0.0734375
2 0.87265625 0.3671875 0.225 0.1
2 0.8109375 0.3078125 0.209375 0.090625
2 0.75703125 0.26171875 0.1875 0.084375
2 0.6765625 0.2046875 0.15625 0.05
2 0.7140625 0.23046875 0.171875 0.06875
2 0.590625 0.13359375 0.128125 0.04375
2 0.61640625 0.1484375 0.134375 0.05
2 0.64921875 0.17265625 0.1515625 0.0625
5 0.2390625 0.77578125 0.3375 0.2484375
5 0.284375 0.753125 0.2984375 0.240625
1 0.6171875 0.759375 0.190625 0.2921875
1 0.86171875 0.76015625 0.23125 0.2875