5 0.26015625 0.25234375 0.2578125 0.1453125
4 0.759375 0.25390625 0.390625 0.2875
5 0.25 0.7375 0.4625 0.4328125
1 0.9484375 0.6953125 0.0734375 0.065625
1 0.60234375 0.6015625 0.071875 0.065625
1 0.740625 0.553125 0.0640625 0.065625
1 0.7515625 0.7515625 0.06875 0.090625
1 0.9390625 0.834375 0.0859375 0.0796875
1 0.584375 0.8484375 0.078125 0.075
1 0.87890625 0.5890625 0.071875 0.06875
1 0.55234375 0.72890625 0.08125 0.071875
1 0.69375 0.93046875 0.0703125 0.09375
1 0.8375 0.921875 0.075 0.096875