4 0.2484375 0.24765625 0.1328125 0.096875
4 0.14375 0.3265625 0.08125 0.0703125
4 0.1390625 0.2 0.0796875 0.096875
4 0.359375 0.18359375 0.078125 0.065625
4 0.36171875 0.3125 0.071875 0.096875
5 0.759375 0.26484375 0.421875 0.1375
0 0.33984375 0.83984375 0.1203125 0.134375
0 0.1703125 0.84375 0.1171875 0.1375
0 0.06875 0.775 0.121875 0.0953125
0 0.259375 0.728125 0.1 0.0875
0 0.178125 0.6078125 0.06875 0.04375
0 0.05 0.7 0.084375 0.0765625
0 0.165625 0.69453125 0.0984375 0.06875
0 0.275 0.60625 0.0609375 0.040625
0 0.10078125 0.6421875 0.078125 0.05
0 0.22265625 0.640625 0.0640625 0.05625
0 0.36171875 0.61484375 0.08125 0.040625
0 0.32734375 0.6625 0.075 0.0625
0 0.415625 0.7296875 0.103125 0.084375
0 0.4515625 0.6625 0.0796875 0.0578125
4 0.8671875 0.753125 0.23125 0.0828125
4 0.6296875 0.75234375 0.2046875 0.0875