1 0.12421875 0.265625 0.23125 0.0921875
1 0.3765625 0.2640625 0.225 0.1
0 0.5546875 0.2328125 0.078125 0.05625
0 0.64921875 0.4421875 0.065625 0.053125
0 0.64375 0.234375 0.0796875 0.05625
0 0.6265625 0.05625 0.06875 0.0578125
0 0.8453125 0.34375 0.078125 0.046875
0 0.88671875 0.0515625 0.165625 0.0515625
0 0.8328125 0.440625 0.084375 0.065625
0 0.64453125 0.34140625 0.08125 0.05
0 0.9328125 0.4421875 0.08125 0.0625
0 0.5546875 0.3390625 0.08125 0.046875
0 0.63984375 0.1421875 0.078125 0.05
0 0.55 0.140625 0.075 0.05
0 0.5546875 0.0609375 0.065625 0.053125
0 0.84453125 0.22890625 0.075 0.0625
0 0.9296875 0.228125 0.075 0.0640625
0 0.83828125 0.1390625 0.0875 0.0625
0 0.5625 0.44140625 0.065625 0.05625
0 0.84453125 0.0515625 0.08125 0.0484375
0 0.93046875 0.1375 0.0875 0.0640625
0 0.928125 0.3421875 0.078125 0.046875
0 0.928125 0.0515625 0.08125 0.05
0 0.884375 0.1375 0.18125 0.065625
5 0.25 0.7484375 0.4625 0.3609375
1 0.75 0.72734375 0.428125 0.33125