3 0.36015625 0.3296875 0.265625 0.1546875
3 0.4015625 0.159375 0.175 0.0890625
3 0.09921875 0.2859375 0.1828125 0.1546875
3 0.1921875 0.1453125 0.1875 0.109375
3 0.26796875 0.22578125 0.115625 0.090625
2 0.5671875 0.303125 0.0546875 0.04375
2 0.68515625 0.30859375 0.0625 0.034375
2 0.93125 0.3171875 0.084375 0.0734375
2 0.5390625 0.271875 0.0359375 0.021875
2 0.815625 0.3109375 0.075 0.065625
2 0.6203125 0.246875 0.0375 0.025
2 0.69296875 0.2765625 0.0453125 0.0375
2 0.596875 0.28203125 0.034375 0.025
2 0.6140625 0.26484375 0.0359375 0.021875
2 0.890625 0.27109375 0.0609375 0.059375
2 0.79140625 0.27421875 0.053125 0.053125
2 0.759375 0.234375 0.03125 0.0375
2 0.70078125 0.2484375 0.0375 0.01875
2 0.7 0.2625 0.034375 0.021875
2 0.7703125 0.25390625 0.03125 0.040625
2 0.84375 0.23984375 0.03125 0.028125
2 0.8546875 0.253125 0.0375 0.04375
4 0.3671875 0.753125 0.23125 0.0828125
4 0.1296875 0.75234375 0.2046875 0.0875
2 0.5859375 0.6890625 0.1375 0.04375
2 0.8140625 0.8515625 0.1 0.053125
2 0.7609375 0.821875 0.1 0.0515625
2 0.93671875 0.8015625 0.0875 0.046875
2 0.72265625 0.78984375 0.0875 0.04375
2 0.83046875 0.71484375 0.1046875 0.046875
2 0.68125 0.75546875 0.121875 0.05625
2 0.89765625 0.77421875 0.078125 0.0375
2 0.8625 0.74609375 0.08125 0.0375
2 0.7421875 0.65 0.13125 0.05
2 0.646875 0.73203125 0.1125 0.05
2 0.78828125 0.6921875 0.09375 0.040625
2 0.61171875 0.71171875 0.109375 0.0390625
2 0.765625 0.66796875 0.125 0.046875