1 0.24921875 0.2671875 0.48125 0.2625
4 0.75078125 0.346875 0.48125 0.26875
4 0.74375 0.12265625 0.4203125 0.2421875
2 0.14375 0.8453125 0.090625 0.06875
2 0.353125 0.853125 0.096875 0.06875
2 0.16328125 0.746875 0.0375 0.028125
2 0.34609375 0.73828125 0.034375 0.03125
2 0.33203125 0.70625 0.028125 0.021875
2 0.075 0.703125 0.053125 0.0375
2 0.296875 0.68515625 0.04375 0.021875
2 0.23671875 0.678125 0.03125 0.015625
2 0.1953125 0.68671875 0.0328125 0.0203125
2 0.26328125 0.646875 0.0390625 0.015625
2 0.1640625 0.7125 0.034375 0.028125
2 0.340625 0.66015625 0.053125 0.0265625
2 0.1765625 0.65703125 0.0578125 0.028125
2 0.434375 0.70546875 0.040625 0.03125
2 0.040625 0.77890625 0.05625 0.05625
2 0.2953125 0.771875 0.040625 0.03125
2 0.45546875 0.77578125 0.0453125 0.05
2 0.21875 0.77734375 0.053125 0.025
5 0.73828125 0.75859375 0.2859375 0.1984375