2 0.1265625 0.06875 0.246875 0.11875
2 0.37734375 0.06484375 0.2375 0.1125
2 0.05703125 0.2375 0.084375 0.0953125
2 0.18125 0.25 0.06875 0.109375
2 0.1375 0.1578125 0.14375 0.071875
2 0.353125 0.15703125 0.1125 0.0765625
2 0.3265625 0.2484375 0.090625 0.0640625
2 0.42890625 0.23359375 0.0515625 0.103125
2 0.4265625 0.3421875 0.075 0.05
2 0.33203125 0.4078125 0.09375 0.053125
2 0.33359375 0.33984375 0.084375 0.0453125
2 0.43671875 0.475 0.090625 0.04375
2 0.43203125 0.403125 0.0875 0.040625
2 0.33125 0.4703125 0.0875 0.0484375
2 0.17890625 0.32890625 0.0375 0.01875
2 0.23515625 0.3296875 0.034375 0.01875
2 0.234375 0.36171875 0.03125 0.021875
2 0.17578125 0.3625 0.034375 0.0171875
2 0.2375 0.45390625 0.0375 0.01875
2 0.17578125 0.3921875 0.034375 0.021875
2 0.2359375 0.390625 0.0359375 0.0203125
2 0.23671875 0.4203125 0.0359375 0.021875
2 0.23984375 0.4828125 0.0375 0.01875
2 0.028125 0.3625 0.034375 0.015625
2 0.17578125 0.42265625 0.034375 0.01875
2 0.0921875 0.334375 0.03125 0.01875
2 0.02890625 0.3875 0.03125 0.01875
2 0.17421875 0.453125 0.03125 0.0203125
2 0.0296875 0.33515625 0.03125 0.015625
2 0.175 0.4828125 0.03125 0.01875
2 0.09375 0.4625 0.03125 0.01875
2 0.09375 0.36015625 0.034375 0.015625
2 0.0921875 0.4109375 0.03125 0.01875
2 0.0921875 0.4375 0.03125 0.015625
2 0.09140625 0.3875 0.028125 0.01875
2 0.0296875 0.459375 0.03125 0.0171875
2 0.0296875 0.41015625 0.03125 0.015625
2 0.03046875 0.48359375 0.03125 0.021875
2 0.028125 0.43515625 0.03125 0.01875
2 0.09296875 0.4859375 0.03125 0.015625
3 0.7734375 0.21015625 0.128125 0.096875
3 0.7140625 0.15390625 0.10625 0.084375
3 0.87421875 0.29453125 0.1625 0.15
3 0.61640625 0.1953125 0.1296875 0.1125
3 0.68203125 0.2984375 0.1625 0.134375
5 0.25078125 0.74765625 0.375 0.26875
5 0.784375 0.7515625 0.34375 0.228125