1 0.246875 0.24921875 0.2015625 0.428125
3 0.78125 0.18671875 0.0828125 0.08125
3 0.85703125 0.26015625 0.078125 0.0796875
3 0.68515625 0.24140625 0.071875 0.071875
3 0.90078125 0.17265625 0.075 0.075
3 0.6890625 0.13359375 0.06875 0.065625
3 0.5921875 0.2875 0.075 0.071875
3 0.8265625 0.36484375 0.0671875 0.0671875
3 0.7578125 0.29296875 0.06875 0.06875
3 0.60078125 0.1828125 0.065625 0.0625
3 0.684375 0.35859375 0.075 0.075
4 0.25 0.7421875 0.396875 0.228125
0 0.85 0.75 0.178125 0.45625
0 0.6546875 0.8 0.1890625 0.3625