0 0.11796875 0.178125 0.125 0.1375
0 0.1953125 0.06015625 0.15625 0.0828125
0 0.2828125 0.3515625 0.1578125 0.271875
0 0.3578125 0.15703125 0.16875 0.128125
3 0.84296875 0.3171875 0.184375 0.115625
3 0.653125 0.35703125 0.165625 0.1
3 0.8109375 0.1984375 0.159375 0.078125
3 0.6609375 0.16171875 0.096875 0.115625
3 0.65859375 0.2625 0.1515625 0.0765625
3 0.7921875 0.12578125 0.1234375 0.0578125
0 0.33984375 0.90546875 0.0859375 0.103125
0 0.44921875 0.72265625 0.075 0.1
0 0.27734375 0.66640625 0.075 0.09375
0 0.228125 0.81328125 0.096875 0.075
0 0.1671875 0.57578125 0.0921875 0.071875
0 0.17109375 0.715625 0.0875 0.09375
0 0.10078125 0.86875 0.0890625 0.084375
0 0.40625 0.60625 0.0875 0.090625
0 0.28203125 0.5578125 0.0875 0.071875
0 0.0734375 0.65078125 0.0796875 0.084375
0 0.0453125 0.765625 0.065625 0.09375
0 0.3453125 0.74921875 0.0625 0.096875
0 0.2234375 0.93359375 0.1125 0.0875
0 0.43125 0.8453125 0.08125 0.090625
5 0.7296875 0.7453125 0.26875 0.20625