5 0.2484375 0.27109375 0.315625 0.1515625
3 0.771875 0.22109375 0.134375 0.071875
3 0.73203125 0.334375 0.146875 0.090625
3 0.86484375 0.1578125 0.10625 0.075
3 0.88203125 0.28828125 0.1 0.1015625
3 0.61171875 0.24296875 0.10625 0.09375
3 0.7046875 0.15234375 0.121875 0.0609375
4 0.384375 0.79609375 0.103125 0.084375
4 0.2484375 0.82734375 0.0984375 0.071875
4 0.115625 0.7125 0.0875 0.065625
4 0.11875 0.79609375 0.1015625 0.06875
4 0.24453125 0.72265625 0.109375 0.065625
4 0.31640625 0.65 0.08125 0.0625
4 0.18359375 0.65546875 0.0703125 0.0546875
4 0.3828125 0.71015625 0.090625 0.071875
0 0.8515625 0.75703125 0.0640625 0.05
0 0.75078125 0.78984375 0.0671875 0.0421875
0 0.8953125 0.7109375 0.05 0.040625
0 0.62265625 0.67109375 0.05 0.028125
0 0.57578125 0.65625 0.0515625 0.0296875
0 0.61953125 0.70703125 0.0515625 0.034375
0 0.6640625 0.64375 0.04375 0.03125
0 0.53359375 0.69921875 0.046875 0.0390625
0 0.69140625 0.61171875 0.034375 0.021875
0 0.65859375 0.7515625 0.05625 0.05
0 0.86328125 0.6234375 0.046875 0.025
0 0.746875 0.60546875 0.03125 0.0234375
0 0.8234375 0.70703125 0.053125 0.040625
0 0.74765625 0.734375 0.05625 0.0484375
0 0.69921875 0.66953125 0.040625 0.028125
0 0.84765625 0.64921875 0.040625 0.0265625
0 0.68828125 0.70625 0.059375 0.0453125
0 0.76484375 0.65390625 0.05 0.0296875
0 0.8078125 0.6109375 0.040625 0.025
0 0.96640625 0.69609375 0.046875 0.0421875
0 0.93359375 0.80703125 0.08125 0.059375
0 0.9015625 0.675 0.046875 0.03125
0 0.53046875 0.7578125 0.059375 0.04375
0 0.75546875 0.68984375 0.0453125 0.0375
0 0.83515625 0.67109375 0.04375 0.03125
0 0.72421875 0.6296875 0.04375 0.0234375
0 0.60703125 0.8203125 0.078125 0.065625
0 0.6359375 0.628125 0.053125 0.0265625
0 0.9234375 0.6484375 0.0484375 0.0265625
0 0.9625 0.75 0.075 0.053125
0 0.73203125 0.8625 0.071875 0.071875
0 0.7828125 0.634375 0.040625 0.025
0 0.83515625 0.86328125 0.084375 0.084375