2 0.24921875 0.25 0.459375 0.39375
1 0.678125 0.34375 0.096875 0.0765625
1 0.57109375 0.20703125 0.071875 0.075
1 0.83984375 0.35234375 0.09375 0.059375
1 0.84765625 0.1171875 0.0671875 0.03125
1 0.5796875 0.29375 0.075 0.0625
1 0.7671875 0.2625 0.078125 0.0625
1 0.83828125 0.2328125 0.053125 0.05
1 0.68359375 0.23046875 0.059375 0.0625
1 0.92109375 0.29921875 0.059375 0.059375
1 0.74609375 0.10546875 0.0609375 0.028125
1 0.94921875 0.23125 0.05625 0.05
1 0.71875 0.1703125 0.065625 0.040625
1 0.63984375 0.1328125 0.075 0.040625
1 0.91328125 0.16484375 0.046875 0.04375
1 0.7984375 0.1703125 0.06875 0.053125
2 0.3984375 0.775 0.1375 0.140625
2 0.08125 0.778125 0.13125 0.115625
2 0.23046875 0.77578125 0.103125 0.115625
4 0.80234375 0.7890625 0.2265625 0.128125
4 0.63828125 0.7078125 0.196875 0.103125
4 0.77265625 0.7265625 0.234375 0.1234375