3 0.31875 0.303125 0.2203125 0.175
3 0.390625 0.18359375 0.1390625 0.08125
3 0.1 0.2734375 0.1625 0.128125
3 0.1546875 0.1640625 0.13125 0.084375
3 0.2796875 0.13125 0.096875 0.0625
3 0.86015625 0.3296875 0.265625 0.1546875
3 0.9015625 0.159375 0.175 0.0890625
3 0.59921875 0.2859375 0.1828125 0.1546875
3 0.6921875 0.1453125 0.1875 0.109375
3 0.76796875 0.22578125 0.115625 0.090625
5 0.2671875 0.75703125 0.2234375 0.159375
1 0.9328125 0.78203125 0.1234375 0.109375
1 0.56328125 0.78515625 0.1125 0.11875
1 0.75 0.69609375 0.08125 0.075
1 0.653125 0.71484375 0.090625 0.0625
1 0.85390625 0.7015625 0.0734375 0.0734375