5 0.26328125 0.178125 0.2875 0.309375
0 0.91953125 0.353125 0.1203125 0.065625
0 0.75625 0.3546875 0.115625 0.06875
0 0.5890625 0.22578125 0.103125 0.046875
0 0.584375 0.35625 0.115625 0.06875
0 0.58828125 0.10546875 0.08125 0.0375
0 0.74921875 0.228125 0.10625 0.04375
0 0.9234375 0.22578125 0.10625 0.05
0 0.75 0.10390625 0.0828125 0.034375
0 0.92109375 0.10390625 0.084375 0.034375
1 0.1515625 0.775 0.234375 0.140625
1 0.3765625 0.790625 0.1953125 0.109375
4 0.63359375 0.6546875 0.115625 0.096875
4 0.84609375 0.86328125 0.109375 0.06875
4 0.74453125 0.75703125 0.13125 0.11875
4 0.86171875 0.64375 0.125 0.1046875
4 0.65703125 0.86640625 0.1 0.0734375