1 0.1171875 0.1359375 0.11875 0.078125
1 0.26796875 0.06875 0.140625 0.0375
1 0.08359375 0.29140625 0.134375 0.1328125
1 0.20859375 0.32890625 0.078125 0.084375
1 0.39921875 0.40859375 0.06875 0.08125
1 0.22578125 0.22109375 0.0859375 0.075
1 0.2984375 0.134375 0.109375 0.04375
1 0.421875 0.30625 0.059375 0.05625
1 0.30546875 0.36953125 0.065625 0.059375
1 0.321875 0.26953125 0.0765625 0.0625
1 0.4234375 0.22890625 0.059375 0.04375
1 0.33359375 0.19140625 0.075 0.034375
1 0.4265625 0.17265625 0.05625 0.021875
1 0.8578125 0.2421875 0.2265625 0.346875
1 0.6375 0.25859375 0.2203125 0.340625
5 0.36953125 0.81484375 0.19375 0.115625
5 0.32578125 0.6828125 0.1265625 0.053125
5 0.21484375 0.6765625 0.1171875 0.05
5 0.2890625 0.7734375 0.146875 0.090625
5 0.403125 0.70859375 0.175 0.06875
5 0.16640625 0.76328125 0.115625 0.08125
5 0.13203125 0.7375 0.103125 0.0640625
5 0.05078125 0.73125 0.0796875 0.059375
5 0.09609375 0.6578125 0.084375 0.0375
5 0.178125 0.6609375 0.1 0.040625
5 0.74921875 0.63828125 0.4625 0.1875