5 0.26640625 0.24609375 0.121875 0.2015625
4 0.82734375 0.07578125 0.0828125 0.075
4 0.69453125 0.2765625 0.0921875 0.1
4 0.63359375 0.41640625 0.090625 0.084375
4 0.89140625 0.37265625 0.09375 0.0921875
4 0.76953125 0.4453125 0.084375 0.071875
4 0.92734375 0.16015625 0.075 0.078125
4 0.553125 0.30390625 0.0765625 0.0875
4 0.71875 0.0484375 0.078125 0.0625
4 0.603125 0.1 0.084375 0.078125
4 0.81484375 0.30703125 0.090625 0.084375
4 0.696875 0.15078125 0.084375 0.06875
4 0.953125 0.2609375 0.078125 0.09375
4 0.8140625 0.17890625 0.06875 0.06875
4 0.54609375 0.1828125 0.06875 0.08125
1 0.059375 0.75859375 0.09375 0.046875
1 0.15625 0.7578125 0.0890625 0.046875
1 0.253125 0.759375 0.0875 0.053125
1 0.4453125 0.7609375 0.096875 0.05
1 0.346875 0.76015625 0.0875 0.046875
3 0.78125 0.68671875 0.0828125 0.08125
3 0.85703125 0.76015625 0.078125 0.0796875
3 0.68515625 0.74140625 0.071875 0.071875
3 0.90078125 0.67265625 0.075 0.075
3 0.6890625 0.63359375 0.06875 0.065625
3 0.5921875 0.7875 0.075 0.071875
3 0.8265625 0.86484375 0.0671875 0.0671875
3 0.7578125 0.79296875 0.06875 0.06875
3 0.60078125 0.6828125 0.065625 0.0625
3 0.684375 0.85859375 0.075 0.075