4 0.0859375 0.10078125 0.078125 0.075
4 0.29765625 0.059375 0.0765625 0.071875
4 0.19296875 0.059375 0.065625 0.059375
4 0.4046875 0.0921875 0.0609375 0.0625
4 0.125 0.228125 0.08125 0.071875
4 0.046875 0.325 0.071875 0.08125
4 0.18515625 0.16171875 0.065625 0.065625
4 0.146875 0.31875 0.078125 0.0828125
4 0.3421875 0.4265625 0.075 0.078125
4 0.13984375 0.415625 0.08125 0.065625
4 0.4203125 0.375 0.065625 0.0703125
4 0.43828125 0.17109375 0.078125 0.0671875
4 0.25 0.353125 0.075 0.075
4 0.2421875 0.4546875 0.071875 0.05625
4 0.28359375 0.15078125 0.065625 0.0625
4 0.4703125 0.2625 0.05 0.05625
4 0.346875 0.18125 0.0625 0.040625
4 0.375 0.259375 0.05625 0.053125
4 0.3265625 0.321875 0.0625 0.053125
4 0.028125 0.2078125 0.046875 0.06875
3 0.86953125 0.2578125 0.23125 0.11875
3 0.62890625 0.24921875 0.228125 0.1375
0 0.203125 0.678125 0.0421875 0.0265625
0 0.296875 0.85 0.0640625 0.0421875
0 0.16640625 0.8390625 0.0625 0.040625
0 0.25 0.70234375 0.046875 0.03125
0 0.39296875 0.8109375 0.059375 0.040625
0 0.203125 0.790625 0.05625 0.034375
0 0.33984375 0.75234375 0.053125 0.034375
0 0.08671875 0.7171875 0.046875 0.0296875
0 0.34609375 0.6859375 0.04375 0.028125
0 0.28359375 0.78671875 0.05625 0.0328125
0 0.1796875 0.71875 0.046875 0.03125
0 0.1515625 0.75234375 0.053125 0.034375
0 0.26875 0.671875 0.04375 0.028125
0 0.4234375 0.75859375 0.053125 0.034375
0 0.078125 0.8046875 0.0578125 0.0359375
0 0.25234375 0.740625 0.05 0.0359375
0 0.0609375 0.76015625 0.053125 0.03125
0 0.3984375 0.7171875 0.0484375 0.03125
0 0.3109375 0.71875 0.046875 0.03125
0 0.1296875 0.69140625 0.04375 0.028125
2 0.746875 0.728125 0.4078125 0.2859375