2 0.14375 0.3453125 0.090625 0.06875
2 0.353125 0.353125 0.096875 0.06875
2 0.16328125 0.246875 0.0375 0.028125
2 0.34609375 0.23828125 0.034375 0.03125
2 0.33203125 0.20625 0.028125 0.021875
2 0.075 0.203125 0.053125 0.0375
2 0.296875 0.18515625 0.04375 0.021875
2 0.23671875 0.178125 0.03125 0.015625
2 0.1953125 0.18671875 0.0328125 0.0203125
2 0.26328125 0.146875 0.0390625 0.015625
2 0.1640625 0.2125 0.034375 0.028125
2 0.340625 0.16015625 0.053125 0.0265625
2 0.1765625 0.15703125 0.0578125 0.028125
2 0.434375 0.20546875 0.040625 0.03125
2 0.040625 0.27890625 0.05625 0.05625
2 0.2953125 0.271875 0.040625 0.03125
2 0.45546875 0.27578125 0.0453125 0.05
2 0.21875 0.27734375 0.053125 0.025
1 0.7453125 0.3296875 0.125 0.08125
1 0.625 0.31484375 0.09375 0.06875
1 0.88046875 0.296875 0.103125 0.0890625
1 0.7625 0.19921875 0.08125 0.040625
1 0.54296875 0.290625 0.0859375 0.0625
1 0.6703125 0.20625 0.0625 0.0390625
1 0.85625 0.20703125 0.0625 0.040625
1 0.696875 0.26328125 0.0625 0.05
1 0.79453125 0.2609375 0.071875 0.05625
1 0.9546875 0.26328125 0.084375 0.059375
1 0.70546875 0.234375 0.059375 0.0375
1 0.60234375 0.225 0.05 0.0375
1 0.5453125 0.246875 0.078125 0.059375
1 0.79296875 0.23515625 0.05625 0.03125
1 0.9234375 0.2265625 0.08125 0.0484375
0 0.41953125 0.853125 0.1203125 0.065625
0 0.25625 0.8546875 0.115625 0.06875
0 0.0890625 0.72578125 0.103125 0.046875
0 0.084375 0.85625 0.115625 0.06875
0 0.08828125 0.60546875 0.08125 0.0375
0 0.24921875 0.728125 0.10625 0.04375
0 0.4234375 0.72578125 0.10625 0.05
0 0.25 0.60390625 0.0828125 0.034375
0 0.42109375 0.60390625 0.084375 0.034375
5 0.625 0.7109375 0.2375 0.3984375
5 0.86953125 0.7140625 0.2375 0.4015625
5 0.746875 0.859375 0.475 0.1453125