5 0.24921875 0.24140625 0.321875 0.215625
2 0.5375 0.3015625 0.05625 0.0625
2 0.821875 0.29921875 0.05625 0.0671875
2 0.96015625 0.30234375 0.053125 0.059375
2 0.67109375 0.2984375 0.05 0.06875
2 0.565625 0.1828125 0.040625 0.0453125
2 0.93984375 0.2375 0.046875 0.05
2 0.546875 0.23046875 0.040625 0.05
2 0.675 0.14765625 0.0328125 0.04375
2 0.68046875 0.1875 0.040625 0.0375
2 0.6796875 0.228125 0.0421875 0.05
2 0.90390625 0.153125 0.0328125 0.0390625
2 0.91796875 0.190625 0.0359375 0.0421875
2 0.81015625 0.2265625 0.046875 0.05
2 0.58046875 0.14609375 0.0421875 0.0390625
2 0.7953125 0.17890625 0.0375 0.0453125
2 0.78984375 0.1453125 0.025 0.040625
4 0.30625 0.8296875 0.109375 0.1375
4 0.184375 0.828125 0.0875 0.125
4 0.18359375 0.6890625 0.09375 0.1234375
4 0.29921875 0.67578125 0.0875 0.14375
4 0.7328125 0.8265625 0.134375 0.109375
4 0.725 0.7234375 0.115625 0.090625
4 0.57265625 0.71953125 0.128125 0.09375
4 0.87109375 0.72734375 0.1140625 0.09375
4 0.7421875 0.63984375 0.1046875 0.06875