4 0.2046875 0.28203125 0.096875 0.046875
4 0.3453125 0.28046875 0.10625 0.0515625
4 0.0703125 0.29375 0.11875 0.034375
4 0.459375 0.2953125 0.06875 0.0359375
4 0.034375 0.32578125 0.06875 0.034375
4 0.2171875 0.32734375 0.06875 0.0265625
4 0.1125 0.328125 0.0546875 0.0296875
4 0.1375 0.3046875 0.078125 0.034375
4 0.27265625 0.2984375 0.059375 0.034375
4 0.0421875 0.3078125 0.075 0.034375
4 0.24765625 0.31171875 0.05 0.0234375
4 0.31171875 0.33515625 0.0375 0.021875
4 0.36796875 0.30078125 0.071875 0.034375
4 0.16796875 0.33515625 0.0375 0.01875
4 0.35546875 0.3375 0.0375 0.01875
4 0.4359375 0.315625 0.0484375 0.025
4 0.28046875 0.32421875 0.04375 0.021875
4 0.26796875 0.33984375 0.028125 0.01875
4 0.32578125 0.3171875 0.04375 0.021875
4 0.4203125 0.328125 0.028125 0.0140625
4 0.37578125 0.32421875 0.028125 0.0125
4 0.16484375 0.31796875 0.046875 0.021875
5 0.75 0.24921875 0.459375 0.359375
2 0.32578125 0.790625 0.1390625 0.084375
2 0.22421875 0.66875 0.1 0.059375
2 0.33828125 0.65390625 0.109375 0.05625
2 0.1125 0.7796875 0.115625 0.075
2 0.1390625 0.7 0.1 0.0609375
2 0.20859375 0.81953125 0.15 0.078125
2 0.3921875 0.74921875 0.1203125 0.06875
2 0.21875 0.74765625 0.1375 0.065625
2 0.28359375 0.703125 0.125 0.053125
2 0.39296875 0.69609375 0.128125 0.0625
5 0.75 0.73203125 0.475 0.203125