0 0.3671875 0.25859375 0.084375 0.05625
0 0.146875 0.2296875 0.08125 0.05
0 0.22109375 0.1828125 0.0640625 0.04375
0 0.39921875 0.1484375 0.065625 0.0375
0 0.28203125 0.13671875 0.059375 0.0375
0 0.3453125 0.34921875 0.0984375 0.0703125
0 0.41875 0.10703125 0.0609375 0.034375
0 0.328125 0.096875 0.0546875 0.034375
0 0.0640625 0.29375 0.084375 0.0625
0 0.38984375 0.1953125 0.071875 0.046875
5 0.75390625 0.27734375 0.328125 0.25625
5 0.24921875 0.7625 0.39375 0.25625
4 0.75390625 0.7515625 0.30625 0.24375