1 0.2421875 0.24765625 0.096875 0.0953125
1 0.17421875 0.10234375 0.090625 0.071875
1 0.415625 0.2171875 0.084375 0.0875
1 0.271875 0.08125 0.0859375 0.078125
1 0.09296875 0.17109375 0.078125 0.075
1 0.36953125 0.12890625 0.08125 0.0875
1 0.0765625 0.2703125 0.075 0.0875
1 0.221875 0.40859375 0.09375 0.08125
1 0.396875 0.321875 0.096875 0.084375
1 0.33828125 0.39375 0.0875 0.08125
1 0.1109375 0.359375 0.078125 0.084375
1 0.74921875 0.25703125 0.471875 0.21875
3 0.253125 0.79453125 0.1625 0.0796875
3 0.08203125 0.7953125 0.140625 0.084375
3 0.4203125 0.7953125 0.134375 0.084375
5 0.75 0.77421875 0.2890625 0.1375