4 0.25625 0.2453125 0.284375 0.2640625
1 0.73984375 0.2359375 0.434375 0.3359375
4 0.24765625 0.74609375 0.4625 0.3734375
0 0.56875 0.7296875 0.1 0.084375
0 0.93359375 0.9078125 0.09375 0.096875
0 0.84296875 0.8578125 0.0953125 0.090625
0 0.93984375 0.77109375 0.0625 0.0765625
0 0.73828125 0.809375 0.1125 0.090625
0 0.8421875 0.72578125 0.071875 0.078125
0 0.5921875 0.60390625 0.0875 0.0609375
0 0.66171875 0.640625 0.075 0.065625
0 0.75625 0.6796875 0.08125 0.0765625
0 0.64375 0.77421875 0.0875 0.08125