3 0.146875 0.20234375 0.128125 0.0921875
3 0.25078125 0.3078125 0.178125 0.1875
3 0.23984375 0.13046875 0.1 0.078125
3 0.34375 0.1984375 0.1390625 0.09375
5 0.75078125 0.2640625 0.2296875 0.1828125
1 0.05703125 0.796875 0.1125 0.065625
1 0.3578125 0.79765625 0.084375 0.05625
1 0.2671875 0.6703125 0.05625 0.03125
1 0.159375 0.71328125 0.071875 0.05
1 0.203125 0.77890625 0.08125 0.05625
1 0.1203125 0.7484375 0.065625 0.04375
1 0.2765625 0.74921875 0.059375 0.04375
1 0.3328125 0.7234375 0.05625 0.0421875
1 0.1984375 0.6875 0.059375 0.0390625
1 0.2546875 0.703125 0.0453125 0.028125
1 0.34453125 0.6703125 0.0625 0.0375
1 0.34609375 0.69296875 0.059375 0.0359375
1 0.425 0.75078125 0.065625 0.05
1 0.4578125 0.725 0.075 0.046875
1 0.428125 0.6859375 0.06875 0.04375
1 0.6578125 0.55390625 0.09375 0.075
1 0.928125 0.63359375 0.071875 0.078125
1 0.54375 0.671875 0.071875 0.09375
1 0.96328125 0.79921875 0.0578125 0.090625
1 0.8234375 0.5328125 0.0859375 0.0515625
1 0.55703125 0.8515625 0.08125 0.1
1 0.85234375 0.9265625 0.090625 0.078125
1 0.6921875 0.953125 0.090625 0.065625