4 0.15234375 0.17734375 0.159375 0.115625
4 0.35703125 0.325 0.140625 0.125
4 0.33984375 0.1640625 0.165625 0.1296875
4 0.1671875 0.3296875 0.178125 0.11875
2 0.8671875 0.3015625 0.109375 0.0953125
2 0.66875 0.20234375 0.1078125 0.065625
2 0.9046875 0.2078125 0.09375 0.0625
2 0.72734375 0.2640625 0.11875 0.084375
2 0.61484375 0.3390625 0.1109375 0.0921875
2 0.834375 0.1625 0.109375 0.059375
2 0.7515625 0.3359375 0.13125 0.084375
2 0.73671875 0.16953125 0.096875 0.059375
2 0.80234375 0.2265625 0.125 0.065625
2 0.61640625 0.2609375 0.1140625 0.08125
5 0.26328125 0.709375 0.1703125 0.3984375
5 0.73828125 0.80078125 0.4375 0.13125
5 0.82734375 0.75390625 0.246875 0.08125