3 0.14921875 0.24921875 0.1671875 0.153125
3 0.34609375 0.24375 0.171875 0.171875
4 0.7484375 0.25078125 0.3265625 0.21875
5 0.2515625 0.64453125 0.2875 0.053125
5 0.25234375 0.803125 0.2875 0.159375
0 0.91953125 0.853125 0.1203125 0.065625
0 0.75625 0.8546875 0.115625 0.06875
0 0.5890625 0.72578125 0.103125 0.046875
0 0.584375 0.85625 0.115625 0.06875
0 0.58828125 0.60546875 0.08125 0.0375
0 0.74921875 0.728125 0.10625 0.04375
0 0.9234375 0.72578125 0.10625 0.05
0 0.75 0.60390625 0.0828125 0.034375
0 0.92109375 0.60390625 0.084375 0.034375