5 0.23046875 0.26875 0.253125 0.159375
0 0.85859375 0.06640625 0.1171875 0.0734375
0 0.6171875 0.0921875 0.0875 0.078125
0 0.79140625 0.1890625 0.109375 0.059375
0 0.7296875 0.03125 0.0984375 0.053125
0 0.54375 0.2 0.06875 0.1015625
0 0.94921875 0.17578125 0.0703125 0.109375
0 0.69375 0.2484375 0.065625 0.09375
0 0.65 0.43203125 0.1046875 0.08125
0 0.95625 0.30390625 0.065625 0.10625
0 0.546875 0.34140625 0.05625 0.1
0 0.896875 0.4171875 0.08125 0.084375
0 0.78046875 0.3140625 0.065625 0.084375
0 0.7765625 0.47109375 0.1 0.05
5 0.265625 0.73828125 0.384375 0.2
1 0.75703125 0.62890625 0.271875 0.1
1 0.86015625 0.796875 0.15 0.1375
1 0.6515625 0.79609375 0.215625 0.15