1 0.25 0.2421875 0.403125 0.278125
2 0.6265625 0.06875 0.246875 0.11875
2 0.87734375 0.06484375 0.2375 0.1125
2 0.55703125 0.2375 0.084375 0.0953125
2 0.68125 0.25 0.06875 0.109375
2 0.6375 0.1578125 0.14375 0.071875
2 0.853125 0.15703125 0.1125 0.0765625
2 0.8265625 0.2484375 0.090625 0.0640625
2 0.92890625 0.23359375 0.0515625 0.103125
2 0.9265625 0.3421875 0.075 0.05
2 0.83203125 0.4078125 0.09375 0.053125
2 0.83359375 0.33984375 0.084375 0.0453125
2 0.93671875 0.475 0.090625 0.04375
2 0.93203125 0.403125 0.0875 0.040625
2 0.83125 0.4703125 0.0875 0.0484375
2 0.67890625 0.32890625 0.0375 0.01875
2 0.73515625 0.3296875 0.034375 0.01875
2 0.734375 0.36171875 0.03125 0.021875
2 0.67578125 0.3625 0.034375 0.0171875
2 0.7375 0.45390625 0.0375 0.01875
2 0.67578125 0.3921875 0.034375 0.021875
2 0.7359375 0.390625 0.0359375 0.0203125
2 0.73671875 0.4203125 0.0359375 0.021875
2 0.73984375 0.4828125 0.0375 0.01875
2 0.528125 0.3625 0.034375 0.015625
2 0.67578125 0.42265625 0.034375 0.01875
2 0.5921875 0.334375 0.03125 0.01875
2 0.52890625 0.3875 0.03125 0.01875
2 0.67421875 0.453125 0.03125 0.0203125
2 0.5296875 0.33515625 0.03125 0.015625
2 0.675 0.4828125 0.03125 0.01875
2 0.59375 0.4625 0.03125 0.01875
2 0.59375 0.36015625 0.034375 0.015625
2 0.5921875 0.4109375 0.03125 0.01875
2 0.5921875 0.4375 0.03125 0.015625
2 0.59140625 0.3875 0.028125 0.01875
2 0.5296875 0.459375 0.03125 0.0171875
2 0.5296875 0.41015625 0.03125 0.015625
2 0.53046875 0.48359375 0.03125 0.021875
2 0.528125 0.43515625 0.03125 0.01875
2 0.59296875 0.4859375 0.03125 0.015625
4 0.2703125 0.88046875 0.0921875 0.065625
4 0.1453125 0.65 0.1125 0.0875
4 0.21484375 0.7734375 0.0875 0.0671875
4 0.33125 0.775 0.0859375 0.0671875
4 0.41484375 0.65859375 0.0890625 0.08125
4 0.2875 0.64140625 0.1140625 0.096875
5 0.76015625 0.75234375 0.2578125 0.1453125