5 0.25546875 0.2484375 0.453125 0.25
4 0.740625 0.2734375 0.115625 0.0984375
1 0.13828125 0.7578125 0.225 0.334375
1 0.3765625 0.75625 0.19375 0.296875
0 0.55625 0.6765625 0.0765625 0.0953125
0 0.93125 0.684375 0.115625 0.0890625
0 0.8234375 0.603125 0.1328125 0.078125
0 0.675 0.59609375 0.125 0.071875
0 0.75625 0.68203125 0.059375 0.078125
0 0.659375 0.690625 0.1015625 0.06875
0 0.840625 0.70078125 0.090625 0.059375
0 0.93203125 0.7984375 0.059375 0.0625
0 0.721875 0.7984375 0.046875 0.0609375
0 0.575 0.79921875 0.04375 0.0625
0 0.96640625 0.89140625 0.040625 0.05625
0 0.646875 0.80234375 0.0484375 0.0578125
0 0.78984375 0.8046875 0.05 0.053125
0 0.8671875 0.80078125 0.046875 0.0625
0 0.53515625 0.89609375 0.040625 0.04375
0 0.58671875 0.8953125 0.046875 0.0484375
0 0.91640625 0.89140625 0.040625 0.05625
0 0.6828125 0.890625 0.034375 0.05625
0 0.73125 0.89140625 0.0375 0.053125
0 0.8234375 0.89453125 0.0375 0.05
0 0.778125 0.8921875 0.034375 0.053125
0 0.63671875 0.89609375 0.0359375 0.046875
0 0.8671875 0.89453125 0.0375 0.05