4 0.1421875 0.27265625 0.25625 0.175
4 0.3578125 0.21875 0.25625 0.1609375
0 0.55390625 0.33515625 0.040625 0.203125
0 0.87109375 0.134375 0.04375 0.1
0 0.9453125 0.33671875 0.0375 0.1265625
0 0.93671875 0.1359375 0.03125 0.078125
0 0.80703125 0.134375 0.0421875 0.096875
0 0.8296875 0.3390625 0.0546875 0.125
0 0.57265625 0.13828125 0.0359375 0.1234375
0 0.746875 0.13359375 0.034375 0.09375
0 0.8875 0.33671875 0.040625 0.1265625
0 0.6890625 0.134375 0.0296875 0.10625
0 0.6703125 0.3328125 0.05625 0.184375
0 0.61328125 0.33359375 0.034375 0.20625
0 0.72578125 0.334375 0.059375 0.178125
0 0.63203125 0.1421875 0.028125 0.121875
0 0.76953125 0.3390625 0.0328125 0.134375
5 0.24765625 0.75546875 0.353125 0.1953125
2 0.85078125 0.7640625 0.103125 0.103125
2 0.78515625 0.67734375 0.0921875 0.065625
2 0.68359375 0.68046875 0.1 0.059375
2 0.65703125 0.8046875 0.121875 0.1015625
2 0.61328125 0.73984375 0.11875 0.0875
2 0.79140625 0.82109375 0.109375 0.109375
2 0.7375 0.72109375 0.103125 0.0625
2 0.88359375 0.71328125 0.103125 0.065625