1 0.26640625 0.2265625 0.409375 0.35625
3 0.62421875 0.16015625 0.1 0.0765625
3 0.81171875 0.234375 0.0921875 0.1
3 0.7234375 0.27578125 0.10625 0.0734375
3 0.6296875 0.35859375 0.115625 0.078125
3 0.61875 0.259375 0.0890625 0.0703125
3 0.8703125 0.334375 0.096875 0.084375
3 0.70859375 0.19296875 0.084375 0.06875
3 0.75625 0.365625 0.090625 0.0796875
3 0.7921875 0.134375 0.0875 0.075
3 0.89296875 0.175 0.08125 0.090625
5 0.2640625 0.75 0.403125 0.45625
3 0.9125 0.8015625 0.096875 0.0625
3 0.8109375 0.7546875 0.1046875 0.059375
3 0.8125 0.69375 0.084375 0.04375
3 0.79453125 0.83125 0.1109375 0.071875
3 0.69140625 0.74921875 0.09375 0.0578125
3 0.6453125 0.825 0.109375 0.06875
3 0.7046875 0.684375 0.075 0.046875
3 0.9171875 0.72890625 0.084375 0.05
3 0.56796875 0.76796875 0.08125 0.053125
3 0.60234375 0.71171875 0.084375 0.0515625