5 0.259375 0.25 0.4015625 0.36875
4 0.75234375 0.2515625 0.259375 0.221875
3 0.15703125 0.69375 0.1859375 0.1296875
3 0.328125 0.80546875 0.2125 0.15625
1 0.68671875 0.57265625 0.090625 0.075
1 0.6875 0.7421875 0.0875 0.103125
1 0.8140625 0.7328125 0.0859375 0.096875
1 0.64921875 0.90390625 0.1015625 0.0984375
1 0.83359375 0.58828125 0.096875 0.090625
1 0.92578125 0.79453125 0.075 0.10625
1 0.81328125 0.91796875 0.10625 0.1
1 0.58359375 0.6578125 0.0890625 0.09375
1 0.56953125 0.77421875 0.078125 0.1046875
1 0.9140625 0.67421875 0.0921875 0.090625