5 0.24921875 0.25625 0.3515625 0.2828125
2 0.77265625 0.24921875 0.3609375 0.4859375
4 0.2546875 0.6796875 0.06875 0.121875
4 0.140625 0.67421875 0.078125 0.159375
4 0.36953125 0.840625 0.075 0.1390625
4 0.36015625 0.684375 0.05625 0.109375
4 0.26015625 0.83984375 0.0734375 0.121875
4 0.15390625 0.84375 0.071875 0.121875
1 0.93203125 0.7765625 0.0875 0.11875
1 0.7046875 0.5546875 0.1015625 0.078125
1 0.8375 0.56328125 0.0828125 0.071875
1 0.55859375 0.740625 0.090625 0.103125
1 0.85390625 0.903125 0.109375 0.090625
1 0.70703125 0.9234375 0.1109375 0.090625
1 0.6 0.6265625 0.0890625 0.075
1 0.915625 0.653125 0.0671875 0.078125
1 0.58671875 0.85625 0.065625 0.0671875