4 0.2359375 0.33359375 0.103125 0.0875
4 0.296875 0.246875 0.0875 0.071875
4 0.17734375 0.2515625 0.090625 0.06875
4 0.11953125 0.17109375 0.1046875 0.075
4 0.3703125 0.165625 0.084375 0.0796875
4 0.25 0.159375 0.10625 0.090625
5 0.74140625 0.278125 0.34375 0.25
5 0.7859375 0.2546875 0.3015625 0.24375
1 0.11875 0.81953125 0.196875 0.159375
1 0.371875 0.6625 0.209375 0.1625
1 0.2609375 0.7390625 0.196875 0.15625
5 0.8671875 0.62734375 0.2171875 0.203125
5 0.64609375 0.6265625 0.215625 0.20625
5 0.75625 0.88125 0.2640625 0.134375
5 0.8890625 0.81328125 0.175 0.253125
5 0.625 0.815625 0.178125 0.253125