5 0.25390625 0.27734375 0.328125 0.25625
1 0.75 0.24921875 0.41875 0.253125
1 0.2421875 0.74765625 0.096875 0.0953125
1 0.17421875 0.60234375 0.090625 0.071875
1 0.415625 0.7171875 0.084375 0.0875
1 0.271875 0.58125 0.0859375 0.078125
1 0.09296875 0.67109375 0.078125 0.075
1 0.36953125 0.62890625 0.08125 0.0875
1 0.0765625 0.7703125 0.075 0.0875
1 0.221875 0.90859375 0.09375 0.08125
1 0.396875 0.821875 0.096875 0.084375
1 0.33828125 0.89375 0.0875 0.08125
1 0.1109375 0.859375 0.078125 0.084375
5 0.74921875 0.74921875 0.3890625 0.209375