2 0.34609375 0.30390625 0.121875 0.075
2 0.25 0.225 0.0921875 0.065625
2 0.10078125 0.22578125 0.096875 0.06875
2 0.33671875 0.1765625 0.1015625 0.05625
2 0.2453125 0.36796875 0.1375 0.0875
2 0.296875 0.265625 0.1125 0.065625
2 0.39296875 0.2171875 0.096875 0.053125
2 0.1875 0.3203125 0.1171875 0.0625
2 0.21328125 0.1875 0.109375 0.0546875
2 0.1453125 0.28125 0.1125 0.075
5 0.75078125 0.2421875 0.140625 0.45
1 0.1296875 0.5984375 0.10625 0.084375
1 0.2796875 0.83515625 0.090625 0.1
1 0.05078125 0.7265625 0.075 0.11875
1 0.25703125 0.5359375 0.084375 0.053125
1 0.2515625 0.7234375 0.0625 0.103125
1 0.23515625 0.9546875 0.1078125 0.0703125
1 0.36875 0.74140625 0.05625 0.11875
1 0.36640625 0.903125 0.096875 0.103125
1 0.28828125 0.6359375 0.0875 0.06875
1 0.1625 0.671875 0.075 0.0875
1 0.44453125 0.6796875 0.065625 0.10625
1 0.0984375 0.871875 0.1 0.0953125
1 0.453125 0.79765625 0.065625 0.09375
1 0.15078125 0.7921875 0.084375 0.10625
1 0.37265625 0.57890625 0.075 0.065625
1 0.55 0.77578125 0.084375 0.0625
1 0.6578125 0.771875 0.0875 0.0671875
1 0.7578125 0.7765625 0.0796875 0.05625
1 0.85625 0.771875 0.078125 0.059375
1 0.75234375 0.7171875 0.05625 0.040625
1 0.834375 0.71640625 0.06875 0.040625
1 0.590625 0.7171875 0.059375 0.0453125
1 0.95 0.7671875 0.08125 0.0625
1 0.67421875 0.7171875 0.0671875 0.0421875
1 0.91484375 0.71875 0.059375 0.04375