1 0.36796875 0.2890625 0.2125 0.153125
1 0.11328125 0.1796875 0.171875 0.1171875
1 0.27734375 0.1953125 0.15625 0.125
4 0.72109375 0.3234375 0.13125 0.0859375
4 0.75625 0.22421875 0.10625 0.05
4 0.7703125 0.15078125 0.078125 0.0453125
4 0.6 0.2328125 0.11875 0.046875
4 0.91640625 0.21796875 0.096875 0.065625
0 0.4109375 0.8296875 0.065625 0.059375
0 0.30546875 0.871875 0.06875 0.0640625
0 0.175 0.85234375 0.0796875 0.05625
0 0.08828125 0.80078125 0.0625 0.059375
0 0.44609375 0.7546875 0.046875 0.0484375
0 0.290625 0.77578125 0.065625 0.05
0 0.0921875 0.6734375 0.05 0.0359375
0 0.0421875 0.73984375 0.05 0.05
0 0.1484375 0.63125 0.0375 0.0265625
0 0.1890625 0.7578125 0.059375 0.05
0 0.4265625 0.69375 0.0421875 0.034375
0 0.21171875 0.6125 0.0359375 0.021875
0 0.3609375 0.64765625 0.04375 0.0296875
0 0.25234375 0.7015625 0.05 0.04375
0 0.28984375 0.6203125 0.034375 0.0234375
0 0.321875 0.678125 0.040625 0.0375
0 0.34453125 0.73203125 0.0375 0.046875
0 0.20390625 0.66171875 0.046875 0.028125
0 0.15078125 0.7109375 0.040625 0.040625
0 0.271875 0.653125 0.046875 0.028125
0 0.75 0.74921875 0.415625 0.3484375