5 0.25078125 0.253125 0.4484375 0.184375
1 0.84609375 0.3125 0.10625 0.09375
1 0.675 0.31640625 0.1125 0.08125
1 0.58125 0.24921875 0.084375 0.06875
1 0.63125 0.175 0.078125 0.040625
1 0.75546875 0.14765625 0.09375 0.028125
1 0.928125 0.234375 0.0859375 0.05
1 0.86875 0.17109375 0.065625 0.025
0 0.1671875 0.58046875 0.071875 0.0578125
0 0.2609375 0.55625 0.065625 0.0640625
0 0.34609375 0.59609375 0.0640625 0.05
0 0.08671875 0.65 0.05 0.075
0 0.178125 0.70625 0.059375 0.071875
0 0.25234375 0.65625 0.065625 0.0515625
0 0.0609375 0.75390625 0.05 0.0703125
0 0.4046875 0.653125 0.0546875 0.065625
0 0.18046875 0.79609375 0.05625 0.065625
0 0.3359375 0.70703125 0.053125 0.0625
0 0.38671875 0.8953125 0.05625 0.059375
0 0.25703125 0.75703125 0.05625 0.053125
0 0.084375 0.84453125 0.053125 0.06875
0 0.334375 0.79609375 0.0578125 0.0625
0 0.2640625 0.840625 0.06875 0.05625
0 0.4296875 0.8234375 0.046875 0.0734375
0 0.14375 0.9171875 0.05625 0.065625
0 0.440625 0.7359375 0.0375 0.0734375
0 0.30390625 0.9296875 0.0703125 0.05
0 0.21484375 0.93984375 0.06875 0.05
5 0.78046875 0.7375 0.346875 0.196875