2 0.065625 0.33046875 0.075 0.125
2 0.3796875 0.33203125 0.059375 0.1203125
2 0.43828125 0.33125 0.065625 0.125
2 0.11015625 0.13515625 0.0375 0.0625
2 0.06796875 0.13515625 0.0265625 0.065625
2 0.2 0.1359375 0.028125 0.0625
2 0.15390625 0.13828125 0.03125 0.059375
2 0.45 0.1484375 0.0203125 0.040625
2 0.4234375 0.146875 0.0203125 0.040625
2 0.3921875 0.14609375 0.01875 0.040625
2 0.33671875 0.2125 0.015625 0.034375
2 0.36171875 0.14609375 0.01875 0.040625
2 0.3328125 0.14453125 0.01875 0.040625
2 0.06640625 0.21328125 0.021875 0.034375
2 0.1 0.2125 0.0171875 0.034375
2 0.365625 0.2140625 0.015625 0.034375
2 0.1390625 0.2140625 0.01875 0.034375
2 0.2328125 0.146875 0.01875 0.0375
2 0.30234375 0.1453125 0.01875 0.0390625
2 0.209375 0.2140625 0.0140625 0.034375
2 0.1625 0.284375 0.015625 0.028125
2 0.1734375 0.21484375 0.01875 0.034375
2 0.2765625 0.21484375 0.01875 0.0328125
2 0.3953125 0.2140625 0.0203125 0.034375
2 0.30859375 0.21328125 0.0171875 0.034375
2 0.31796875 0.28125 0.015625 0.03125
2 0.28515625 0.2828125 0.015625 0.0296875
2 0.259375 0.33046875 0.01875 0.028125
2 0.29375 0.32890625 0.0125 0.028125
2 0.26953125 0.146875 0.01875 0.0375
2 0.2859375 0.378125 0.0171875 0.028125
2 0.125 0.28359375 0.0171875 0.028125
2 0.2234375 0.2828125 0.0125 0.028125
2 0.21875 0.3296875 0.0125 0.028125
2 0.240625 0.3796875 0.015625 0.028125
2 0.32109375 0.3796875 0.01875 0.028125
2 0.15703125 0.3796875 0.015625 0.0296875
2 0.42578125 0.21484375 0.015625 0.03125
2 0.19375 0.2828125 0.0140625 0.028125
2 0.32578125 0.3296875 0.015625 0.0265625
2 0.24140625 0.21484375 0.01875 0.034375
2 0.19375 0.38046875 0.01875 0.028125
2 0.25234375 0.2828125 0.015625 0.028125
2 0.140625 0.33125 0.015625 0.0265625
2 0.10703125 0.3296875 0.021875 0.03125
2 0.1265625 0.3796875 0.0125 0.03125
2 0.178125 0.3296875 0.015625 0.03125
0 0.546875 0.29609375 0.046875 0.040625
0 0.953125 0.29921875 0.046875 0.0375
0 0.634375 0.3 0.059375 0.0375
0 0.60703125 0.2625 0.04375 0.0359375
0 0.71796875 0.3015625 0.046875 0.040625
0 0.7953125 0.2953125 0.04375 0.04375
0 0.71796875 0.1921875 0.034375 0.0234375
0 0.65234375 0.23125 0.0375 0.034375
0 0.78828125 0.190625 0.040625 0.025
0 0.8765625 0.29453125 0.046875 0.040625
0 0.9 0.26171875 0.034375 0.034375
0 0.7640625 0.2515625 0.046875 0.03125
0 0.6859375 0.2125 0.03125 0.021875
0 0.68359375 0.26328125 0.0375 0.03125
0 0.86328125 0.2328125 0.0375 0.028125
0 0.759375 0.2140625 0.03125 0.025
0 0.71796875 0.2359375 0.0359375 0.025
0 0.83203125 0.2640625 0.04375 0.0296875
0 0.83515625 0.209375 0.0296875 0.025
0 0.8046875 0.23046875 0.034375 0.025
4 0.41875 0.825 0.1265625 0.103125
4 0.3109375 0.765625 0.128125 0.065625
4 0.15 0.79765625 0.109375 0.0703125
4 0.059375 0.753125 0.0921875 0.059375
4 0.4328125 0.7359375 0.1046875 0.05625
4 0.10703125 0.69296875 0.05 0.028125
4 0.29765625 0.67578125 0.075 0.0328125
4 0.39375 0.6890625 0.08125 0.0390625
4 0.10703125 0.7203125 0.053125 0.028125
4 0.36328125 0.71171875 0.053125 0.028125
4 0.18671875 0.75234375 0.0484375 0.0390625
4 0.17578125 0.69609375 0.0609375 0.028125
4 0.20625 0.715625 0.05 0.0375
4 0.203125 0.6765625 0.046875 0.025
4 0.28515625 0.72265625 0.05 0.040625
4 0.24921875 0.6953125 0.046875 0.0234375
4 0.31484375 0.7484375 0.08125 0.0296875
4 0.3015625 0.70234375 0.04375 0.01875
1 0.73671875 0.753125 0.45 0.39375