0 0.14140625 0.25625 0.203125 0.0875
0 0.3671875 0.26015625 0.2 0.0796875
3 0.84921875 0.19921875 0.084375 0.084375
3 0.759375 0.2609375 0.08125 0.08125
3 0.640625 0.2234375 0.08125 0.0765625
3 0.678125 0.33203125 0.08125 0.078125
3 0.83671875 0.3484375 0.08125 0.078125
3 0.72578125 0.15625 0.08125 0.078125
2 0.37265625 0.8671875 0.225 0.1
2 0.3109375 0.8078125 0.209375 0.090625
2 0.25703125 0.76171875 0.1875 0.084375
2 0.1765625 0.7046875 0.15625 0.05
2 0.2140625 0.73046875 0.171875 0.06875
2 0.090625 0.63359375 0.128125 0.04375
2 0.11640625 0.6484375 0.134375 0.05
2 0.14921875 0.67265625 0.1515625 0.0625
5 0.7515625 0.75078125 0.4609375 0.175