1 0.25859375 0.24921875 0.4203125 0.28125
5 0.71484375 0.259375 0.428125 0.0640625
5 0.27734375 0.753125 0.2171875 0.1578125
1 0.74921875 0.81875 0.121875 0.103125
1 0.6046875 0.77578125 0.109375 0.09375
1 0.93515625 0.784375 0.10625 0.09375
1 0.7125 0.7078125 0.09375 0.06875
1 0.55703125 0.696875 0.09375 0.065625
1 0.9328125 0.696875 0.071875 0.059375
1 0.81875 0.72109375 0.0875 0.06875
1 0.62578125 0.65 0.0734375 0.053125
1 0.74296875 0.64921875 0.075 0.0515625
1 0.83671875 0.6578125 0.06875 0.053125