5 0.2546875 0.24765625 0.246875 0.203125
0 0.75078125 0.24921875 0.4375 0.359375
1 0.1890625 0.53984375 0.09375 0.078125
1 0.4046875 0.62578125 0.1 0.0875
1 0.096875 0.61484375 0.090625 0.09375
1 0.30234375 0.54140625 0.09375 0.0703125
1 0.128125 0.91328125 0.084375 0.0921875
1 0.43984375 0.84453125 0.075 0.096875
1 0.0484375 0.828125 0.06875 0.084375
1 0.25625 0.6859375 0.096875 0.053125
1 0.459375 0.734375 0.0765625 0.1078125
1 0.2578125 0.8078125 0.084375 0.0625
1 0.246875 0.96328125 0.0921875 0.06875
1 0.36015625 0.9359375 0.075 0.075
1 0.04453125 0.7140625 0.0875 0.0875
1 0.19921875 0.74921875 0.0640625 0.084375
1 0.3078125 0.74296875 0.059375 0.075
2 0.75 0.74296875 0.428125 0.09375