5 0.24765625 0.25 0.4515625 0.0828125
5 0.76796875 0.2484375 0.321875 0.2375
4 0.36328125 0.8453125 0.1125 0.090625
4 0.25078125 0.74375 0.121875 0.1046875
4 0.1375 0.646875 0.13125 0.096875
4 0.13515625 0.84375 0.1125 0.103125
4 0.36484375 0.653125 0.1046875 0.1046875
1 0.71328125 0.7140625 0.096875 0.065625
1 0.72890625 0.5765625 0.078125 0.0625
1 0.575 0.78203125 0.096875 0.0890625
1 0.71015625 0.8390625 0.075 0.075
1 0.6296875 0.640625 0.084375 0.065625
1 0.82890625 0.765625 0.0703125 0.0625
1 0.82109375 0.64921875 0.078125 0.05625
1 0.871875 0.875 0.09375 0.0765625
1 0.92421875 0.6953125 0.075 0.05625