5 0.26015625 0.25234375 0.2578125 0.1453125
1 0.62578125 0.284375 0.21875 0.25625
1 0.8453125 0.18359375 0.275 0.19375
0 0.0453125 0.75234375 0.059375 0.053125
0 0.0984375 0.809375 0.0625 0.053125
0 0.1140625 0.67890625 0.0546875 0.05
0 0.275 0.5390625 0.0453125 0.03125
0 0.1671875 0.63046875 0.05 0.0375
0 0.1734375 0.86640625 0.0484375 0.046875
0 0.1765625 0.734375 0.05625 0.05
0 0.23984375 0.66796875 0.0484375 0.040625
0 0.2203125 0.58203125 0.046875 0.0375
0 0.2359375 0.909375 0.040625 0.0375
0 0.3453125 0.6765625 0.0421875 0.03125
0 0.29453125 0.728125 0.0375 0.0296875
0 0.234375 0.79765625 0.0390625 0.0359375
0 0.2921875 0.8453125 0.0375 0.0359375
0 0.3375 0.5765625 0.0375 0.0265625
0 0.4 0.72734375 0.034375 0.0328125
0 0.3921875 0.63046875 0.03125 0.0265625
0 0.31484375 0.925 0.0296875 0.028125
0 0.44453125 0.6796875 0.03125 0.025
0 0.3484375 0.78203125 0.0359375 0.03125
0 0.2921875 0.61640625 0.0421875 0.03125
0 0.42734375 0.8046875 0.0265625 0.0234375
0 0.475 0.7484375 0.025 0.025
0 0.3734375 0.865625 0.028125 0.025
2 0.88203125 0.77734375 0.109375 0.13125
2 0.6265625 0.82265625 0.1109375 0.1375
2 0.6859375 0.684375 0.115625 0.1140625
2 0.82421875 0.678125 0.125 0.0859375
2 0.75078125 0.7578125 0.1 0.134375