5 0.259375 0.26484375 0.421875 0.1375
5 0.753125 0.29921875 0.3625 0.15625
5 0.75 0.14609375 0.35625 0.0515625
5 0.2515625 0.746875 0.2046875 0.121875
1 0.6515625 0.6125 0.078125 0.090625
1 0.728125 0.9140625 0.0875 0.09375
1 0.78125 0.58828125 0.0765625 0.0921875
1 0.75546875 0.74140625 0.078125 0.078125
1 0.89921875 0.659375 0.0875 0.0828125
1 0.5828125 0.72578125 0.103125 0.0765625
1 0.85 0.8796875 0.09375 0.090625
1 0.928125 0.7796875 0.090625 0.0921875
1 0.609375 0.84140625 0.0890625 0.090625