2 0.12734375 0.26640625 0.103125 0.0703125
2 0.1046875 0.2 0.08125 0.065625
2 0.275 0.253125 0.0828125 0.090625
2 0.2484375 0.16796875 0.0765625 0.0578125
2 0.36953125 0.24375 0.090625 0.075
2 0.17109375 0.16796875 0.0859375 0.065625
2 0.19296875 0.3109375 0.1125 0.065625
2 0.18671875 0.221875 0.078125 0.0734375
2 0.3203125 0.19375 0.06875 0.06875
2 0.3328125 0.31015625 0.109375 0.084375
1 0.66484375 0.2421875 0.259375 0.346875
1 0.87421875 0.246875 0.14375 0.340625
3 0.1984375 0.828125 0.15625 0.1171875
3 0.14453125 0.72578125 0.1375 0.09375
3 0.27265625 0.66953125 0.1109375 0.090625
3 0.35546875 0.7671875 0.134375 0.109375
5 0.76171875 0.740625 0.209375 0.1828125