0 0.22265625 0.28984375 0.046875 0.0375
0 0.2171875 0.20703125 0.0421875 0.0375
0 0.15 0.30234375 0.040625 0.046875
0 0.175 0.25 0.0390625 0.0375
0 0.2546875 0.240625 0.0375 0.03125
0 0.1984375 0.1703125 0.0390625 0.034375
0 0.35546875 0.25546875 0.04375 0.0375
0 0.09140625 0.30234375 0.040625 0.05
0 0.1234375 0.24765625 0.034375 0.03125
0 0.32109375 0.22109375 0.0375 0.03125
0 0.3578125 0.20546875 0.0390625 0.028125
0 0.1046875 0.19609375 0.0375 0.0375
0 0.06875 0.23671875 0.046875 0.0375
0 0.26875 0.19765625 0.0453125 0.025
0 0.15234375 0.21171875 0.0390625 0.03125
0 0.0359375 0.2984375 0.0375 0.05
0 0.4421875 0.25 0.040625 0.0359375
0 0.15234375 0.16328125 0.0359375 0.028125
0 0.4640625 0.30390625 0.0359375 0.05
0 0.4109375 0.215625 0.03125 0.03125
0 0.3734375 0.3 0.034375 0.05625
0 0.253125 0.16875 0.040625 0.021875
0 0.3890625 0.2390625 0.0296875 0.0328125
0 0.31171875 0.18046875 0.04375 0.025
0 0.33046875 0.15703125 0.0390625 0.021875
0 0.41640625 0.29375 0.03125 0.046875
0 0.37734375 0.184375 0.0375 0.0296875
0 0.27734375 0.14375 0.0390625 0.01875
0 0.2109375 0.14609375 0.0375 0.01875
0 0.3 0.2875 0.0484375 0.034375
1 0.6015625 0.24140625 0.19375 0.115625
1 0.85703125 0.31875 0.2359375 0.115625
1 0.90546875 0.178125 0.1796875 0.103125
2 0.25078125 0.87421875 0.046875 0.078125
2 0.1234375 0.840625 0.0828125 0.0703125
2 0.075 0.79921875 0.084375 0.05
2 0.3265625 0.8640625 0.059375 0.071875
2 0.175 0.871875 0.06875 0.071875
2 0.06015625 0.746875 0.0875 0.034375
2 0.08125 0.6984375 0.08125 0.03125
2 0.14609375 0.634375 0.059375 0.0421875
2 0.10625 0.65703125 0.0734375 0.04375
2 0.38515625 0.8453125 0.0828125 0.0625
2 0.4375 0.7234375 0.084375 0.0328125
2 0.43203125 0.765625 0.084375 0.0390625
2 0.4265625 0.6859375 0.08125 0.03125
2 0.196875 0.615625 0.0453125 0.04375
2 0.40078125 0.65390625 0.06875 0.0328125
2 0.4203125 0.81171875 0.0875 0.05
2 0.325 0.61953125 0.05625 0.040625
2 0.3671875 0.63359375 0.0609375 0.04375
2 0.24375 0.61328125 0.025 0.040625
2 0.2828125 0.61328125 0.034375 0.04375
5 0.7484375 0.796875 0.440625 0.140625