1 0.41875 0.23125 0.128125 0.1125
1 0.284375 0.16640625 0.0875 0.1125
1 0.2921875 0.32109375 0.15 0.1375
1 0.07890625 0.278125 0.1265625 0.1515625
1 0.16640625 0.2015625 0.109375 0.128125
1 0.75625 0.21015625 0.0984375 0.065625
1 0.94375 0.275 0.10625 0.0703125
1 0.72734375 0.04453125 0.084375 0.0578125
1 0.8453125 0.071875 0.090625 0.065625
1 0.58203125 0.32578125 0.115625 0.06875
1 0.6828125 0.42578125 0.1078125 0.084375
1 0.58671875 0.11875 0.0796875 0.071875
1 0.9078125 0.178125 0.103125 0.059375
1 0.55625 0.20859375 0.103125 0.071875
1 0.86875 0.409375 0.096875 0.090625
1 0.76484375 0.30234375 0.0921875 0.059375
5 0.26953125 0.76015625 0.2625 0.23125
2 0.6265625 0.56875 0.246875 0.11875
2 0.87734375 0.56484375 0.2375 0.1125
2 0.55703125 0.7375 0.084375 0.0953125
2 0.68125 0.75 0.06875 0.109375
2 0.6375 0.6578125 0.14375 0.071875
2 0.853125 0.65703125 0.1125 0.0765625
2 0.8265625 0.7484375 0.090625 0.0640625
2 0.92890625 0.73359375 0.0515625 0.103125
2 0.9265625 0.8421875 0.075 0.05
2 0.83203125 0.9078125 0.09375 0.053125
2 0.83359375 0.83984375 0.084375 0.0453125
2 0.93671875 0.975 0.090625 0.04375
2 0.93203125 0.903125 0.0875 0.040625
2 0.83125 0.9703125 0.0875 0.0484375
2 0.67890625 0.82890625 0.0375 0.01875
2 0.73515625 0.8296875 0.034375 0.01875
2 0.734375 0.86171875 0.03125 0.021875
2 0.67578125 0.8625 0.034375 0.0171875
2 0.7375 0.95390625 0.0375 0.01875
2 0.67578125 0.8921875 0.034375 0.021875
2 0.7359375 0.890625 0.0359375 0.0203125
2 0.73671875 0.9203125 0.0359375 0.021875
2 0.73984375 0.9828125 0.0375 0.01875
2 0.528125 0.8625 0.034375 0.015625
2 0.67578125 0.92265625 0.034375 0.01875
2 0.5921875 0.834375 0.03125 0.01875
2 0.52890625 0.8875 0.03125 0.01875
2 0.67421875 0.953125 0.03125 0.0203125
2 0.5296875 0.83515625 0.03125 0.015625
2 0.675 0.9828125 0.03125 0.01875
2 0.59375 0.9625 0.03125 0.01875
2 0.59375 0.86015625 0.034375 0.015625
2 0.5921875 0.9109375 0.03125 0.01875
2 0.5921875 0.9375 0.03125 0.015625
2 0.59140625 0.8875 0.028125 0.01875
2 0.5296875 0.959375 0.03125 0.0171875
2 0.5296875 0.91015625 0.03125 0.015625
2 0.53046875 0.98359375 0.03125 0.021875
2 0.528125 0.93515625 0.03125 0.01875
2 0.59296875 0.9859375 0.03125 0.015625