0 0.06875 0.2296875 0.1 0.084375
0 0.43359375 0.4078125 0.09375 0.096875
0 0.34296875 0.3578125 0.0953125 0.090625
0 0.43984375 0.27109375 0.0625 0.0765625
0 0.23828125 0.309375 0.1125 0.090625
0 0.3421875 0.22578125 0.071875 0.078125
0 0.0921875 0.10390625 0.0875 0.0609375
0 0.16171875 0.140625 0.075 0.065625
0 0.25625 0.1796875 0.08125 0.0765625
0 0.14375 0.27421875 0.0875 0.08125
0 0.9265625 0.2828125 0.046875 0.040625
0 0.83515625 0.2734375 0.0625 0.0375
0 0.92890625 0.2109375 0.040625 0.028125
0 0.88125 0.2421875 0.05 0.0375
0 0.946875 0.240625 0.046875 0.0375
0 0.7484375 0.28359375 0.071875 0.04375
0 0.76796875 0.2328125 0.053125 0.03125
0 0.58203125 0.2921875 0.05 0.046875
0 0.6640625 0.275 0.0625 0.040625
0 0.546875 0.25625 0.0359375 0.028125
0 0.71015625 0.23359375 0.04375 0.0328125
0 0.8609375 0.31640625 0.071875 0.05
0 0.6296875 0.22265625 0.0375 0.028125
0 0.78046875 0.20859375 0.04375 0.025
0 0.66015625 0.1953125 0.040625 0.034375
0 0.55859375 0.2171875 0.0390625 0.03125
0 0.8671875 0.2125 0.040625 0.028125
0 0.721875 0.20546875 0.046875 0.03125
0 0.65390625 0.3265625 0.06875 0.046875
0 0.634375 0.24765625 0.0375 0.0265625
0 0.6015625 0.19140625 0.04375 0.028125
0 0.709375 0.18203125 0.0453125 0.0234375
0 0.89609375 0.190625 0.0375 0.0234375
0 0.75703125 0.34296875 0.084375 0.04375
0 0.81953125 0.1921875 0.04375 0.01875
0 0.8484375 0.17578125 0.0375 0.01875
0 0.7734375 0.1796875 0.046875 0.01875
0 0.65859375 0.1734375 0.040625 0.0171875
0 0.78828125 0.16328125 0.040625 0.021875
0 0.72109375 0.1625 0.040625 0.015625
1 0.2453125 0.8296875 0.125 0.08125
1 0.125 0.81484375 0.09375 0.06875
1 0.38046875 0.796875 0.103125 0.0890625
1 0.2625 0.69921875 0.08125 0.040625
1 0.04296875 0.790625 0.0859375 0.0625
1 0.1703125 0.70625 0.0625 0.0390625
1 0.35625 0.70703125 0.0625 0.040625
1 0.196875 0.76328125 0.0625 0.05
1 0.29453125 0.7609375 0.071875 0.05625
1 0.4546875 0.76328125 0.084375 0.059375
1 0.20546875 0.734375 0.059375 0.0375
1 0.10234375 0.725 0.05 0.0375
1 0.0453125 0.746875 0.078125 0.059375
1 0.29296875 0.73515625 0.05625 0.03125
1 0.4234375 0.7265625 0.08125 0.0484375
3 0.76484375 0.759375 0.08125 0.115625
3 0.61875 0.61875 0.103125 0.10625
3 0.86484375 0.60078125 0.10625 0.1015625
3 0.74375 0.56640625 0.0984375 0.10625
3 0.565625 0.74765625 0.09375 0.115625
3 0.9359375 0.7171875 0.1 0.1046875
3 0.83203125 0.91953125 0.10625 0.0875
3 0.7109375 0.93125 0.0984375 0.090625
3 0.609375 0.87578125 0.096875 0.1125
3 0.9109375 0.8421875 0.09375 0.103125