5 0.24765625 0.253125 0.3703125 0.2734375
2 0.69296875 0.24609375 0.06875 0.2
2 0.55390625 0.2453125 0.0890625 0.2
2 0.825 0.2453125 0.075 0.2
2 0.95859375 0.2453125 0.065625 0.2
0 0.18359375 0.85078125 0.075 0.034375
0 0.20390625 0.778125 0.053125 0.01875
0 0.371875 0.7546875 0.0390625 0.01875
0 0.03359375 0.7953125 0.0375 0.021875
0 0.29375 0.85 0.0875 0.03125
0 0.10078125 0.8375 0.065625 0.034375
0 0.26875 0.778125 0.046875 0.025
0 0.34453125 0.8109375 0.0640625 0.0296875
0 0.3890625 0.840625 0.059375 0.028125
0 0.4546875 0.81015625 0.05 0.034375
0 0.15078125 0.753125 0.05 0.021875
0 0.06015625 0.75625 0.05 0.0203125
0 0.39453125 0.78984375 0.046875 0.0296875
0 0.31015625 0.74296875 0.0390625 0.015625
0 0.09375 0.77421875 0.034375 0.021875
0 0.12421875 0.80234375 0.0421875 0.025
0 0.36484375 0.73359375 0.046875 0.015625
0 0.21875 0.81796875 0.059375 0.025
0 0.409375 0.74453125 0.040625 0.01875
0 0.44453125 0.75859375 0.0328125 0.0234375
0 0.4640625 0.77890625 0.034375 0.028125
0 0.175 0.73359375 0.0375 0.015625
0 0.2265625 0.753125 0.046875 0.015625
0 0.290625 0.73046875 0.0375 0.015625
0 0.040625 0.77421875 0.0375 0.0203125
0 0.22890625 0.72890625 0.0390625 0.0125
0 0.35546875 0.77109375 0.04375 0.0203125
0 0.296875 0.759375 0.0453125 0.0203125
0 0.18984375 0.76328125 0.04375 0.015625
0 0.11484375 0.7421875 0.04375 0.01875
0 0.05390625 0.8140625 0.0625 0.0296875
0 0.23828125 0.7421875 0.0484375 0.015625
0 0.3234375 0.78984375 0.040625 0.021875
0 0.13984375 0.78125 0.0296875 0.021875
0 0.23203125 0.8015625 0.078125 0.0203125
5 0.74921875 0.7453125 0.446875 0.15