3 0.253125 0.29453125 0.1625 0.0796875
3 0.08203125 0.2953125 0.140625 0.084375
3 0.4203125 0.2953125 0.134375 0.084375
2 0.66796875 0.35390625 0.103125 0.109375
2 0.81015625 0.3546875 0.084375 0.1171875
2 0.684375 0.20078125 0.0828125 0.071875
2 0.9203125 0.29375 0.115625 0.09375
2 0.80859375 0.19375 0.078125 0.071875
2 0.66328125 0.13125 0.0578125 0.05
2 0.7578125 0.11953125 0.05 0.05
2 0.921875 0.159375 0.09375 0.05625
2 0.8453125 0.12421875 0.05625 0.059375
2 0.7515625 0.2625 0.1140625 0.06875
2 0.56796875 0.2875 0.1140625 0.090625
2 0.5890625 0.1609375 0.08125 0.05
2 0.55 0.215625 0.0875 0.0625
2 0.94375 0.22421875 0.09375 0.0625
5 0.2515625 0.7625 0.425 0.16875
1 0.6734375 0.5578125 0.0875 0.065625
1 0.784375 0.5515625 0.078125 0.059375
1 0.6171875 0.89609375 0.075 0.090625
1 0.59375 0.62890625 0.071875 0.071875
1 0.87421875 0.59375 0.0703125 0.0625
1 0.9234375 0.671875 0.075 0.075
1 0.54921875 0.7140625 0.06875 0.090625
1 0.5625 0.81796875 0.071875 0.084375
1 0.89375 0.859375 0.0875 0.0921875
1 0.94453125 0.76640625 0.078125 0.0765625
1 0.7265625 0.9328125 0.096875 0.084375
1 0.82734375 0.92109375 0.08125 0.09375