5 0.3140625 0.21171875 0.10625 0.2359375
5 0.19453125 0.38359375 0.1203125 0.05
5 0.31484375 0.38359375 0.10625 0.05
5 0.19453125 0.2109375 0.121875 0.234375
1 0.73828125 0.075 0.215625 0.1375
1 0.91484375 0.1578125 0.09375 0.121875
1 0.57421875 0.18671875 0.11875 0.13125
1 0.7125 0.27109375 0.06875 0.078125
1 0.9625 0.2671875 0.040625 0.05625
1 0.75703125 0.215625 0.0609375 0.059375
1 0.7984375 0.265625 0.06875 0.071875
1 0.946875 0.340625 0.0375 0.05
1 0.8921875 0.39765625 0.046875 0.059375
1 0.54296875 0.321875 0.0515625 0.065625
1 0.590625 0.39140625 0.05 0.0546875
1 0.63359375 0.43828125 0.0375 0.0359375
1 0.81640625 0.38125 0.034375 0.034375
1 0.696875 0.33828125 0.046875 0.0390625
1 0.8859375 0.29296875 0.025 0.04375
1 0.7484375 0.39453125 0.0375 0.03125
1 0.85546875 0.22265625 0.03125 0.0421875
1 0.625 0.30234375 0.0296875 0.0421875
1 0.86484375 0.34765625 0.0328125 0.03125
1 0.64609375 0.353125 0.0296875 0.0328125
1 0.690625 0.46328125 0.05 0.0375
1 0.8171875 0.44765625 0.0625 0.046875
1 0.77890625 0.346875 0.059375 0.0390625
1 0.74921875 0.46484375 0.046875 0.040625
1 0.84296875 0.31015625 0.0265625 0.0296875
1 0.69140625 0.3890625 0.0390625 0.03125
1 0.6828125 0.190625 0.0421875 0.03125
1 0.640625 0.2390625 0.0375 0.034375
1 0.74296875 0.16484375 0.040625 0.028125
1 0.81328125 0.17421875 0.0375 0.03125
2 0.2453125 0.73671875 0.44375 0.425
4 0.64296875 0.79921875 0.190625 0.125
4 0.6921875 0.675 0.1609375 0.090625
4 0.8671875 0.775 0.178125 0.1078125