2 0.21328125 0.06328125 0.1125 0.084375
2 0.44765625 0.246875 0.08125 0.103125
2 0.06484375 0.32421875 0.0875 0.10625
2 0.06875 0.15625 0.0859375 0.090625
2 0.3703125 0.40546875 0.0953125 0.103125
2 0.37109375 0.08828125 0.08125 0.09375
2 0.203125 0.44296875 0.103125 0.05625
5 0.79140625 0.23828125 0.175 0.1796875
5 0.71171875 0.26796875 0.225 0.196875
5 0.24453125 0.74609375 0.146875 0.14375
5 0.1171875 0.7859375 0.2234375 0.0734375
5 0.159375 0.7640625 0.159375 0.1125
5 0.33203125 0.7625 0.146875 0.1125
5 0.3859375 0.784375 0.215625 0.075
3 0.67734375 0.6921875 0.125 0.1296875
3 0.8125 0.68828125 0.121875 0.128125
3 0.8828125 0.8265625 0.1046875 0.1015625
3 0.753125 0.82265625 0.1203125 0.1109375
3 0.60703125 0.81953125 0.0921875 0.1015625