5 0.2234375 0.23359375 0.203125 0.23125
5 0.75390625 0.26640625 0.384375 0.175
0 0.40078125 0.796875 0.121875 0.08125
0 0.23125 0.84140625 0.11875 0.059375
0 0.07109375 0.7859375 0.121875 0.0640625
0 0.2625 0.73671875 0.125 0.065625
0 0.20625 0.76015625 0.1 0.034375
0 0.46796875 0.7234375 0.05625 0.046875
0 0.134375 0.7046875 0.0796875 0.040625
0 0.40859375 0.67578125 0.0625 0.034375
0 0.15546875 0.6515625 0.078125 0.0296875
0 0.253125 0.63984375 0.0765625 0.025
0 0.359375 0.7078125 0.0625 0.0484375
0 0.33125 0.6515625 0.053125 0.01875
0 0.2125 0.665625 0.065625 0.028125
0 0.0828125 0.6734375 0.046875 0.01875
0 0.2234375 0.6890625 0.04375 0.0265625
0 0.2984375 0.67421875 0.078125 0.040625
0 0.0453125 0.7109375 0.0734375 0.065625
1 0.77265625 0.7421875 0.396875 0.2640625