2 0.40625 0.184375 0.1 0.090625
2 0.0984375 0.265625 0.090625 0.1234375
2 0.30546875 0.14140625 0.08125 0.11875
2 0.2109375 0.2421875 0.090625 0.103125
2 0.2265625 0.1265625 0.0890625 0.1
2 0.30625 0.2609375 0.1140625 0.121875
2 0.175 0.34765625 0.125 0.0796875
2 0.290625 0.3734375 0.1046875 0.08125
2 0.1359375 0.1671875 0.075 0.115625
2 0.40078125 0.29453125 0.1 0.1125
5 0.75390625 0.29375 0.271875 0.14375
5 0.753125 0.14375 0.271875 0.05625
2 0.34609375 0.80390625 0.121875 0.075
2 0.25 0.725 0.0921875 0.065625
2 0.10078125 0.72578125 0.096875 0.06875
2 0.33671875 0.6765625 0.1015625 0.05625
2 0.2453125 0.86796875 0.1375 0.0875
2 0.296875 0.765625 0.1125 0.065625
2 0.39296875 0.7171875 0.096875 0.053125
2 0.1875 0.8203125 0.1171875 0.0625
2 0.21328125 0.6875 0.109375 0.0546875
2 0.1453125 0.78125 0.1125 0.075
4 0.74765625 0.74375 0.29375 0.134375