2 0.128125 0.14453125 0.171875 0.1015625
2 0.3546875 0.2921875 0.203125 0.14375
2 0.19453125 0.18984375 0.190625 0.1046875
2 0.278125 0.2328125 0.2 0.13125
5 0.74609375 0.22578125 0.290625 0.18125
5 0.1515625 0.8046875 0.1984375 0.20625
5 0.35234375 0.7390625 0.2484375 0.075
5 0.165625 0.7015625 0.125 0.0953125
1 0.66171875 0.5921875 0.0859375 0.075
1 0.7921875 0.5828125 0.1 0.08125
1 0.903125 0.659375 0.08125 0.1
1 0.5765625 0.7046875 0.06875 0.09375
1 0.840625 0.915625 0.0875 0.078125
1 0.9265625 0.8171875 0.0625 0.090625
1 0.59375 0.85703125 0.08125 0.0859375
1 0.6984375 0.93046875 0.090625 0.0625
1 0.79765625 0.678125 0.06875 0.0625
1 0.7171875 0.6765625 0.06875 0.0546875
1 0.66484375 0.7296875 0.053125 0.0734375
1 0.8421875 0.7484375 0.0453125 0.075
1 0.81328125 0.82265625 0.059375 0.0578125
1 0.7390625 0.8484375 0.071875 0.04375
1 0.6734375 0.80625 0.0625 0.065625