5 0.2515625 0.2625 0.425 0.16875
5 0.7546875 0.26171875 0.440625 0.384375
4 0.30625 0.8296875 0.109375 0.1375
4 0.184375 0.828125 0.0875 0.125
4 0.18359375 0.6890625 0.09375 0.1234375
4 0.29921875 0.67578125 0.0875 0.14375
1 0.71875 0.8359375 0.1140625 0.103125
1 0.57109375 0.8015625 0.1234375 0.09375
1 0.890625 0.8203125 0.1265625 0.11875
1 0.56640625 0.70546875 0.0875 0.0734375
1 0.665625 0.7109375 0.06875 0.065625
1 0.66328125 0.64453125 0.06875 0.0375
1 0.94609375 0.7390625 0.0890625 0.084375
1 0.77265625 0.6296875 0.06875 0.034375
1 0.75546875 0.74453125 0.084375 0.0640625
1 0.84921875 0.7109375 0.075 0.06875
1 0.74765625 0.67421875 0.0734375 0.0375
1 0.86796875 0.65625 0.075 0.046875