5 0.25625 0.24921875 0.209375 0.1859375
4 0.7859375 0.31875 0.0765625 0.09375
4 0.6796875 0.315625 0.065625 0.103125
4 0.8828125 0.32421875 0.090625 0.084375
4 0.55859375 0.31484375 0.08125 0.0875
4 0.8359375 0.2375 0.0640625 0.0640625
4 0.925 0.24375 0.071875 0.06875
4 0.5625 0.24296875 0.078125 0.0609375
4 0.72578125 0.240625 0.0578125 0.0625
4 0.575 0.1640625 0.065625 0.0484375
4 0.6515625 0.240625 0.0734375 0.059375
4 0.759375 0.19140625 0.071875 0.0578125
4 0.94375 0.19765625 0.078125 0.05625
4 0.959375 0.1625 0.06875 0.05
4 0.79609375 0.15703125 0.065625 0.05
4 0.72109375 0.1578125 0.06875 0.04375
4 0.87890625 0.16171875 0.06875 0.04375
4 0.64765625 0.159375 0.0625 0.04375
4 0.590625 0.2 0.05 0.059375
4 0.6671875 0.19453125 0.075 0.04375
4 0.85859375 0.1953125 0.0625 0.0546875
4 0.253125 0.6171875 0.121875 0.0859375
4 0.37890625 0.7328125 0.134375 0.1015625
4 0.18125 0.8671875 0.125 0.1
4 0.11953125 0.73125 0.125 0.103125
4 0.33125 0.8671875 0.1 0.0859375
5 0.746875 0.76484375 0.4140625 0.16875