1 0.24921875 0.25703125 0.471875 0.21875
1 0.60625 0.30859375 0.1296875 0.1125
1 0.7109375 0.4046875 0.1375 0.1046875
1 0.803125 0.2859375 0.10625 0.0796875
1 0.70859375 0.18515625 0.10625 0.0640625
1 0.80625 0.0984375 0.084375 0.053125
1 0.8703125 0.19921875 0.084375 0.0625
1 0.9296875 0.1265625 0.078125 0.04375
5 0.25078125 0.74765625 0.48125 0.1453125
1 0.73359375 0.59921875 0.165625 0.096875
1 0.8875 0.7328125 0.11875 0.13125
1 0.8375 0.8875 0.09375 0.096875
1 0.590625 0.75390625 0.078125 0.1375
1 0.6828125 0.89921875 0.096875 0.084375