5 0.36953125 0.31484375 0.19375 0.115625
5 0.32578125 0.1828125 0.1265625 0.053125
5 0.2890625 0.2734375 0.146875 0.090625
5 0.403125 0.20859375 0.175 0.06875
5 0.178125 0.16171875 0.1 0.040625
5 0.13046875 0.2390625 0.1 0.0625
5 0.165625 0.2625 0.115625 0.08125
5 0.21484375 0.17734375 0.11875 0.05
5 0.096875 0.15859375 0.0859375 0.0375
5 0.0515625 0.23125 0.0828125 0.05625
5 0.75234375 0.24453125 0.215625 0.20625
5 0.2390625 0.7671875 0.30625 0.190625
5 0.88203125 0.62734375 0.059375 0.0953125
5 0.9453125 0.78515625 0.10625 0.1921875
5 0.94921875 0.58984375 0.0953125 0.028125
5 0.8796875 0.559375 0.0578125 0.0625