2 0.3765625 0.2546875 0.134375 0.434375
2 0.13125 0.2546875 0.178125 0.4
2 0.82578125 0.290625 0.1390625 0.084375
2 0.72421875 0.16875 0.1 0.059375
2 0.83828125 0.15390625 0.109375 0.05625
2 0.6125 0.2796875 0.115625 0.075
2 0.6390625 0.2 0.1 0.0609375
2 0.70859375 0.31953125 0.15 0.078125
2 0.8921875 0.24921875 0.1203125 0.06875
2 0.71875 0.24765625 0.1375 0.065625
2 0.78359375 0.203125 0.125 0.053125
2 0.89296875 0.19609375 0.128125 0.0625
0 0.40078125 0.853125 0.146875 0.128125
0 0.084375 0.8546875 0.134375 0.121875
0 0.2359375 0.8515625 0.134375 0.13125
0 0.11875 0.7140625 0.103125 0.065625
0 0.25859375 0.7109375 0.09375 0.0734375
0 0.39375 0.7078125 0.090625 0.08125
0 0.3609375 0.5953125 0.078125 0.06875
0 0.1640625 0.59765625 0.06875 0.0578125
0 0.265625 0.596875 0.075 0.059375
1 0.75 0.7546875 0.465625 0.3140625