2 0.1328125 0.1796875 0.1328125 0.0640625
2 0.29765625 0.34921875 0.175 0.11875
2 0.10546875 0.2640625 0.140625 0.090625
2 0.340625 0.15625 0.1125 0.075
2 0.378125 0.2421875 0.1734375 0.1
2 0.22578125 0.13515625 0.121875 0.0625
2 0.18515625 0.3125 0.190625 0.10625
2 0.265625 0.21484375 0.121875 0.0859375
4 0.6265625 0.3 0.221875 0.20625
4 0.8890625 0.2609375 0.184375 0.165625
4 0.73125 0.14296875 0.134375 0.103125
3 0.26484375 0.759375 0.08125 0.115625
3 0.11875 0.61875 0.103125 0.10625
3 0.36484375 0.60078125 0.10625 0.1015625
3 0.24375 0.56640625 0.0984375 0.10625
3 0.065625 0.74765625 0.09375 0.115625
3 0.4359375 0.7171875 0.1 0.1046875
3 0.33203125 0.91953125 0.10625 0.0875
3 0.2109375 0.93125 0.0984375 0.090625
3 0.109375 0.87578125 0.096875 0.1125
3 0.4109375 0.8421875 0.09375 0.103125
4 0.75703125 0.75078125 0.3 0.3