5 0.27109375 0.2640625 0.246875 0.184375
5 0.9015625 0.171875 0.184375 0.125
5 0.23828125 0.75859375 0.2859375 0.1984375
3 0.86875 0.59375 0.215625 0.1
3 0.64140625 0.60234375 0.228125 0.096875
3 0.56640625 0.68515625 0.10625 0.06875
3 0.9328125 0.6796875 0.1125 0.071875
3 0.6796875 0.6859375 0.1140625 0.06875
3 0.8140625 0.684375 0.1375 0.0625
3 0.76875 0.790625 0.084375 0.0515625
3 0.8109375 0.75 0.0671875 0.0328125
3 0.9 0.821875 0.04375 0.0375
3 0.73125 0.8328125 0.0421875 0.028125
3 0.85703125 0.88984375 0.0578125 0.034375
3 0.74609375 0.7484375 0.05625 0.025
3 0.640625 0.7828125 0.0375 0.0234375
3 0.78984375 0.91796875 0.0546875 0.034375
3 0.8421875 0.80234375 0.0609375 0.028125
3 0.63828125 0.91328125 0.0421875 0.0296875
3 0.69375 0.81875 0.0375 0.0265625
3 0.83671875 0.840625 0.0453125 0.025
3 0.65703125 0.75859375 0.034375 0.021875
3 0.63203125 0.828125 0.0359375 0.021875
3 0.58203125 0.790625 0.0328125 0.0203125
3 0.5296875 0.8296875 0.028125 0.0234375
3 0.6953125 0.79140625 0.0359375 0.025
3 0.59296875 0.8875 0.03125 0.021875
3 0.73671875 0.89375 0.04375 0.028125
3 0.70390625 0.91953125 0.0390625 0.028125
3 0.67421875 0.88671875 0.040625 0.021875
3 0.90078125 0.859375 0.040625 0.025
3 0.584375 0.840625 0.028125 0.0203125
3 0.54296875 0.859375 0.028125 0.021875
3 0.78828125 0.8765625 0.04375 0.0234375
3 0.53515625 0.8015625 0.028125 0.01875
3 0.628125 0.8578125 0.03125 0.01875
3 0.5875 0.76953125 0.0265625 0.01875
3 0.54921875 0.77578125 0.025 0.01875
3 0.71328125 0.86171875 0.0375 0.01875
3 0.571875 0.81875 0.025 0.01875
3 0.78125 0.84765625 0.040625 0.01875
3 0.6625 0.84375 0.028125 0.01875
3 0.62109375 0.76875 0.0265625 0.01875
3 0.6078125 0.80625 0.021875 0.01875
3 0.65234375 0.803125 0.025 0.015625
3 0.6140625 0.75546875 0.021875 0.015625