1 0.1578125 0.225 0.2671875 0.171875
1 0.3984375 0.23359375 0.153125 0.165625
1 0.75 0.23046875 0.4671875 0.2
4 0.315625 0.70625 0.16875 0.109375
4 0.196875 0.7671875 0.2375 0.171875
1 0.5890625 0.64453125 0.08125 0.0875
1 0.8546875 0.90859375 0.0859375 0.0859375
1 0.70625 0.559375 0.0921875 0.08125
1 0.93125 0.79375 0.0828125 0.090625
1 0.7390625 0.94453125 0.090625 0.06875
1 0.92734375 0.66484375 0.071875 0.0890625
1 0.82890625 0.565625 0.090625 0.084375
1 0.753125 0.7484375 0.084375 0.0859375
1 0.5671875 0.7828125 0.0828125 0.0921875
1 0.62421875 0.8890625 0.090625 0.090625