1 0.22109375 0.04296875 0.1125 0.05625
1 0.1484375 0.421875 0.0984375 0.0921875
1 0.10625 0.1015625 0.084375 0.084375
1 0.05234375 0.315625 0.090625 0.0984375
1 0.39921875 0.3890625 0.084375 0.0875
1 0.4609375 0.28125 0.06875 0.1125
1 0.428125 0.1640625 0.078125 0.09375
1 0.28125 0.43984375 0.11875 0.078125
1 0.3390625 0.0765625 0.096875 0.06875
1 0.040625 0.2 0.0640625 0.1
2 0.7953125 0.303125 0.16875 0.1640625
2 0.58828125 0.22421875 0.153125 0.103125
2 0.7140625 0.16328125 0.1296875 0.109375
2 0.915625 0.24375 0.1484375 0.1046875
2 0.85390625 0.16796875 0.0734375 0.0625
2 0.13203125 0.65390625 0.171875 0.1640625
2 0.37421875 0.84765625 0.1625 0.159375
2 0.36875 0.65625 0.1515625 0.153125
2 0.14609375 0.840625 0.1546875 0.153125
2 0.2609375 0.75390625 0.1375 0.19375
5 0.853125 0.82421875 0.184375 0.1203125
5 0.7625 0.68046875 0.06875 0.20625
5 0.66875 0.8234375 0.184375 0.121875