5 0.28984375 0.240625 0.175 0.190625
5 0.21328125 0.26875 0.23125 0.2
5 0.75703125 0.23046875 0.153125 0.446875
2 0.25 0.74921875 0.38125 0.2984375
0 0.865625 0.9125 0.059375 0.059375
0 0.93984375 0.82578125 0.059375 0.05625
0 0.903125 0.60234375 0.0578125 0.0578125
0 0.75390625 0.95 0.0578125 0.059375
0 0.61875 0.57265625 0.059375 0.059375
0 0.8359375 0.684375 0.059375 0.0578125
0 0.6921875 0.82578125 0.0578125 0.05625
0 0.640625 0.74140625 0.0578125 0.05625
0 0.63671875 0.91484375 0.059375 0.059375
0 0.85 0.771875 0.059375 0.0578125
0 0.6765625 0.66328125 0.059375 0.0578125
0 0.9515625 0.7125 0.0578125 0.0578125
0 0.809375 0.540625 0.0578125 0.0578125
0 0.7125 0.5390625 0.0578125 0.059375
0 0.5625 0.83515625 0.059375 0.0578125
0 0.53984375 0.740625 0.059375 0.0578125
0 0.76953125 0.63203125 0.0578125 0.059375
0 0.75625 0.73515625 0.05625 0.0578125
0 0.56484375 0.6421875 0.059375 0.0578125
0 0.775 0.83046875 0.0578125 0.0578125