4 0.15859375 0.08125 0.159375 0.096875
4 0.3375 0.0734375 0.1625 0.090625
4 0.06171875 0.26640625 0.10625 0.0671875
4 0.4390625 0.26015625 0.1 0.0859375
4 0.35390625 0.184375 0.0921875 0.059375
4 0.175 0.2671875 0.06875 0.065625
4 0.134375 0.18671875 0.0640625 0.059375
4 0.3109375 0.265625 0.0625 0.0578125
4 0.25 0.21875 0.06875 0.046875
4 0.38359375 0.33515625 0.0390625 0.034375
4 0.1 0.3375 0.0375 0.034375
4 0.05390625 0.3984375 0.028125 0.034375
4 0.05 0.465625 0.03125 0.034375
4 0.32734375 0.3359375 0.034375 0.034375
4 0.27265625 0.33359375 0.0359375 0.0375
4 0.159375 0.3375 0.0328125 0.034375
4 0.215625 0.33671875 0.028125 0.03125
4 0.1953125 0.4015625 0.025 0.03125
4 0.29921875 0.40234375 0.0265625 0.028125
4 0.38984375 0.40234375 0.025 0.03125
4 0.2484375 0.4046875 0.025 0.03125
4 0.1046875 0.4046875 0.021875 0.025
4 0.34140625 0.4046875 0.021875 0.025
4 0.15 0.40546875 0.021875 0.025
4 0.1203125 0.46640625 0.021875 0.025
4 0.4375 0.40546875 0.021875 0.025
4 0.40078125 0.46484375 0.021875 0.025
4 0.34296875 0.4671875 0.0171875 0.0203125
4 0.17890625 0.4671875 0.0171875 0.0203125
4 0.45859375 0.46484375 0.01875 0.0203125
4 0.23515625 0.46875 0.015625 0.0203125
4 0.2875 0.46875 0.015625 0.021875
5 0.72578125 0.234375 0.275 0.228125
5 0.78359375 0.246875 0.196875 0.2375
3 0.2453125 0.77109375 0.1375 0.08125
3 0.4078125 0.7671875 0.146875 0.0734375
3 0.0859375 0.77578125 0.1375 0.071875
0 0.5453125 0.75234375 0.059375 0.053125
0 0.5984375 0.809375 0.0625 0.053125
0 0.6140625 0.67890625 0.0546875 0.05
0 0.775 0.5390625 0.0453125 0.03125
0 0.6671875 0.63046875 0.05 0.0375
0 0.6734375 0.86640625 0.0484375 0.046875
0 0.6765625 0.734375 0.05625 0.05
0 0.73984375 0.66796875 0.0484375 0.040625
0 0.7203125 0.58203125 0.046875 0.0375
0 0.7359375 0.909375 0.040625 0.0375
0 0.8453125 0.6765625 0.0421875 0.03125
0 0.79453125 0.728125 0.0375 0.0296875
0 0.734375 0.79765625 0.0390625 0.0359375
0 0.7921875 0.8453125 0.0375 0.0359375
0 0.8375 0.5765625 0.0375 0.0265625
0 0.9 0.72734375 0.034375 0.0328125
0 0.8921875 0.63046875 0.03125 0.0265625
0 0.81484375 0.925 0.0296875 0.028125
0 0.94453125 0.6796875 0.03125 0.025
0 0.8484375 0.78203125 0.0359375 0.03125
0 0.7921875 0.61640625 0.0421875 0.03125
0 0.92734375 0.8046875 0.0265625 0.0234375
0 0.975 0.7484375 0.025 0.025
0 0.8734375 0.865625 0.028125 0.025