1 0.0796875 0.2953125 0.084375 0.0484375
1 0.2015625 0.296875 0.078125 0.0515625
1 0.15 0.278125 0.059375 0.0421875
1 0.33671875 0.29453125 0.078125 0.05
1 0.2671875 0.27890625 0.065625 0.0421875
1 0.39140625 0.27890625 0.05 0.0375
1 0.41640625 0.265625 0.046875 0.034375
1 0.35390625 0.2609375 0.05 0.0234375
1 0.30546875 0.2640625 0.04375 0.0375
1 0.25546875 0.26171875 0.0375 0.028125
1 0.21328125 0.2671875 0.0546875 0.0296875
0 0.72265625 0.28984375 0.046875 0.0375
0 0.7171875 0.20703125 0.0421875 0.0375
0 0.65 0.30234375 0.040625 0.046875
0 0.675 0.25 0.0390625 0.0375
0 0.7546875 0.240625 0.0375 0.03125
0 0.6984375 0.1703125 0.0390625 0.034375
0 0.85546875 0.25546875 0.04375 0.0375
0 0.59140625 0.30234375 0.040625 0.05
0 0.6234375 0.24765625 0.034375 0.03125
0 0.82109375 0.22109375 0.0375 0.03125
0 0.8578125 0.20546875 0.0390625 0.028125
0 0.6046875 0.19609375 0.0375 0.0375
0 0.56875 0.23671875 0.046875 0.0375
0 0.76875 0.19765625 0.0453125 0.025
0 0.65234375 0.21171875 0.0390625 0.03125
0 0.5359375 0.2984375 0.0375 0.05
0 0.9421875 0.25 0.040625 0.0359375
0 0.65234375 0.16328125 0.0359375 0.028125
0 0.9640625 0.30390625 0.0359375 0.05
0 0.9109375 0.215625 0.03125 0.03125
0 0.8734375 0.3 0.034375 0.05625
0 0.753125 0.16875 0.040625 0.021875
0 0.8890625 0.2390625 0.0296875 0.0328125
0 0.81171875 0.18046875 0.04375 0.025
0 0.83046875 0.15703125 0.0390625 0.021875
0 0.91640625 0.29375 0.03125 0.046875
0 0.87734375 0.184375 0.0375 0.0296875
0 0.77734375 0.14375 0.0390625 0.01875
0 0.7109375 0.14609375 0.0375 0.01875
0 0.8 0.2875 0.0484375 0.034375
5 0.4046875 0.68984375 0.16875 0.1609375
2 0.74453125 0.7734375 0.359375 0.18125