5 0.25 0.25390625 0.2234375 0.19375
0 0.659375 0.071875 0.103125 0.071875
0 0.59921875 0.37578125 0.0875 0.084375
0 0.54765625 0.24140625 0.0625 0.1328125
0 0.7953125 0.04921875 0.10625 0.0734375
0 0.84375 0.17734375 0.0859375 0.109375
0 0.90234375 0.1078125 0.0625 0.059375
0 0.6390625 0.24296875 0.08125 0.0875
0 0.72890625 0.1359375 0.08125 0.078125
0 0.95625 0.2171875 0.046875 0.103125
0 0.76015625 0.3390625 0.1125 0.121875
0 0.93359375 0.3390625 0.0671875 0.0859375
0 0.84296875 0.43359375 0.1125 0.075
0 0.87421875 0.3 0.05 0.09375
0 0.70625 0.45234375 0.075 0.05625
0 0.5734375 0.1390625 0.053125 0.05
0 0.69140625 0.35625 0.0796875 0.05
0 0.740625 0.228125 0.046875 0.065625
4 0.25 0.7421875 0.396875 0.228125
5 0.72578125 0.734375 0.275 0.228125
5 0.78359375 0.746875 0.196875 0.2375