0 0.06328125 0.08359375 0.109375 0.059375
0 0.246875 0.18828125 0.1046875 0.0515625
0 0.1328125 0.1859375 0.0796875 0.05625
0 0.37109375 0.19375 0.10625 0.040625
0 0.0453125 0.27734375 0.078125 0.046875
0 0.43671875 0.090625 0.1140625 0.0453125
0 0.31640625 0.08828125 0.115625 0.05
0 0.190625 0.09296875 0.125 0.040625
0 0.0828125 0.35625 0.05625 0.040625
0 0.43125 0.359375 0.053125 0.034375
0 0.45859375 0.2765625 0.078125 0.04375
0 0.08671875 0.425 0.05625 0.0375
0 0.2578125 0.3625 0.053125 0.028125
0 0.1703125 0.3609375 0.053125 0.03125
0 0.33984375 0.36015625 0.0625 0.034375
0 0.346875 0.425 0.0578125 0.0375
0 0.26015625 0.4265625 0.05625 0.034375
0 0.1765625 0.42734375 0.05625 0.03125
0 0.2078125 0.27890625 0.0765625 0.0421875
0 0.42890625 0.421875 0.053125 0.0390625
0 0.375 0.27734375 0.0765625 0.0421875
0 0.12734375 0.28203125 0.071875 0.0359375
0 0.29140625 0.2796875 0.08125 0.0375
0 0.58828125 0.2515625 0.153125 0.153125
0 0.91328125 0.2609375 0.15 0.15
0 0.75078125 0.25625 0.15 0.1515625
1 0.24921875 0.81875 0.121875 0.103125
1 0.1046875 0.77578125 0.109375 0.09375
1 0.43515625 0.784375 0.10625 0.09375
1 0.2125 0.7078125 0.09375 0.06875
1 0.05703125 0.696875 0.09375 0.065625
1 0.4328125 0.696875 0.071875 0.059375
1 0.31875 0.72109375 0.0875 0.06875
1 0.12578125 0.65 0.0734375 0.053125
1 0.24296875 0.64921875 0.075 0.0515625
1 0.33671875 0.6578125 0.06875 0.053125
5 0.76953125 0.76015625 0.2625 0.23125