2 0.35859375 0.26640625 0.2296875 0.3109375
2 0.17421875 0.1859375 0.3015625 0.221875
2 0.80859375 0.325 0.10625 0.140625
2 0.61875 0.29453125 0.140625 0.125
2 0.92578125 0.26328125 0.128125 0.0875
2 0.77109375 0.1953125 0.090625 0.06875
2 0.56953125 0.20625 0.1328125 0.0828125
2 0.71796875 0.1171875 0.0625 0.0625
2 0.815625 0.121875 0.059375 0.0625
2 0.9015625 0.14375 0.1 0.0640625
2 0.62734375 0.14296875 0.10625 0.0625
2 0.94140625 0.190625 0.10625 0.065625
0 0.3671875 0.56171875 0.096875 0.065625
0 0.140625 0.55078125 0.06875 0.059375
0 0.4578125 0.66171875 0.053125 0.1015625
0 0.41640625 0.9015625 0.0796875 0.08125
0 0.071875 0.8828125 0.0671875 0.090625
0 0.26171875 0.52265625 0.103125 0.0375
0 0.05625 0.6375 0.059375 0.09375
0 0.2359375 0.59453125 0.0921875 0.05
0 0.221875 0.6890625 0.08125 0.08125
0 0.23203125 0.7875 0.0875 0.075
0 0.3375 0.6421875 0.065625 0.0625
0 0.30234375 0.9671875 0.103125 0.046875
0 0.47578125 0.79375 0.040625 0.0953125
0 0.1640625 0.8453125 0.0671875 0.0703125
0 0.340625 0.8296875 0.06875 0.0609375
0 0.30859375 0.740625 0.046875 0.1
0 0.390625 0.74140625 0.040625 0.09375
0 0.10859375 0.75 0.046875 0.0828125
0 0.153125 0.64765625 0.05625 0.075
0 0.2609375 0.884375 0.078125 0.0390625
0 0.17265625 0.9515625 0.08125 0.0625
0 0.02265625 0.75703125 0.034375 0.1
5 0.77109375 0.74375 0.2125 0.1125