3 0.2328125 0.27421875 0.20625 0.1625
5 0.7515625 0.31015625 0.478125 0.115625
5 0.81796875 0.27109375 0.315625 0.090625
2 0.21328125 0.56328125 0.1125 0.084375
2 0.44765625 0.746875 0.08125 0.103125
2 0.06484375 0.82421875 0.0875 0.10625
2 0.06875 0.65625 0.0859375 0.090625
2 0.3703125 0.90546875 0.0953125 0.103125
2 0.37109375 0.58828125 0.08125 0.09375
2 0.203125 0.94296875 0.103125 0.05625
1 0.6171875 0.6359375 0.11875 0.078125
1 0.76796875 0.56875 0.140625 0.0375
1 0.58359375 0.79140625 0.134375 0.1328125
1 0.70859375 0.82890625 0.078125 0.084375
1 0.89921875 0.90859375 0.06875 0.08125
1 0.72578125 0.72109375 0.0859375 0.075
1 0.7984375 0.634375 0.109375 0.04375
1 0.921875 0.80625 0.059375 0.05625
1 0.80546875 0.86953125 0.065625 0.059375
1 0.821875 0.76953125 0.0765625 0.0625
1 0.9234375 0.72890625 0.059375 0.04375
1 0.83359375 0.69140625 0.075 0.034375
1 0.9265625 0.67265625 0.05625 0.021875