2 0.36875 0.24609375 0.065625 0.184375
2 0.45859375 0.24453125 0.06875 0.1875
2 0.28515625 0.2453125 0.065625 0.1875
2 0.2078125 0.246875 0.0640625 0.190625
2 0.04609375 0.25078125 0.065625 0.196875
2 0.12265625 0.24609375 0.0671875 0.190625
3 0.77734375 0.31953125 0.115625 0.090625
3 0.8859375 0.23046875 0.10625 0.0734375
3 0.621875 0.32578125 0.1375 0.096875
3 0.84921875 0.16171875 0.096875 0.071875
3 0.684375 0.20546875 0.128125 0.084375
4 0.36328125 0.8453125 0.1125 0.090625
4 0.25078125 0.74375 0.121875 0.1046875
4 0.1375 0.646875 0.13125 0.096875
4 0.13515625 0.84375 0.1125 0.103125
4 0.36484375 0.653125 0.1046875 0.1046875
4 0.75234375 0.7671875 0.39375 0.19375