4 0.315625 0.20625 0.16875 0.109375
4 0.196875 0.2671875 0.2375 0.171875
1 0.5875 0.24296875 0.13125 0.1125
1 0.8953125 0.2515625 0.146875 0.13125
1 0.734375 0.2484375 0.1328125 0.1296875
3 0.15078125 0.83828125 0.15625 0.140625
3 0.1703125 0.6765625 0.13125 0.128125
3 0.33984375 0.8390625 0.153125 0.10625
3 0.3296875 0.6921875 0.13125 0.128125
0 0.8828125 0.78828125 0.05 0.0296875
0 0.66953125 0.778125 0.0390625 0.0234375
0 0.903125 0.71015625 0.04375 0.021875
0 0.7765625 0.79140625 0.04375 0.04375
0 0.9125 0.82265625 0.05625 0.034375
0 0.68359375 0.8203125 0.046875 0.03125
0 0.64140625 0.7421875 0.0375 0.025
0 0.56953125 0.81171875 0.04375 0.03125
0 0.61953125 0.83203125 0.046875 0.028125
0 0.60703125 0.6703125 0.034375 0.015625
0 0.659375 0.6765625 0.04375 0.01875
0 0.534375 0.77890625 0.034375 0.0375
0 0.909375 0.7484375 0.0421875 0.021875
0 0.8765625 0.6734375 0.040625 0.01875
0 0.81953125 0.68046875 0.0359375 0.0171875
0 0.76796875 0.73828125 0.034375 0.028125
0 0.53046875 0.73203125 0.034375 0.028125
0 0.8484375 0.7015625 0.034375 0.01875
0 0.95625 0.78671875 0.0359375 0.034375
0 0.55859375 0.69453125 0.034375 0.021875
0 0.815625 0.72578125 0.03125 0.025
0 0.96875 0.75078125 0.034375 0.0265625
0 0.61171875 0.77890625 0.0390625 0.034375
0 0.81171875 0.76875 0.040625 0.034375
0 0.72578125 0.78046875 0.034375 0.034375
0 0.7078125 0.7 0.034375 0.025
0 0.925 0.6875 0.03125 0.01875
0 0.6921875 0.7375 0.021875 0.0265625
0 0.85390625 0.74453125 0.0375 0.025
0 0.78515625 0.70390625 0.0328125 0.0203125
0 0.95546875 0.7125 0.03125 0.021875
0 0.65390625 0.70703125 0.0375 0.015625
0 0.734375 0.73828125 0.021875 0.028125
0 0.6078125 0.7140625 0.025 0.021875
0 0.58046875 0.74609375 0.021875 0.0296875
0 0.83671875 0.8296875 0.059375 0.034375