4 0.34375 0.3078125 0.259375 0.21875
4 0.1046875 0.13671875 0.159375 0.121875
4 0.19609375 0.2015625 0.203125 0.159375
4 0.659375 0.18046875 0.053125 0.1125
4 0.91484375 0.16875 0.053125 0.115625
4 0.8328125 0.175 0.046875 0.109375
4 0.7515625 0.17578125 0.0546875 0.1125
4 0.5734375 0.19140625 0.0625 0.1171875
4 0.6671875 0.33515625 0.065625 0.1234375
4 0.75546875 0.33515625 0.0546875 0.1125
4 0.578125 0.33359375 0.05 0.1125
4 0.925 0.328125 0.05625 0.1125
4 0.840625 0.33046875 0.053125 0.1234375
5 0.24921875 0.76328125 0.45 0.1453125
3 0.6234375 0.7484375 0.228125 0.1484375
3 0.8671875 0.75 0.246875 0.146875