2 0.25 0.24921875 0.4390625 0.425
1 0.74921875 0.24921875 0.4046875 0.2546875
1 0.0515625 0.7609375 0.08125 0.065625
1 0.4453125 0.7765625 0.0875 0.06875
1 0.3375 0.77421875 0.071875 0.065625
1 0.14453125 0.76484375 0.078125 0.0625
1 0.23984375 0.7703125 0.0796875 0.0625
1 0.1953125 0.7109375 0.0625 0.046875
1 0.3484375 0.71484375 0.059375 0.046875
1 0.2703125 0.71328125 0.0671875 0.0484375
1 0.4234375 0.715625 0.059375 0.05
1 0.115625 0.71171875 0.06875 0.046875
1 0.61796875 0.5703125 0.078125 0.075
1 0.684375 0.70078125 0.0765625 0.103125
1 0.584375 0.8609375 0.08125 0.0953125
1 0.8984375 0.8921875 0.1 0.084375
1 0.53671875 0.7265625 0.065625 0.09375
1 0.8265625 0.734375 0.08125 0.0859375
1 0.95625 0.75703125 0.0828125 0.09375
1 0.7171875 0.9328125 0.1015625 0.090625
1 0.78671875 0.53984375 0.103125 0.053125
1 0.9015625 0.6 0.0875 0.0796875