5 0.25078125 0.2484375 0.4921875 0.45625
5 0.77265625 0.2546875 0.259375 0.13125
1 0.2984375 0.8328125 0.046875 0.0375
1 0.14609375 0.81328125 0.0421875 0.04375
1 0.21640625 0.8265625 0.04375 0.04375
1 0.109375 0.71171875 0.040625 0.028125
1 0.3453125 0.68828125 0.0328125 0.028125
1 0.25390625 0.671875 0.03125 0.028125
1 0.3546875 0.81796875 0.046875 0.04375
1 0.08984375 0.7921875 0.0390625 0.0375
1 0.403125 0.7890625 0.040625 0.0375
1 0.2 0.68125 0.034375 0.0265625
1 0.1546875 0.69375 0.040625 0.025
1 0.30078125 0.67734375 0.0375 0.0265625
1 0.08125 0.75078125 0.04375 0.034375
1 0.40859375 0.740625 0.040625 0.0375
1 0.3921875 0.709375 0.03125 0.0296875
5 0.76484375 0.72890625 0.290625 0.184375