1 0.13515625 0.24375 0.103125 0.165625
1 0.0546875 0.1421875 0.1015625 0.1125
1 0.328125 0.16328125 0.15 0.1375
1 0.3 0.321875 0.1578125 0.1125
1 0.2453125 0.04921875 0.13125 0.090625
1 0.4359375 0.353125 0.1015625 0.10625
1 0.4421875 0.14765625 0.096875 0.10625
1 0.05625 0.35 0.10625 0.1203125
1 0.25859375 0.459375 0.121875 0.078125
3 0.853125 0.246875 0.178125 0.171875
3 0.65546875 0.25703125 0.165625 0.171875
1 0.24921875 0.8125 0.425 0.1265625
1 0.909375 0.6625 0.15 0.134375
1 0.5859375 0.684375 0.1421875 0.140625
1 0.72265625 0.75625 0.0875 0.13125
1 0.93046875 0.878125 0.075 0.125
1 0.8609375 0.86328125 0.078125 0.125
1 0.74609375 0.59765625 0.1625 0.103125
1 0.8 0.75390625 0.071875 0.11875
1 0.57734375 0.8921875 0.10625 0.1203125
1 0.6296875 0.8421875 0.090625 0.1125