2 0.40625 0.184375 0.1 0.090625
2 0.0984375 0.265625 0.090625 0.1234375
2 0.30546875 0.14140625 0.08125 0.11875
2 0.2109375 0.2421875 0.090625 0.103125
2 0.2265625 0.1265625 0.0890625 0.1
2 0.30625 0.2609375 0.1140625 0.121875
2 0.175 0.34765625 0.125 0.0796875
2 0.290625 0.3734375 0.1046875 0.08125
2 0.1359375 0.1671875 0.075 0.115625
2 0.40078125 0.29453125 0.1 0.1125
4 0.88359375 0.18125 0.109375 0.065625
4 0.79609375 0.22109375 0.109375 0.0734375
4 0.57109375 0.20234375 0.109375 0.0625
4 0.57265625 0.2953125 0.1 0.08125
4 0.92890625 0.253125 0.1125 0.075
4 0.67734375 0.16796875 0.096875 0.0578125
4 0.66171875 0.2390625 0.109375 0.065625
4 0.7796875 0.153125 0.1015625 0.053125
4 0.69453125 0.33125 0.125 0.0875
4 0.87890625 0.334375 0.134375 0.09375
5 0.28359375 0.759375 0.21875 0.15
5 0.7640625 0.77578125 0.425 0.2765625