4 0.12734375 0.2734375 0.115625 0.121875
4 0.334375 0.14453125 0.109375 0.1
4 0.25546875 0.3734375 0.096875 0.10625
4 0.378125 0.278125 0.125 0.1125
4 0.17265625 0.13984375 0.109375 0.10625
4 0.73828125 0.25234375 0.31875 0.3046875
0 0.2359375 0.5859375 0.19375 0.159375
0 0.09765625 0.853125 0.1453125 0.24375
0 0.39296875 0.85546875 0.19375 0.23125
0 0.25390625 0.765625 0.2640625 0.1734375
4 0.5875 0.78046875 0.15625 0.084375
4 0.91328125 0.76328125 0.1546875 0.11875
4 0.75 0.76953125 0.1625 0.1015625