1 0.246875 0.24921875 0.2015625 0.428125
5 0.86953125 0.31484375 0.19375 0.115625
5 0.82578125 0.1828125 0.1265625 0.053125
5 0.71484375 0.1765625 0.1171875 0.05
5 0.7890625 0.2734375 0.146875 0.090625
5 0.903125 0.20859375 0.175 0.06875
5 0.66640625 0.26328125 0.115625 0.08125
5 0.63203125 0.2375 0.103125 0.0640625
5 0.55078125 0.23125 0.0796875 0.059375
5 0.59609375 0.1578125 0.084375 0.0375
5 0.678125 0.1609375 0.1 0.040625
1 0.25 0.7546875 0.465625 0.3140625
1 0.73125 0.7484375 0.415625 0.459375