1 0.0890625 0.14453125 0.08125 0.0875
1 0.3546875 0.40859375 0.0859375 0.0859375
1 0.20625 0.059375 0.0921875 0.08125
1 0.43125 0.29375 0.0828125 0.090625
1 0.2390625 0.44453125 0.090625 0.06875
1 0.42734375 0.16484375 0.071875 0.0890625
1 0.32890625 0.065625 0.090625 0.084375
1 0.253125 0.2484375 0.084375 0.0859375
1 0.0671875 0.2828125 0.0828125 0.0921875
1 0.12421875 0.3890625 0.090625 0.090625
4 0.7453125 0.2421875 0.390625 0.2625
5 0.25625 0.66796875 0.175 0.196875
4 0.6390625 0.60703125 0.096875 0.0875
4 0.921875 0.72109375 0.084375 0.0890625
4 0.5921875 0.79453125 0.09375 0.0953125
4 0.81328125 0.57265625 0.0890625 0.0625
4 0.903125 0.8359375 0.0703125 0.075
4 0.73046875 0.9203125 0.06875 0.06875
4 0.7296875 0.559375 0.053125 0.046875
4 0.5671875 0.696875 0.046875 0.05
4 0.753125 0.71484375 0.05 0.046875
4 0.8171875 0.91171875 0.053125 0.053125
4 0.884375 0.61875 0.05 0.053125
4 0.6359375 0.884375 0.0546875 0.04375
4 0.69921875 0.7640625 0.05 0.05
4 0.76953125 0.8 0.05 0.04375