3 0.1671875 0.33828125 0.0953125 0.071875
3 0.38359375 0.25625 0.090625 0.06875
3 0.0765625 0.27578125 0.0875 0.0609375
3 0.3 0.20703125 0.0875 0.0578125
3 0.2671875 0.28359375 0.08125 0.059375
3 0.428125 0.19765625 0.08125 0.05625
3 0.1125 0.19921875 0.065625 0.0515625
3 0.3484375 0.34609375 0.0875 0.0703125
3 0.18984375 0.24296875 0.08125 0.059375
3 0.209375 0.17265625 0.06875 0.0484375
0 0.75078125 0.24921875 0.4375 0.359375
1 0.2625 0.74921875 0.41875 0.1390625
5 0.75546875 0.79296875 0.259375 0.140625
5 0.75546875 0.65625 0.259375 0.03125