1 0.1296875 0.0984375 0.10625 0.084375
1 0.2796875 0.33515625 0.090625 0.1
1 0.05078125 0.2265625 0.075 0.11875
1 0.25703125 0.0359375 0.084375 0.053125
1 0.2515625 0.2234375 0.0625 0.103125
1 0.23515625 0.4546875 0.1078125 0.0703125
1 0.36875 0.24140625 0.05625 0.11875
1 0.36640625 0.403125 0.096875 0.103125
1 0.28828125 0.1359375 0.0875 0.06875
1 0.1625 0.171875 0.075 0.0875
1 0.44453125 0.1796875 0.065625 0.10625
1 0.0984375 0.371875 0.1 0.0953125
1 0.453125 0.29765625 0.065625 0.09375
1 0.15078125 0.2921875 0.084375 0.10625
1 0.37265625 0.07890625 0.075 0.065625
5 0.728125 0.259375 0.159375 0.21875
5 0.25078125 0.76796875 0.48125 0.15625
5 0.7515625 0.75625 0.475 0.25