3 0.1296875 0.29765625 0.225 0.1171875
3 0.37578125 0.30078125 0.234375 0.10625
5 0.7625 0.2515625 0.3703125 0.1859375
2 0.0375 0.8015625 0.05625 0.0625
2 0.321875 0.79921875 0.05625 0.0671875
2 0.46015625 0.80234375 0.053125 0.059375
2 0.17109375 0.7984375 0.05 0.06875
2 0.065625 0.6828125 0.040625 0.0453125
2 0.43984375 0.7375 0.046875 0.05
2 0.046875 0.73046875 0.040625 0.05
2 0.175 0.64765625 0.0328125 0.04375
2 0.18046875 0.6875 0.040625 0.0375
2 0.1796875 0.728125 0.0421875 0.05
2 0.40390625 0.653125 0.0328125 0.0390625
2 0.41796875 0.690625 0.0359375 0.0421875
2 0.31015625 0.7265625 0.046875 0.05
2 0.08046875 0.64609375 0.0421875 0.0390625
2 0.2953125 0.67890625 0.0375 0.0453125
2 0.28984375 0.6453125 0.025 0.040625
1 0.75 0.74921875 0.378125 0.296875