5 0.27109375 0.24375 0.43125 0.471875
5 0.75 0.2421875 0.415625 0.3875
0 0.0875 0.59296875 0.1046875 0.071875
0 0.4046875 0.603125 0.1 0.0515625
0 0.24609375 0.6 0.1 0.0578125
0 0.0890625 0.74375 0.115625 0.0625
0 0.25625 0.74375 0.1 0.0625
0 0.4265625 0.875 0.10625 0.06875
0 0.0671875 0.8765625 0.1 0.065625
0 0.3046875 0.8796875 0.1 0.059375
0 0.1890625 0.88046875 0.1015625 0.059375
0 0.409375 0.7390625 0.096875 0.071875
1 0.56796875 0.765625 0.08125 0.08125
1 0.75703125 0.7671875 0.078125 0.0765625
1 0.93359375 0.76484375 0.078125 0.08125
1 0.6640625 0.76484375 0.0734375 0.078125
1 0.84453125 0.76484375 0.0765625 0.0796875