5 0.2375 0.196875 0.2703125 0.3
5 0.75234375 0.2546875 0.21875 0.190625
4 0.1609375 0.821875 0.0921875 0.075
4 0.3140625 0.815625 0.096875 0.078125
4 0.4109375 0.784375 0.0796875 0.065625
4 0.23359375 0.75546875 0.075 0.0625
4 0.18359375 0.68359375 0.0546875 0.0390625
4 0.075 0.78515625 0.0890625 0.071875
4 0.11171875 0.67890625 0.05 0.0375
4 0.46015625 0.7359375 0.06875 0.059375
4 0.1390625 0.72265625 0.0625 0.0515625
4 0.428125 0.69375 0.0546875 0.0375
4 0.24296875 0.7109375 0.0625 0.04375
4 0.35390625 0.73125 0.065625 0.0515625
4 0.30625 0.6546875 0.04375 0.03125
4 0.240625 0.6546875 0.046875 0.028125
4 0.06171875 0.7078125 0.05625 0.040625
4 0.26875 0.678125 0.05625 0.034375
4 0.040625 0.746875 0.06875 0.0453125
4 0.3671875 0.66875 0.046875 0.03125
4 0.346875 0.6921875 0.05625 0.040625
4 0.17734375 0.66171875 0.040625 0.025
5 0.75625 0.75 0.446875 0.278125