5 0.2515625 0.25625 0.475 0.25
3 0.74296875 0.32578125 0.096875 0.040625
3 0.8875 0.2921875 0.078125 0.0375
3 0.8265625 0.178125 0.053125 0.028125
3 0.74453125 0.1671875 0.053125 0.028125
3 0.58671875 0.21328125 0.05625 0.034375
3 0.9453125 0.23828125 0.053125 0.0375
3 0.61171875 0.29375 0.0765625 0.0375
3 0.8140625 0.23046875 0.053125 0.0375
3 0.659375 0.18359375 0.059375 0.028125
3 0.74375 0.2046875 0.078125 0.0296875
3 0.55 0.2484375 0.046875 0.0375
3 0.9 0.2 0.053125 0.03125
3 0.7015625 0.2671875 0.075 0.03125
3 0.78984375 0.2671875 0.06875 0.034375
3 0.67890625 0.23671875 0.053125 0.034375
2 0.32578125 0.62578125 0.121875 0.096875
2 0.12734375 0.75 0.15 0.084375
2 0.209375 0.62109375 0.115625 0.0875
2 0.31953125 0.80703125 0.1671875 0.096875
2 0.2546875 0.7046875 0.121875 0.09375
2 0.1484375 0.86015625 0.1640625 0.125
2 0.37734375 0.7140625 0.128125 0.103125
2 0.125 0.66328125 0.11875 0.078125
5 0.896875 0.6640625 0.1765625 0.1125