1 0.21484375 0.353125 0.1421875 0.1203125
1 0.38828125 0.32265625 0.115625 0.109375
1 0.06015625 0.25703125 0.10625 0.096875
1 0.321875 0.2171875 0.09375 0.0875
1 0.0921875 0.1578125 0.078125 0.075
1 0.2046875 0.18046875 0.09375 0.075
1 0.1734375 0.1140625 0.08125 0.05625
1 0.44609375 0.22421875 0.090625 0.078125
1 0.2796875 0.1109375 0.0765625 0.053125
1 0.39453125 0.15625 0.0875 0.065625
2 0.7953125 0.309375 0.153125 0.109375
2 0.72578125 0.196875 0.084375 0.0671875
2 0.81640625 0.1640625 0.09375 0.046875
2 0.61796875 0.240625 0.128125 0.078125
2 0.8765625 0.20390625 0.11875 0.059375
2 0.67890625 0.2890625 0.1359375 0.0921875
2 0.61796875 0.184375 0.103125 0.053125
2 0.7921875 0.23125 0.109375 0.071875
2 0.696875 0.15625 0.08125 0.040625
2 0.90390625 0.2765625 0.109375 0.096875
2 0.4203125 0.78671875 0.146875 0.10625
2 0.2546875 0.69921875 0.1046875 0.0875
2 0.1046875 0.70234375 0.14375 0.090625
2 0.23359375 0.79765625 0.0875 0.075
2 0.3765625 0.69375 0.090625 0.065625
2 0.05859375 0.80234375 0.090625 0.075
5 0.80703125 0.70546875 0.0859375 0.19375
5 0.71015625 0.70546875 0.0953125 0.19375
5 0.71015625 0.884375 0.09375 0.053125
5 0.80625 0.884375 0.084375 0.053125