2 0.1578125 0.3203125 0.209375 0.125
2 0.3671875 0.2828125 0.184375 0.1296875
2 0.234375 0.16875 0.1375 0.08125
2 0.11171875 0.22890625 0.13125 0.0921875
2 0.2359375 0.23046875 0.11875 0.103125
2 0.3703125 0.1984375 0.1609375 0.06875
3 0.64921875 0.32890625 0.1296875 0.1296875
3 0.8859375 0.16171875 0.11875 0.11875
3 0.75078125 0.215625 0.128125 0.1296875
3 0.840625 0.3359375 0.1296875 0.128125
3 0.61875 0.1703125 0.121875 0.125
2 0.13203125 0.65390625 0.171875 0.1640625
2 0.37421875 0.84765625 0.1625 0.159375
2 0.36875 0.65625 0.1515625 0.153125
2 0.14609375 0.840625 0.1546875 0.153125
2 0.2609375 0.75390625 0.1375 0.19375
0 0.9046875 0.71875 0.096875 0.06875
0 0.96328125 0.734375 0.0578125 0.0390625
0 0.8734375 0.83125 0.1 0.084375
0 0.840625 0.68828125 0.075 0.0609375
0 0.78046875 0.6703125 0.10625 0.071875
0 0.6609375 0.63828125 0.11875 0.096875
0 0.55078125 0.7453125 0.0796875 0.1109375
0 0.721875 0.77734375 0.109375 0.1046875
0 0.8125 0.8078125 0.075 0.071875
0 0.6703125 0.76171875 0.1125 0.109375
0 0.621875 0.74453125 0.121875 0.109375
0 0.70546875 0.64375 0.0875 0.065625
0 0.92421875 0.85 0.0609375 0.046875
0 0.7625 0.7953125 0.08125 0.084375
0 0.72109375 0.64921875 0.0546875 0.04375