5 0.1859375 0.18125 0.315625 0.209375
5 0.75078125 0.24765625 0.48125 0.1453125
4 0.25234375 0.6578125 0.065625 0.046875
4 0.3 0.70703125 0.08125 0.0625
4 0.18125 0.6984375 0.071875 0.05
4 0.203125 0.76640625 0.096875 0.071875
4 0.39453125 0.68984375 0.075 0.05
4 0.321875 0.775 0.090625 0.065625
4 0.4375 0.7515625 0.1 0.065625
4 0.09765625 0.74375 0.0765625 0.0515625
4 0.18203125 0.8515625 0.090625 0.075
4 0.309375 0.85625 0.10625 0.0875
0 0.88828125 0.7640625 0.153125 0.1859375
0 0.63671875 0.85703125 0.203125 0.1625
0 0.66171875 0.6296875 0.1375 0.1390625