4 0.0859375 0.10078125 0.078125 0.075
4 0.29765625 0.059375 0.0765625 0.071875
4 0.19296875 0.059375 0.065625 0.059375
4 0.4046875 0.0921875 0.0609375 0.0625
4 0.125 0.228125 0.08125 0.071875
4 0.046875 0.325 0.071875 0.08125
4 0.18515625 0.16171875 0.065625 0.065625
4 0.146875 0.31875 0.078125 0.0828125
4 0.3421875 0.4265625 0.075 0.078125
4 0.13984375 0.415625 0.08125 0.065625
4 0.4203125 0.375 0.065625 0.0703125
4 0.43828125 0.17109375 0.078125 0.0671875
4 0.25 0.353125 0.075 0.075
4 0.2421875 0.4546875 0.071875 0.05625
4 0.28359375 0.15078125 0.065625 0.0625
4 0.4703125 0.2625 0.05 0.05625
4 0.346875 0.18125 0.0625 0.040625
4 0.375 0.259375 0.05625 0.053125
4 0.3265625 0.321875 0.0625 0.053125
4 0.028125 0.2078125 0.046875 0.06875
5 0.69609375 0.30625 0.3890625 0.246875
5 0.828125 0.2453125 0.225 0.125
4 0.25390625 0.7515625 0.30625 0.24375
4 0.75 0.75234375 0.2875 0.2171875