3 0.1453125 0.2828125 0.16875 0.109375
3 0.34609375 0.2796875 0.165625 0.0875
3 0.33359375 0.1984375 0.134375 0.0875
3 0.1703125 0.1921875 0.1265625 0.084375
0 0.86171875 0.44375 0.0625 0.046875
0 0.63046875 0.18984375 0.0515625 0.065625
0 0.6296875 0.421875 0.05625 0.05625
0 0.77109375 0.465625 0.05625 0.046875
0 0.70234375 0.11171875 0.0625 0.046875
0 0.8515625 0.36328125 0.053125 0.059375
0 0.7609375 0.3390625 0.071875 0.046875
0 0.784375 0.2421875 0.053125 0.05
0 0.6640625 0.371875 0.046875 0.0453125
0 0.69375 0.459375 0.05625 0.046875
0 0.7046875 0.16796875 0.053125 0.040625
0 0.90390625 0.28359375 0.040625 0.06875
0 0.7546875 0.3953125 0.0515625 0.040625
0 0.8984375 0.08359375 0.046875 0.05
0 0.61015625 0.08125 0.05 0.0453125
0 0.83515625 0.28125 0.0375 0.05
0 0.7875 0.1765625 0.05 0.05
0 0.86171875 0.140625 0.046875 0.046875
0 0.83359375 0.03828125 0.0625 0.034375
0 0.75234375 0.028125 0.05 0.0390625
0 0.575 0.36875 0.0375 0.053125
0 0.94765625 0.14140625 0.034375 0.059375
0 0.67421875 0.0421875 0.05 0.0375
0 0.528125 0.23125 0.04375 0.0640625
0 0.55625 0.146875 0.046875 0.0625
0 0.7875 0.1078125 0.04375 0.040625
0 0.89296875 0.203125 0.046875 0.05
0 0.74609375 0.2828125 0.0578125 0.0296875
0 0.70859375 0.23046875 0.0453125 0.0375
0 0.928125 0.39453125 0.04375 0.0515625
0 0.5421875 0.303125 0.0375 0.05
0 0.6078125 0.284375 0.028125 0.0625
0 0.68046875 0.29375 0.03125 0.053125
0 0.9765625 0.225 0.03125 0.05625
0 0.96875 0.31015625 0.04375 0.0703125
1 0.1515625 0.6125 0.078125 0.090625
1 0.228125 0.9140625 0.0875 0.09375
1 0.28125 0.58828125 0.0765625 0.0921875
1 0.25546875 0.74140625 0.078125 0.078125
1 0.39921875 0.659375 0.0875 0.0828125
1 0.0828125 0.72578125 0.103125 0.0765625
1 0.35 0.8796875 0.09375 0.090625
1 0.428125 0.7796875 0.090625 0.0921875
1 0.109375 0.84140625 0.0890625 0.090625
1 0.5515625 0.7609375 0.08125 0.065625
1 0.9453125 0.7765625 0.0875 0.06875
1 0.8375 0.77421875 0.071875 0.065625
1 0.64453125 0.76484375 0.078125 0.0625
1 0.73984375 0.7703125 0.0796875 0.0625
1 0.6953125 0.7109375 0.0625 0.046875
1 0.8484375 0.71484375 0.059375 0.046875
1 0.7703125 0.71328125 0.0671875 0.0484375
1 0.9234375 0.715625 0.059375 0.05
1 0.615625 0.71171875 0.06875 0.046875