1 0.178125 0.34375 0.096875 0.0765625
1 0.07109375 0.20703125 0.071875 0.075
1 0.33984375 0.35234375 0.09375 0.059375
1 0.34765625 0.1171875 0.0671875 0.03125
1 0.0796875 0.29375 0.075 0.0625
1 0.2671875 0.2625 0.078125 0.0625
1 0.33828125 0.2328125 0.053125 0.05
1 0.18359375 0.23046875 0.059375 0.0625
1 0.42109375 0.29921875 0.059375 0.059375
1 0.24609375 0.10546875 0.0609375 0.028125
1 0.44921875 0.23125 0.05625 0.05
1 0.21875 0.1703125 0.065625 0.040625
1 0.13984375 0.1328125 0.075 0.040625
1 0.41328125 0.16484375 0.046875 0.04375
1 0.2984375 0.1703125 0.06875 0.053125
5 0.6515625 0.3046875 0.1984375 0.20625
5 0.85234375 0.2390625 0.2484375 0.075
5 0.665625 0.2015625 0.125 0.0953125
1 0.36796875 0.7890625 0.2125 0.153125
1 0.11328125 0.6796875 0.171875 0.1171875
1 0.27734375 0.6953125 0.15625 0.125
5 0.753125 0.64375 0.275 0.05625
5 0.75390625 0.79453125 0.271875 0.14375