1 0.140625 0.3203125 0.0640625 0.0546875
1 0.45 0.196875 0.0515625 0.034375
1 0.05625 0.29140625 0.065625 0.053125
1 0.2 0.24140625 0.053125 0.04375
1 0.2140625 0.1140625 0.0375 0.0359375
1 0.36015625 0.33515625 0.0671875 0.0546875
1 0.2578125 0.18125 0.04375 0.0421875
1 0.4109375 0.25390625 0.06875 0.04375
1 0.1078125 0.21796875 0.0546875 0.0375
1 0.24375 0.33984375 0.059375 0.046875
1 0.2875 0.27109375 0.053125 0.046875
1 0.38671875 0.153125 0.046875 0.034375
1 0.334375 0.2046875 0.05625 0.0390625
1 0.30703125 0.1390625 0.0515625 0.034375
1 0.165625 0.16328125 0.0546875 0.0453125
5 0.775 0.24140625 0.2859375 0.2625
5 0.7078125 0.2390625 0.2375 0.259375
5 0.290625 0.74375 0.178125 0.190625
5 0.2171875 0.7703125 0.23125 0.2046875
1 0.70859375 0.8359375 0.14375 0.0984375
1 0.92109375 0.7890625 0.1375 0.0765625
1 0.56328125 0.74140625 0.10625 0.075
1 0.6 0.66484375 0.078125 0.0453125
1 0.70390625 0.73046875 0.109375 0.05625
1 0.8296875 0.65 0.08125 0.04375
1 0.85390625 0.7125 0.103125 0.053125
1 0.7390625 0.6328125 0.0671875 0.034375
1 0.703125 0.66953125 0.0875 0.04375