2 0.396875 0.4171875 0.059375 0.05625
2 0.17265625 0.04140625 0.05625 0.034375
2 0.4609375 0.34140625 0.0421875 0.059375
2 0.05703125 0.36875 0.05625 0.0625
2 0.309375 0.46484375 0.0609375 0.05
2 0.25234375 0.03046875 0.05625 0.0390625
2 0.10546875 0.075 0.05625 0.05
2 0.125 0.4390625 0.053125 0.05
2 0.4515625 0.16953125 0.04375 0.053125
2 0.4765625 0.253125 0.0375 0.059375
2 0.2140625 0.4671875 0.059375 0.040625
2 0.0515625 0.13359375 0.0484375 0.059375
2 0.3296875 0.046875 0.059375 0.04375
2 0.40859375 0.096875 0.059375 0.05
2 0.02421875 0.2078125 0.0375 0.0625
2 0.02421875 0.28515625 0.0375 0.05625
4 0.75 0.24921875 0.3875 0.3875
4 0.25078125 0.7765625 0.4625 0.08125
5 0.7546875 0.76796875 0.434375 0.1328125