1 0.1203125 0.10546875 0.11875 0.096875
1 0.2578125 0.2375 0.121875 0.08125
1 0.1125 0.3734375 0.115625 0.1171875
1 0.40859375 0.371875 0.13125 0.1171875
1 0.38203125 0.1 0.125 0.090625
1 0.24921875 0.04375 0.115625 0.075
1 0.25625 0.4515625 0.14375 0.0890625
1 0.4484375 0.225 0.08125 0.1390625
1 0.03515625 0.23515625 0.065625 0.134375
5 0.734375 0.27421875 0.2375 0.1296875
1 0.26171875 0.88515625 0.140625 0.1625
1 0.31796875 0.603125 0.140625 0.15625
1 0.13125 0.61796875 0.146875 0.15625
1 0.4109375 0.7640625 0.165625 0.146875
1 0.08671875 0.80390625 0.15625 0.115625
0 0.56328125 0.58359375 0.109375 0.059375
0 0.746875 0.68828125 0.1046875 0.0515625
0 0.6328125 0.6859375 0.0796875 0.05625
0 0.87109375 0.69375 0.10625 0.040625
0 0.5453125 0.77734375 0.078125 0.046875
0 0.93671875 0.590625 0.1140625 0.0453125
0 0.81640625 0.58828125 0.115625 0.05
0 0.690625 0.59296875 0.125 0.040625
0 0.5828125 0.85625 0.05625 0.040625
0 0.93125 0.859375 0.053125 0.034375
0 0.95859375 0.7765625 0.078125 0.04375
0 0.58671875 0.925 0.05625 0.0375
0 0.7578125 0.8625 0.053125 0.028125
0 0.6703125 0.8609375 0.053125 0.03125
0 0.83984375 0.86015625 0.0625 0.034375
0 0.846875 0.925 0.0578125 0.0375
0 0.76015625 0.9265625 0.05625 0.034375
0 0.6765625 0.92734375 0.05625 0.03125
0 0.7078125 0.77890625 0.0765625 0.0421875
0 0.92890625 0.921875 0.053125 0.0390625
0 0.875 0.77734375 0.0765625 0.0421875
0 0.62734375 0.78203125 0.071875 0.0359375
0 0.79140625 0.7796875 0.08125 0.0375