3 0.353125 0.246875 0.178125 0.171875
3 0.15546875 0.25703125 0.165625 0.171875
1 0.7421875 0.24765625 0.096875 0.0953125
1 0.67421875 0.10234375 0.090625 0.071875
1 0.915625 0.2171875 0.084375 0.0875
1 0.771875 0.08125 0.0859375 0.078125
1 0.59296875 0.17109375 0.078125 0.075
1 0.86953125 0.12890625 0.08125 0.0875
1 0.5765625 0.2703125 0.075 0.0875
1 0.721875 0.40859375 0.09375 0.08125
1 0.896875 0.321875 0.096875 0.084375
1 0.83828125 0.39375 0.0875 0.08125
1 0.6109375 0.359375 0.078125 0.084375
5 0.3890625 0.765625 0.20625 0.25625
5 0.17578125 0.68828125 0.3375 0.10625
5 0.20234375 0.80546875 0.39375 0.19375
4 0.76953125 0.74921875 0.2953125 0.3046875