2 0.26875 0.24609375 0.059375 0.146875
2 0.45078125 0.2453125 0.05 0.15
2 0.0484375 0.24609375 0.0734375 0.159375
2 0.2015625 0.24375 0.0453125 0.109375
2 0.40859375 0.24453125 0.0421875 0.125
2 0.096875 0.24375 0.046875 0.1125
2 0.37421875 0.2421875 0.028125 0.090625
2 0.13984375 0.23984375 0.034375 0.0796875
2 0.32734375 0.2421875 0.028125 0.0734375
1 0.75 0.2484375 0.44375 0.421875
1 0.1296875 0.5984375 0.10625 0.084375
1 0.2796875 0.83515625 0.090625 0.1
1 0.05078125 0.7265625 0.075 0.11875
1 0.25703125 0.5359375 0.084375 0.053125
1 0.2515625 0.7234375 0.0625 0.103125
1 0.23515625 0.9546875 0.1078125 0.0703125
1 0.36875 0.74140625 0.05625 0.11875
1 0.36640625 0.903125 0.096875 0.103125
1 0.28828125 0.6359375 0.0875 0.06875
1 0.1625 0.671875 0.075 0.0875
1 0.44453125 0.6796875 0.065625 0.10625
1 0.0984375 0.871875 0.1 0.0953125
1 0.453125 0.79765625 0.065625 0.09375
1 0.15078125 0.7921875 0.084375 0.10625
1 0.37265625 0.57890625 0.075 0.065625
5 0.77109375 0.7640625 0.175 0.20625