5 0.20078125 0.15859375 0.090625 0.040625
5 0.29921875 0.15859375 0.090625 0.0390625
5 0.20078125 0.209375 0.090625 0.0375
5 0.29921875 0.209375 0.090625 0.0390625
5 0.2 0.26015625 0.09375 0.0390625
5 0.20078125 0.31171875 0.090625 0.0390625
5 0.2984375 0.31171875 0.090625 0.0390625
5 0.30078125 0.26171875 0.09375 0.0390625
5 0.2015625 0.3625 0.090625 0.040625
5 0.29921875 0.3625 0.090625 0.040625
5 0.0484375 0.20234375 0.04375 0.025
5 0.0484375 0.26875 0.04375 0.021875
5 0.1046875 0.2015625 0.04375 0.0234375
5 0.05 0.30234375 0.04375 0.021875
5 0.1046875 0.26875 0.04375 0.021875
5 0.1046875 0.303125 0.0421875 0.021875
5 0.04921875 0.234375 0.0421875 0.021875
5 0.1046875 0.23515625 0.0421875 0.021875
5 0.4484375 0.20078125 0.0421875 0.021875
5 0.3953125 0.20078125 0.040625 0.021875
5 0.446875 0.30234375 0.040625 0.021875
5 0.4484375 0.26875 0.0421875 0.021875
5 0.4484375 0.234375 0.040625 0.021875
5 0.39453125 0.30234375 0.0375 0.021875
5 0.3953125 0.26796875 0.040625 0.021875
5 0.3953125 0.234375 0.0421875 0.021875
5 0.89375 0.415625 0.178125 0.109375
5 0.9078125 0.20234375 0.153125 0.109375
2 0.19921875 0.84375 0.090625 0.08125
2 0.078125 0.775 0.103125 0.075
2 0.3109375 0.78203125 0.0875 0.0890625
2 0.15859375 0.56953125 0.075 0.05625
2 0.33828125 0.925 0.09375 0.05625
2 0.40625 0.840625 0.096875 0.0515625
2 0.4203125 0.74765625 0.0890625 0.0625
2 0.22578125 0.95 0.0953125 0.08125
2 0.40859375 0.66171875 0.0875 0.065625
2 0.10390625 0.90234375 0.08125 0.0609375
2 0.18125 0.7 0.071875 0.075
2 0.3640625 0.60078125 0.090625 0.071875
2 0.08984375 0.675 0.075 0.09375
2 0.296875 0.55390625 0.06875 0.078125
2 0.25078125 0.63203125 0.078125 0.0671875
4 0.75234375 0.7515625 0.259375 0.221875