4 0.30234375 0.2890625 0.2265625 0.128125
4 0.13828125 0.2078125 0.196875 0.103125
4 0.27265625 0.2265625 0.234375 0.1234375
5 0.7703125 0.2625 0.2625 0.225
5 0.7328125 0.23359375 0.29375 0.1796875
5 0.39375 0.915625 0.178125 0.109375
5 0.4078125 0.70234375 0.153125 0.109375
2 0.578125 0.87890625 0.1125 0.125
2 0.7 0.87734375 0.1 0.1265625
2 0.9203125 0.8796875 0.1125 0.1296875
2 0.86015625 0.72109375 0.0796875 0.1
2 0.84453125 0.5890625 0.071875 0.08125
2 0.8140625 0.87578125 0.08125 0.128125
2 0.653125 0.5890625 0.05625 0.08125
2 0.634375 0.72265625 0.0625 0.0984375
2 0.7796875 0.72109375 0.053125 0.1
2 0.70625 0.721875 0.053125 0.1
2 0.71796875 0.5890625 0.05625 0.0796875
2 0.778125 0.5890625 0.040625 0.0796875