1 0.25 0.1078125 0.14375 0.06875
1 0.06953125 0.16875 0.128125 0.1015625
1 0.4125 0.159375 0.125 0.09375
1 0.309375 0.20625 0.1 0.05625
1 0.1796875 0.2046875 0.1 0.0546875
1 0.24609375 0.26953125 0.078125 0.040625
1 0.4171875 0.3484375 0.05 0.05625
1 0.24296875 0.33828125 0.05625 0.0375
1 0.4140625 0.26171875 0.0609375 0.053125
1 0.0609375 0.3484375 0.0484375 0.0578125
1 0.090625 0.259375 0.0625 0.0578125
1 0.3484375 0.29296875 0.053125 0.040625
1 0.1484375 0.296875 0.059375 0.04375
2 0.86875 0.24609375 0.065625 0.184375
2 0.95859375 0.24453125 0.06875 0.1875
2 0.78515625 0.2453125 0.065625 0.1875
2 0.7078125 0.246875 0.0640625 0.190625
2 0.54609375 0.25078125 0.065625 0.196875
2 0.62265625 0.24609375 0.0671875 0.190625
1 0.25 0.7734375 0.475 0.165625
3 0.76015625 0.75078125 0.403125 0.2625