1 0.065625 0.15625 0.071875 0.075
1 0.16875 0.0671875 0.084375 0.0625
1 0.296875 0.0546875 0.078125 0.0640625
1 0.23046875 0.13046875 0.08125 0.065625
1 0.0453125 0.28515625 0.0609375 0.090625
1 0.4203125 0.12578125 0.0796875 0.065625
1 0.33828125 0.16875 0.078125 0.071875
1 0.25078125 0.24453125 0.078125 0.06875
1 0.134375 0.2078125 0.065625 0.078125
1 0.2671875 0.44375 0.09375 0.0640625
1 0.45 0.2359375 0.06875 0.08125
1 0.40390625 0.36796875 0.0796875 0.084375
1 0.28515625 0.3390625 0.078125 0.0734375
1 0.1625 0.32265625 0.071875 0.084375
1 0.1171875 0.3890625 0.084375 0.071875
1 0.375 0.2671875 0.0578125 0.0703125
5 0.759375 0.30625 0.48125 0.24375
5 0.69296875 0.25078125 0.2546875 0.140625
5 0.2296875 0.7453125 0.26875 0.20625
5 0.740625 0.76875 0.140625 0.184375