5 0.25 0.26640625 0.36875 0.0890625
0 0.771875 0.34609375 0.1 0.071875
0 0.57578125 0.30625 0.1171875 0.096875
0 0.775 0.1515625 0.06875 0.04375
0 0.9390625 0.18671875 0.0640625 0.0390625
0 0.83828125 0.28125 0.1 0.0578125
0 0.96015625 0.17421875 0.046875 0.0328125
0 0.8078125 0.31171875 0.1 0.0625
0 0.865625 0.25 0.096875 0.0484375
0 0.6171875 0.26953125 0.1109375 0.0859375
0 0.6921875 0.2234375 0.1234375 0.0859375
0 0.66171875 0.2453125 0.1265625 0.090625
0 0.74921875 0.1703125 0.059375 0.040625
0 0.92265625 0.21015625 0.0625 0.040625
0 0.7171875 0.1921875 0.075 0.05
0 0.9015625 0.228125 0.065625 0.04375
2 0.25 0.73046875 0.440625 0.240625
2 0.815625 0.69453125 0.2375 0.18125
2 0.6734375 0.7765625 0.2453125 0.2171875