5 0.27109375 0.24375 0.43125 0.471875
1 0.75 0.2453125 0.496875 0.45
3 0.11484375 0.63359375 0.1234375 0.103125
3 0.2265625 0.84453125 0.196875 0.16875
3 0.2640625 0.63203125 0.1265625 0.109375
3 0.35703125 0.7265625 0.159375 0.14375
3 0.1640625 0.7234375 0.1515625 0.11875
0 0.9078125 0.753125 0.18125 0.053125
0 0.6359375 0.63125 0.134375 0.121875
0 0.5734375 0.76953125 0.13125 0.11875
0 0.72734375 0.5875 0.08125 0.175
0 0.89921875 0.853125 0.146875 0.0796875
0 0.76875 0.9109375 0.084375 0.1671875
0 0.6484375 0.8765625 0.075 0.14375
0 0.86171875 0.60625 0.121875 0.14375