0 0.0796875 0.2625 0.146875 0.0578125
0 0.25234375 0.3375 0.109375 0.078125
0 0.12421875 0.13203125 0.096875 0.028125
0 0.4296875 0.253125 0.125 0.0375
0 0.2640625 0.26015625 0.13125 0.0484375
0 0.10546875 0.16796875 0.0984375 0.03125
0 0.4140625 0.2078125 0.1296875 0.04375
0 0.253125 0.20234375 0.115625 0.046875
0 0.1015625 0.215625 0.1109375 0.028125
0 0.24375 0.1671875 0.128125 0.03125
0 0.2453125 0.1328125 0.0875 0.025
0 0.37265625 0.13359375 0.1 0.025
0 0.40703125 0.1703125 0.10625 0.03125
3 0.91640625 0.284375 0.1125 0.05625
3 0.87734375 0.2015625 0.0875 0.040625
3 0.75390625 0.2828125 0.125 0.059375
3 0.771875 0.23515625 0.09375 0.05
3 0.615625 0.24296875 0.10625 0.046875
3 0.88984375 0.2421875 0.0984375 0.040625
3 0.57890625 0.2859375 0.128125 0.053125
5 0.25 0.75390625 0.49375 0.3140625
2 0.87890625 0.7953125 0.128125 0.14375
2 0.6578125 0.85234375 0.1234375 0.115625
2 0.79375 0.63984375 0.1125 0.1015625
2 0.60234375 0.66328125 0.184375 0.1125
2 0.921875 0.66484375 0.1234375 0.0875
2 0.71875 0.7484375 0.096875 0.08125