5 0.25 0.2484375 0.44375 0.39375
4 0.74453125 0.23203125 0.1125 0.1078125
4 0.8609375 0.3015625 0.11875 0.1109375
4 0.62578125 0.30703125 0.1125 0.115625
4 0.634375 0.16953125 0.10625 0.0875
4 0.86015625 0.16875 0.0875 0.096875
0 0.3828125 0.78828125 0.05 0.0296875
0 0.16953125 0.778125 0.0390625 0.0234375
0 0.403125 0.71015625 0.04375 0.021875
0 0.2765625 0.79140625 0.04375 0.04375
0 0.4125 0.82265625 0.05625 0.034375
0 0.18359375 0.8203125 0.046875 0.03125
0 0.14140625 0.7421875 0.0375 0.025
0 0.06953125 0.81171875 0.04375 0.03125
0 0.11953125 0.83203125 0.046875 0.028125
0 0.10703125 0.6703125 0.034375 0.015625
0 0.159375 0.6765625 0.04375 0.01875
0 0.034375 0.77890625 0.034375 0.0375
0 0.409375 0.7484375 0.0421875 0.021875
0 0.3765625 0.6734375 0.040625 0.01875
0 0.31953125 0.68046875 0.0359375 0.0171875
0 0.26796875 0.73828125 0.034375 0.028125
0 0.03046875 0.73203125 0.034375 0.028125
0 0.3484375 0.7015625 0.034375 0.01875
0 0.45625 0.78671875 0.0359375 0.034375
0 0.05859375 0.69453125 0.034375 0.021875
0 0.315625 0.72578125 0.03125 0.025
0 0.46875 0.75078125 0.034375 0.0265625
0 0.11171875 0.77890625 0.0390625 0.034375
0 0.31171875 0.76875 0.040625 0.034375
0 0.22578125 0.78046875 0.034375 0.034375
0 0.2078125 0.7 0.034375 0.025
0 0.425 0.6875 0.03125 0.01875
0 0.1921875 0.7375 0.021875 0.0265625
0 0.35390625 0.74453125 0.0375 0.025
0 0.28515625 0.70390625 0.0328125 0.0203125
0 0.45546875 0.7125 0.03125 0.021875
0 0.15390625 0.70703125 0.0375 0.015625
0 0.234375 0.73828125 0.021875 0.028125
0 0.1078125 0.7140625 0.025 0.021875
0 0.08046875 0.74609375 0.021875 0.0296875
0 0.33671875 0.8296875 0.059375 0.034375
1 0.75 0.7453125 0.496875 0.45