0 0.046875 0.29609375 0.046875 0.040625
0 0.453125 0.29921875 0.046875 0.0375
0 0.134375 0.3 0.059375 0.0375
0 0.10703125 0.2625 0.04375 0.0359375
0 0.21796875 0.3015625 0.046875 0.040625
0 0.2953125 0.2953125 0.04375 0.04375
0 0.21796875 0.1921875 0.034375 0.0234375
0 0.15234375 0.23125 0.0375 0.034375
0 0.28828125 0.190625 0.040625 0.025
0 0.3765625 0.29453125 0.046875 0.040625
0 0.4 0.26171875 0.034375 0.034375
0 0.2640625 0.2515625 0.046875 0.03125
0 0.1859375 0.2125 0.03125 0.021875
0 0.18359375 0.26328125 0.0375 0.03125
0 0.36328125 0.2328125 0.0375 0.028125
0 0.259375 0.2140625 0.03125 0.025
0 0.21796875 0.2359375 0.0359375 0.025
0 0.33203125 0.2640625 0.04375 0.0296875
0 0.33515625 0.209375 0.0296875 0.025
0 0.3046875 0.23046875 0.034375 0.025
5 0.7359375 0.24375 0.4125 0.259375
5 0.25234375 0.74921875 0.096875 0.228125
1 0.75078125 0.5734375 0.10625 0.090625
1 0.9 0.625 0.1 0.090625
1 0.59921875 0.62890625 0.09375 0.084375
1 0.69140625 0.690625 0.09375 0.0875
1 0.56796875 0.7953125 0.096875 0.096875
1 0.87421875 0.89921875 0.103125 0.1
1 0.71640625 0.825 0.090625 0.096875
1 0.8359375 0.746875 0.08125 0.084375
1 0.94140625 0.7828125 0.078125 0.0921875
1 0.6796875 0.921875 0.0875 0.0953125