5 0.2328125 0.24453125 0.446875 0.35
0 0.53515625 0.36875 0.040625 0.09375
0 0.6734375 0.3671875 0.05 0.0875
0 0.60078125 0.3703125 0.05 0.0765625
0 0.73359375 0.36796875 0.0328125 0.096875
0 0.96484375 0.37265625 0.040625 0.090625
0 0.8484375 0.36875 0.0453125 0.08125
0 0.78671875 0.37109375 0.0375 0.0765625
0 0.9109375 0.3703125 0.040625 0.0875
0 0.5359375 0.1609375 0.034375 0.04375
0 0.97109375 0.25546875 0.028125 0.04375
0 0.53125 0.25234375 0.025 0.040625
0 0.56484375 0.25390625 0.0296875 0.04375
0 0.60859375 0.16015625 0.025 0.046875
0 0.64765625 0.1578125 0.021875 0.053125
0 0.66875 0.25390625 0.028125 0.040625
0 0.6 0.253125 0.025 0.040625
0 0.89765625 0.2546875 0.025 0.0390625
0 0.81875 0.2546875 0.025 0.0453125
0 0.57421875 0.1609375 0.021875 0.034375
0 0.9734375 0.1640625 0.025 0.040625
0 0.93359375 0.25703125 0.01875 0.034375
0 0.85625 0.25546875 0.025 0.0359375
0 0.7046875 0.2546875 0.025 0.0375
0 0.91171875 0.1671875 0.021875 0.03125
0 0.63515625 0.2546875 0.025 0.034375
0 0.94375 0.16875 0.0203125 0.03125
0 0.73984375 0.2578125 0.0296875 0.03125
0 0.55234375 0.0890625 0.015625 0.021875
0 0.52890625 0.08671875 0.0171875 0.01875
0 0.96015625 0.0890625 0.0125 0.0203125
0 0.78125 0.16953125 0.0125 0.025
0 0.59453125 0.0859375 0.015625 0.021875
0 0.97890625 0.08828125 0.015625 0.0203125
0 0.57421875 0.0875 0.0140625 0.01875
0 0.65546875 0.0875 0.015625 0.01875
0 0.71015625 0.16875 0.0125 0.025
0 0.615625 0.08828125 0.015625 0.0203125
0 0.809375 0.1734375 0.015625 0.021875
0 0.8359375 0.16875 0.0125 0.0328125
0 0.7234375 0.0890625 0.0125 0.0203125
0 0.86015625 0.16875 0.0125 0.025
0 0.90234375 0.0890625 0.0125 0.01875
0 0.92109375 0.08828125 0.0125 0.021875
0 0.734375 0.16953125 0.0125 0.025
0 0.884375 0.1671875 0.0125 0.03125
0 0.63515625 0.0890625 0.0125 0.01875
0 0.70078125 0.08828125 0.0140625 0.01875
0 0.75546875 0.16875 0.0125 0.025
0 0.77734375 0.0890625 0.0125 0.01875
0 0.6796875 0.08828125 0.009375 0.0203125
0 0.80234375 0.08984375 0.009375 0.021875
0 0.940625 0.08671875 0.009375 0.0171875
0 0.75 0.08984375 0.009375 0.021875
0 0.88203125 0.0890625 0.0125 0.015625
0 0.84375 0.0890625 0.0125 0.015625
0 0.82109375 0.0890625 0.015625 0.015625
0 0.8625 0.08828125 0.009375 0.01875
0 0.67890625 0.165625 0.01875 0.0375
0 0.77890625 0.25625 0.021875 0.0375
5 0.24453125 0.7421875 0.265625 0.228125
4 0.63125 0.74609375 0.221875 0.209375
4 0.884375 0.74375 0.1875 0.209375