3 0.21796875 0.30703125 0.1515625 0.134375
3 0.1140625 0.203125 0.1296875 0.128125
3 0.3796875 0.28125 0.1375 0.11875
3 0.2625 0.16796875 0.1234375 0.1
0 0.86171875 0.44375 0.0625 0.046875
0 0.63046875 0.18984375 0.0515625 0.065625
0 0.6296875 0.421875 0.05625 0.05625
0 0.77109375 0.465625 0.05625 0.046875
0 0.70234375 0.11171875 0.0625 0.046875
0 0.8515625 0.36328125 0.053125 0.059375
0 0.7609375 0.3390625 0.071875 0.046875
0 0.784375 0.2421875 0.053125 0.05
0 0.6640625 0.371875 0.046875 0.0453125
0 0.69375 0.459375 0.05625 0.046875
0 0.7046875 0.16796875 0.053125 0.040625
0 0.90390625 0.28359375 0.040625 0.06875
0 0.7546875 0.3953125 0.0515625 0.040625
0 0.8984375 0.08359375 0.046875 0.05
0 0.61015625 0.08125 0.05 0.0453125
0 0.83515625 0.28125 0.0375 0.05
0 0.7875 0.1765625 0.05 0.05
0 0.86171875 0.140625 0.046875 0.046875
0 0.83359375 0.03828125 0.0625 0.034375
0 0.75234375 0.028125 0.05 0.0390625
0 0.575 0.36875 0.0375 0.053125
0 0.94765625 0.14140625 0.034375 0.059375
0 0.67421875 0.0421875 0.05 0.0375
0 0.528125 0.23125 0.04375 0.0640625
0 0.55625 0.146875 0.046875 0.0625
0 0.7875 0.1078125 0.04375 0.040625
0 0.89296875 0.203125 0.046875 0.05
0 0.74609375 0.2828125 0.0578125 0.0296875
0 0.70859375 0.23046875 0.0453125 0.0375
0 0.928125 0.39453125 0.04375 0.0515625
0 0.5421875 0.303125 0.0375 0.05
0 0.6078125 0.284375 0.028125 0.0625
0 0.68046875 0.29375 0.03125 0.053125
0 0.9765625 0.225 0.03125 0.05625
0 0.96875 0.31015625 0.04375 0.0703125
4 0.24453125 0.74921875 0.0421875 0.078125
4 0.3078125 0.63984375 0.040625 0.08125
4 0.25 0.85546875 0.0375 0.075
4 0.31484375 0.85546875 0.0390625 0.0796875
4 0.18046875 0.64453125 0.0375 0.084375
4 0.36875 0.64140625 0.046875 0.08125
4 0.18828125 0.86171875 0.0359375 0.08125
4 0.31015625 0.753125 0.0375 0.08125
4 0.24453125 0.640625 0.0375 0.090625
4 0.1921875 0.7546875 0.040625 0.084375
4 0.384375 0.853125 0.040625 0.0765625
4 0.375 0.7515625 0.0421875 0.08125
4 0.1296875 0.86328125 0.040625 0.0875
4 0.12578125 0.753125 0.034375 0.08125
4 0.121875 0.65 0.0328125 0.08125
4 0.96796875 0.72734375 0.05625 0.05
4 0.85859375 0.86484375 0.084375 0.05625
4 0.66015625 0.65390625 0.0625 0.0359375
4 0.6484375 0.8640625 0.096875 0.053125
4 0.54296875 0.7375 0.053125 0.0453125
4 0.84375 0.646875 0.059375 0.034375
4 0.825 0.796875 0.053125 0.04375
4 0.7015625 0.790625 0.059375 0.04375
4 0.87734375 0.734375 0.040625 0.034375
4 0.68203125 0.69296875 0.046875 0.03125
4 0.63984375 0.7484375 0.0375 0.040625
4 0.8421875 0.68359375 0.053125 0.03125
4 0.72890625 0.70390625 0.0375 0.0265625
4 0.7515625 0.765625 0.04375 0.0234375
4 0.809375 0.7359375 0.03125 0.028125
4 0.7875 0.7015625 0.0375 0.021875
4 0.696875 0.74296875 0.025 0.0296875