4 0.375 0.28125 0.2265625 0.146875
4 0.12578125 0.265625 0.228125 0.13125
2 0.60703125 0.32109375 0.1875 0.190625
2 0.9109375 0.16953125 0.1484375 0.1203125
2 0.73359375 0.2578125 0.1875 0.1625
2 0.821875 0.2125 0.1625 0.1375
1 0.171875 0.7984375 0.103125 0.05
1 0.34453125 0.79609375 0.0796875 0.053125
1 0.434375 0.78125 0.065625 0.046875
1 0.0796875 0.775 0.071875 0.0484375
1 0.2828125 0.75 0.040625 0.0328125
1 0.20703125 0.75078125 0.04375 0.028125
1 0.1375 0.75625 0.0515625 0.025
1 0.35703125 0.75625 0.046875 0.03125
1 0.3953125 0.76328125 0.034375 0.040625
1 0.0828125 0.76484375 0.0546875 0.028125
2 0.675 0.82421875 0.2 0.18125
2 0.90390625 0.81953125 0.121875 0.1671875
2 0.590625 0.66171875 0.15 0.13125
2 0.93046875 0.65390625 0.1 0.11875
2 0.76484375 0.6578125 0.1234375 0.1375