5 0.2625 0.23046875 0.428125 0.2953125
4 0.56875 0.24375 0.109375 0.0875
4 0.9140625 0.32890625 0.0765625 0.0609375
4 0.69609375 0.26328125 0.096875 0.075
4 0.7921875 0.296875 0.078125 0.065625
4 0.70703125 0.15859375 0.084375 0.053125
4 0.63984375 0.19609375 0.0921875 0.0625
4 0.76484375 0.2078125 0.078125 0.0671875
4 0.80859375 0.1734375 0.0640625 0.0484375
4 0.8359375 0.25 0.065625 0.05
4 0.9359375 0.26015625 0.0734375 0.05625
4 0.96484375 0.18984375 0.05625 0.040625
4 0.95 0.22421875 0.0625 0.046875
4 0.865625 0.2140625 0.053125 0.046875
4 0.8796875 0.1890625 0.0484375 0.0375
3 0.15703125 0.69375 0.1859375 0.1296875
3 0.328125 0.80546875 0.2125 0.15625
2 0.6796875 0.8203125 0.2375 0.109375
2 0.80234375 0.6859375 0.1625 0.075
2 0.65234375 0.76015625 0.225 0.10625
2 0.86484375 0.76953125 0.178125 0.15625
2 0.6546875 0.68515625 0.096875 0.059375