5 0.25078125 0.265625 0.465625 0.384375
2 0.93671875 0.2484375 0.0734375 0.171875
2 0.5734375 0.24921875 0.096875 0.171875
2 0.6984375 0.2484375 0.0984375 0.171875
2 0.8234375 0.2484375 0.0953125 0.171875
2 0.32109375 0.73984375 0.315625 0.1625
2 0.16328125 0.76015625 0.2703125 0.15
3 0.67578125 0.82734375 0.109375 0.0765625
3 0.68125 0.734375 0.084375 0.053125
3 0.5796875 0.77578125 0.096875 0.0609375
3 0.7921875 0.74921875 0.1046875 0.065625
3 0.8875 0.7078125 0.08125 0.0515625
3 0.60078125 0.70390625 0.08125 0.05
3 0.7125 0.6734375 0.075 0.046875
3 0.80546875 0.671875 0.06875 0.04375
3 0.925 0.771875 0.090625 0.059375
3 0.83125 0.8328125 0.109375 0.075