3 0.096875 0.13203125 0.128125 0.1125
3 0.3828125 0.13359375 0.134375 0.128125
3 0.3375 0.4078125 0.125 0.13125
3 0.17265625 0.4125 0.1296875 0.1125
3 0.2359375 0.06171875 0.1359375 0.115625
3 0.44140625 0.275 0.103125 0.128125
3 0.06953125 0.2890625 0.096875 0.146875
3 0.3390625 0.4171875 0.0375 0.0375
3 0.1703125 0.4171875 0.0421875 0.0234375
1 0.75 0.3 0.4078125 0.103125
4 0.24609375 0.7578125 0.3484375 0.23125
4 0.7484375 0.709375 0.1578125 0.090625
4 0.74296875 0.81171875 0.159375 0.06875
4 0.584375 0.7109375 0.1125 0.0546875
4 0.91171875 0.69375 0.1109375 0.05625
4 0.76171875 0.62890625 0.1046875 0.04375