5 0.12421875 0.25390625 0.175 0.15
5 0.39296875 0.28203125 0.121875 0.109375
5 0.25703125 0.253125 0.2203125 0.19375
5 0.7515625 0.18125 0.3171875 0.309375
1 0.08984375 0.63203125 0.15 0.084375
1 0.25234375 0.5625 0.14375 0.0625
1 0.41875 0.63203125 0.15 0.0828125
1 0.1921875 0.6828125 0.096875 0.071875
1 0.3171875 0.684375 0.084375 0.0765625
1 0.3796875 0.7703125 0.06875 0.05
1 0.26015625 0.7390625 0.06875 0.040625
1 0.125 0.7734375 0.071875 0.046875
1 0.15546875 0.8296875 0.053125 0.034375
1 0.06796875 0.86953125 0.0515625 0.0390625
1 0.35625 0.83203125 0.05625 0.034375
1 0.2609375 0.8109375 0.05625 0.028125
1 0.44609375 0.865625 0.053125 0.0375
1 0.1890625 0.87890625 0.034375 0.0234375
1 0.09453125 0.91796875 0.0328125 0.028125
1 0.38046875 0.90078125 0.0328125 0.0265625
1 0.140625 0.8921875 0.034375 0.025
1 0.2890625 0.87578125 0.03125 0.01875
1 0.3359375 0.8859375 0.0328125 0.01875
1 0.23984375 0.8734375 0.0328125 0.01875
1 0.42421875 0.921875 0.03125 0.025
1 0.17265625 0.9171875 0.0265625 0.01875
1 0.303125 0.9109375 0.028125 0.015625
1 0.3515625 0.92421875 0.028125 0.01875
1 0.25703125 0.90234375 0.0265625 0.015625
1 0.12890625 0.93515625 0.0265625 0.0234375
1 0.21796875 0.90625 0.0234375 0.0125
1 0.3890625 0.9453125 0.0265625 0.0203125
5 0.75625 0.72421875 0.465625 0.3078125