2 0.31171875 0.31875 0.1921875 0.096875
2 0.1046875 0.26953125 0.115625 0.08125
2 0.390625 0.23359375 0.103125 0.06875
2 0.22265625 0.203125 0.140625 0.05625
2 0.26640625 0.25234375 0.1546875 0.0875
1 0.6234375 0.20078125 0.171875 0.203125
1 0.7734375 0.375 0.20625 0.1375
1 0.8515625 0.16875 0.190625 0.2
3 0.24609375 0.75625 0.134375 0.1234375
3 0.3875 0.725 0.11875 0.0921875
3 0.259375 0.6546875 0.09375 0.084375
3 0.121875 0.80390625 0.11875 0.11875
3 0.12578125 0.6921875 0.10625 0.096875
3 0.6796875 0.6921875 0.125 0.096875
3 0.74765625 0.79765625 0.13125 0.1
3 0.89140625 0.803125 0.115625 0.090625
3 0.815625 0.6953125 0.11875 0.09375
3 0.603125 0.80546875 0.103125 0.090625