2 0.16953125 0.23203125 0.109375 0.10625
2 0.29765625 0.23203125 0.109375 0.10625
2 0.059375 0.23203125 0.1 0.10625
2 0.415625 0.23203125 0.13125 0.10625
1 0.63984375 0.27578125 0.240625 0.2
1 0.878125 0.23671875 0.20625 0.134375
5 0.234375 0.77578125 0.371875 0.1484375
5 0.31171875 0.734375 0.1953125 0.090625
2 0.8875 0.58125 0.071875 0.13125
2 0.68125 0.58125 0.0625 0.13125
2 0.58125 0.58125 0.053125 0.13125
2 0.84375 0.74921875 0.065625 0.134375
2 0.784375 0.58125 0.04375 0.13125
2 0.8828125 0.90703125 0.0765625 0.134375
2 0.5953125 0.90703125 0.078125 0.134375
2 0.6375 0.74921875 0.05 0.1359375
2 0.70546875 0.74921875 0.05 0.134375
2 0.76953125 0.74921875 0.046875 0.134375
2 0.7015625 0.9078125 0.0734375 0.134375
2 0.7921875 0.9078125 0.05625 0.134375