1 0.06796875 0.265625 0.08125 0.08125
1 0.25703125 0.2671875 0.078125 0.0765625
1 0.43359375 0.26484375 0.078125 0.08125
1 0.1640625 0.26484375 0.0734375 0.078125
1 0.34453125 0.26484375 0.0765625 0.0796875
2 0.7890625 0.3640625 0.1453125 0.171875
2 0.590625 0.2578125 0.153125 0.109375
2 0.9171875 0.2765625 0.1375 0.125
2 0.86953125 0.1109375 0.08125 0.11875
2 0.70546875 0.13125 0.159375 0.1578125
4 0.44921875 0.7484375 0.078125 0.071875
4 0.3625 0.75078125 0.075 0.065625
4 0.278125 0.7546875 0.071875 0.059375
4 0.1921875 0.75625 0.071875 0.05625
4 0.03515625 0.765625 0.053125 0.034375
4 0.10703125 0.759375 0.075 0.05
3 0.7421875 0.74921875 0.240625 0.246875