5 0.26796875 0.24140625 0.371875 0.259375
3 0.74296875 0.32578125 0.096875 0.040625
3 0.8875 0.2921875 0.078125 0.0375
3 0.8265625 0.178125 0.053125 0.028125
3 0.74453125 0.1671875 0.053125 0.028125
3 0.58671875 0.21328125 0.05625 0.034375
3 0.9453125 0.23828125 0.053125 0.0375
3 0.61171875 0.29375 0.0765625 0.0375
3 0.8140625 0.23046875 0.053125 0.0375
3 0.659375 0.18359375 0.059375 0.028125
3 0.74375 0.2046875 0.078125 0.0296875
3 0.55 0.2484375 0.046875 0.0375
3 0.9 0.2 0.053125 0.03125
3 0.7015625 0.2671875 0.075 0.03125
3 0.78984375 0.2671875 0.06875 0.034375
3 0.67890625 0.23671875 0.053125 0.034375
5 0.18125 0.7359375 0.24375 0.2
5 0.33359375 0.75703125 0.253125 0.2125
5 0.7515625 0.75703125 0.465625 0.16875