0 0.2578125 0.35859375 0.0625 0.01875
0 0.18828125 0.3265625 0.084375 0.0265625
0 0.1625 0.35390625 0.053125 0.021875
0 0.08203125 0.334375 0.04375 0.025
0 0.3 0.3296875 0.0625 0.028125
0 0.109375 0.3 0.05 0.03125
0 0.34375 0.35234375 0.05 0.021875
0 0.20625 0.2984375 0.09375 0.03125
0 0.309375 0.29921875 0.0734375 0.03125
0 0.0421875 0.303125 0.03125 0.025
0 0.40546875 0.33515625 0.0390625 0.021875
0 0.13125 0.26640625 0.04375 0.0390625
0 0.0734375 0.26875 0.034375 0.028125
0 0.3765625 0.3046875 0.0375 0.025
0 0.278125 0.27734375 0.05625 0.0234375
0 0.07734375 0.23828125 0.028125 0.025
0 0.1921875 0.225 0.0625 0.025
0 0.41953125 0.2796875 0.0359375 0.0296875
0 0.45078125 0.3171875 0.028125 0.0203125
0 0.13125 0.228125 0.0453125 0.0296875
0 0.0296875 0.23671875 0.0265625 0.015625
0 0.02421875 0.26640625 0.0203125 0.01875
0 0.4734375 0.29609375 0.025 0.01875
0 0.34609375 0.22421875 0.05 0.028125
0 0.328125 0.2578125 0.034375 0.0390625
0 0.225 0.25 0.0421875 0.03125
0 0.3671875 0.26484375 0.034375 0.0375
0 0.453125 0.2390625 0.0265625 0.021875
0 0.275 0.23359375 0.0546875 0.0203125
0 0.41484375 0.2515625 0.0328125 0.0265625
0 0.1640625 0.24921875 0.0296875 0.025
0 0.30078125 0.22265625 0.04375 0.028125
0 0.19765625 0.20078125 0.075 0.01875
0 0.11328125 0.21015625 0.040625 0.0234375
0 0.053125 0.21640625 0.0296875 0.015625
0 0.41875 0.2171875 0.028125 0.0125
0 0.2859375 0.2015625 0.065625 0.01875
0 0.07421875 0.20078125 0.034375 0.0125
0 0.37890625 0.221875 0.0359375 0.0234375
0 0.38671875 0.19609375 0.034375 0.015625
0 0.47734375 0.26953125 0.01875 0.021875
0 0.20625 0.2671875 0.0375 0.015625
0 0.26328125 0.2671875 0.04375 0.015625
0 0.1703125 0.271875 0.0234375 0.025
0 0.1171875 0.1890625 0.034375 0.0125
0 0.30546875 0.18828125 0.0515625 0.01875
0 0.165625 0.1921875 0.0390625 0.01875
0 0.22734375 0.18515625 0.046875 0.015625
0 0.24765625 0.21015625 0.046875 0.015625
0 0.20078125 0.2421875 0.0265625 0.0171875
0 0.26328125 0.24609375 0.01875 0.01875
0 0.340625 0.18359375 0.03125 0.0109375
0 0.2125 0.28359375 0.05 0.015625
0 0.29140625 0.25390625 0.0125 0.01875
0 0.196875 0.17109375 0.0296875 0.0109375
0 0.2484375 0.171875 0.0359375 0.009375
0 0.16328125 0.1765625 0.0375 0.009375
0 0.29375 0.17578125 0.03125 0.00625
3 0.76015625 0.25078125 0.403125 0.2625
3 0.175 0.75234375 0.196875 0.134375
4 0.884375 0.79609375 0.103125 0.084375
4 0.7484375 0.82734375 0.0984375 0.071875
4 0.615625 0.7125 0.0875 0.065625
4 0.61875 0.79609375 0.1015625 0.06875
4 0.74453125 0.72265625 0.109375 0.065625
4 0.81640625 0.65 0.08125 0.0625
4 0.68359375 0.65546875 0.0703125 0.0546875
4 0.8828125 0.71015625 0.090625 0.071875