2 0.0953125 0.321875 0.16875 0.1578125
2 0.3078125 0.23359375 0.1765625 0.1359375
2 0.2 0.2765625 0.1890625 0.153125
2 0.4015625 0.1953125 0.1734375 0.121875
1 0.8328125 0.24765625 0.3109375 0.2859375
1 0.6546875 0.24921875 0.2375 0.2625
2 0.3484375 0.73671875 0.21875 0.125
2 0.30234375 0.85859375 0.1734375 0.1375
2 0.11484375 0.7515625 0.14375 0.090625
2 0.21875 0.69375 0.1203125 0.084375
2 0.1890625 0.81015625 0.215625 0.140625
1 0.640625 0.8203125 0.0640625 0.0546875
1 0.95 0.696875 0.0515625 0.034375
1 0.55625 0.79140625 0.065625 0.053125
1 0.7 0.74140625 0.053125 0.04375
1 0.7140625 0.6140625 0.0375 0.0359375
1 0.86015625 0.83515625 0.0671875 0.0546875
1 0.7578125 0.68125 0.04375 0.0421875
1 0.9109375 0.75390625 0.06875 0.04375
1 0.6078125 0.71796875 0.0546875 0.0375
1 0.74375 0.83984375 0.059375 0.046875
1 0.7875 0.77109375 0.053125 0.046875
1 0.88671875 0.653125 0.046875 0.034375
1 0.834375 0.7046875 0.05625 0.0390625
1 0.80703125 0.6390625 0.0515625 0.034375
1 0.665625 0.66328125 0.0546875 0.0453125