5 0.23046875 0.26875 0.253125 0.159375
1 0.61875 0.31953125 0.196875 0.159375
1 0.871875 0.1625 0.209375 0.1625
1 0.7609375 0.2390625 0.196875 0.15625
3 0.36484375 0.80546875 0.1453125 0.103125
3 0.24453125 0.73359375 0.13125 0.096875
3 0.34140625 0.665625 0.13125 0.084375
3 0.134375 0.675 0.1125 0.090625
3 0.13046875 0.82734375 0.13125 0.1140625
3 0.859375 0.75859375 0.15 0.115625
3 0.7765625 0.865625 0.1484375 0.1171875
3 0.71875 0.68515625 0.121875 0.109375
3 0.62890625 0.79921875 0.121875 0.115625