1 0.0953125 0.08671875 0.1625 0.165625
1 0.25390625 0.1125 0.175 0.146875
1 0.3203125 0.2375 0.121875 0.1109375
1 0.409375 0.1015625 0.1578125 0.15625
1 0.18515625 0.240625 0.13125 0.11875
1 0.4109375 0.30703125 0.0875 0.0875
1 0.1046875 0.321875 0.0875 0.0890625
1 0.25703125 0.3515625 0.078125 0.075
1 0.25703125 0.45625 0.053125 0.05
1 0.34296875 0.46328125 0.05625 0.05625
1 0.1640625 0.46015625 0.05625 0.05625
1 0.30625 0.42578125 0.046875 0.046875
1 0.2015625 0.425 0.046875 0.046875
3 0.746875 0.24921875 0.2578125 0.25
4 0.25390625 0.74921875 0.275 0.165625
3 0.878125 0.75625 0.128125 0.1109375
3 0.74140625 0.81640625 0.115625 0.11875
3 0.834375 0.653125 0.1125 0.0875
3 0.7375 0.7 0.128125 0.103125
3 0.60234375 0.7421875 0.1125 0.090625