1 0.31875 0.3046875 0.1125 0.096875
1 0.14921875 0.30703125 0.103125 0.103125
1 0.05234375 0.25 0.09375 0.0765625
1 0.25625 0.22734375 0.075 0.0625
1 0.440625 0.2609375 0.1078125 0.071875
1 0.14453125 0.1984375 0.065625 0.0609375
1 0.22734375 0.16875 0.065625 0.0453125
1 0.39921875 0.20234375 0.078125 0.053125
1 0.3359375 0.1640625 0.0625 0.046875
5 0.75390625 0.26015625 0.365625 0.196875
4 0.12890625 0.6625 0.1609375 0.0921875
4 0.346875 0.6625 0.14375 0.0859375
4 0.24453125 0.73984375 0.1359375 0.1109375
4 0.390625 0.828125 0.165625 0.1109375
4 0.1 0.81875 0.1453125 0.1171875
3 0.7453125 0.75234375 0.25 0.2296875