2 0.37890625 0.2953125 0.128125 0.14375
2 0.1578125 0.35234375 0.1234375 0.115625
2 0.29375 0.13984375 0.1125 0.1015625
2 0.10234375 0.16328125 0.184375 0.1125
2 0.421875 0.16484375 0.1234375 0.0875
2 0.21875 0.2484375 0.096875 0.08125
2 0.71796875 0.31015625 0.1984375 0.1328125
2 0.89296875 0.21640625 0.125 0.0890625
2 0.609375 0.21796875 0.1046875 0.096875
2 0.76875 0.1546875 0.1203125 0.05
2 0.7515625 0.21015625 0.15625 0.084375
5 0.4046875 0.67265625 0.15 0.1
3 0.69921875 0.79609375 0.14375 0.0796875
3 0.85625 0.734375 0.184375 0.09375
3 0.721875 0.69375 0.115625 0.06875
3 0.6078125 0.74140625 0.11875 0.0625