2 0.25 0.2421875 0.2796875 0.340625
2 0.68203125 0.24375 0.275 0.1484375
2 0.8796875 0.2296875 0.178125 0.140625
2 0.065625 0.83046875 0.075 0.125
2 0.3796875 0.83203125 0.059375 0.1203125
2 0.43828125 0.83125 0.065625 0.125
2 0.11015625 0.63515625 0.0375 0.0625
2 0.06796875 0.63515625 0.0265625 0.065625
2 0.2 0.6359375 0.028125 0.0625
2 0.15390625 0.63828125 0.03125 0.059375
2 0.45 0.6484375 0.0203125 0.040625
2 0.4234375 0.646875 0.0203125 0.040625
2 0.3921875 0.64609375 0.01875 0.040625
2 0.33671875 0.7125 0.015625 0.034375
2 0.36171875 0.64609375 0.01875 0.040625
2 0.3328125 0.64453125 0.01875 0.040625
2 0.06640625 0.71328125 0.021875 0.034375
2 0.1 0.7125 0.0171875 0.034375
2 0.365625 0.7140625 0.015625 0.034375
2 0.1390625 0.7140625 0.01875 0.034375
2 0.2328125 0.646875 0.01875 0.0375
2 0.30234375 0.6453125 0.01875 0.0390625
2 0.209375 0.7140625 0.0140625 0.034375
2 0.1625 0.784375 0.015625 0.028125
2 0.1734375 0.71484375 0.01875 0.034375
2 0.2765625 0.71484375 0.01875 0.0328125
2 0.3953125 0.7140625 0.0203125 0.034375
2 0.30859375 0.71328125 0.0171875 0.034375
2 0.31796875 0.78125 0.015625 0.03125
2 0.28515625 0.7828125 0.015625 0.0296875
2 0.259375 0.83046875 0.01875 0.028125
2 0.29375 0.82890625 0.0125 0.028125
2 0.26953125 0.646875 0.01875 0.0375
2 0.2859375 0.878125 0.0171875 0.028125
2 0.125 0.78359375 0.0171875 0.028125
2 0.2234375 0.7828125 0.0125 0.028125
2 0.21875 0.8296875 0.0125 0.028125
2 0.240625 0.8796875 0.015625 0.028125
2 0.32109375 0.8796875 0.01875 0.028125
2 0.15703125 0.8796875 0.015625 0.0296875
2 0.42578125 0.71484375 0.015625 0.03125
2 0.19375 0.7828125 0.0140625 0.028125
2 0.32578125 0.8296875 0.015625 0.0265625
2 0.24140625 0.71484375 0.01875 0.034375
2 0.19375 0.88046875 0.01875 0.028125
2 0.25234375 0.7828125 0.015625 0.028125
2 0.140625 0.83125 0.015625 0.0265625
2 0.10703125 0.8296875 0.021875 0.03125
2 0.1265625 0.8796875 0.0125 0.03125
2 0.178125 0.8296875 0.015625 0.03125
5 0.75234375 0.74453125 0.215625 0.20625