4 0.2453125 0.253125 0.440625 0.4625
2 0.77578125 0.2546875 0.0625 0.11875
2 0.553125 0.25234375 0.0765625 0.1375
2 0.70390625 0.2515625 0.046875 0.090625
2 0.95234375 0.246875 0.053125 0.11875
2 0.60390625 0.25 0.0515625 0.09375
2 0.91484375 0.25078125 0.040625 0.1
2 0.8296875 0.24140625 0.03125 0.059375
2 0.64375 0.24765625 0.03125 0.06875
2 0.87734375 0.2453125 0.0375 0.06875
1 0.38515625 0.77890625 0.2078125 0.1390625
1 0.11015625 0.775 0.196875 0.146875
1 0.2484375 0.646875 0.1625 0.090625
4 0.75078125 0.746875 0.475 0.2625