1 0.25 0.24921875 0.446875 0.384375
0 0.7484375 0.24140625 0.49375 0.1921875
1 0.25 0.74921875 0.45 0.21875
2 0.75234375 0.8359375 0.1234375 0.0671875
2 0.7421875 0.74609375 0.08125 0.0421875
2 0.92734375 0.8234375 0.09375 0.06875
2 0.85546875 0.753125 0.0703125 0.04375
2 0.940625 0.7796875 0.06875 0.05
2 0.6484375 0.759375 0.05625 0.0390625
2 0.56171875 0.78046875 0.0703125 0.04375
2 0.85703125 0.79609375 0.04375 0.03125
2 0.66875 0.79375 0.053125 0.0375
2 0.82265625 0.77890625 0.05 0.025
2 0.775 0.803125 0.0609375 0.0421875
2 0.58359375 0.81640625 0.1 0.0625
2 0.68203125 0.77578125 0.05 0.03125
2 0.80234375 0.79140625 0.028125 0.0265625
2 0.74765625 0.7703125 0.053125 0.01875
2 0.73671875 0.7921875 0.04375 0.0265625
2 0.7453125 0.78203125 0.0375 0.01875