2 0.44375 0.153125 0.065625 0.078125
2 0.3265625 0.03125 0.0859375 0.0453125
2 0.09453125 0.40078125 0.071875 0.071875
2 0.06875 0.134375 0.065625 0.075
2 0.2421875 0.46953125 0.1 0.046875
2 0.2015625 0.21875 0.0609375 0.075
2 0.4671875 0.30234375 0.046875 0.096875
2 0.18515625 0.0359375 0.075 0.053125
2 0.3875 0.42421875 0.0828125 0.05625
2 0.26171875 0.30625 0.08125 0.059375
2 0.3171875 0.21171875 0.078125 0.071875
2 0.03359375 0.2734375 0.05 0.08125
2 0.6234375 0.271875 0.221875 0.146875
2 0.85 0.15625 0.171875 0.121875
2 0.79296875 0.35546875 0.121875 0.096875
2 0.934375 0.275 0.1 0.09375
2 0.7390625 0.203125 0.146875 0.1078125
2 0.8546875 0.30859375 0.0625 0.0578125
5 0.25 0.76640625 0.36875 0.0890625
1 0.75 0.76015625 0.375 0.375