2 0.2609375 0.1671875 0.128125 0.19375
2 0.4140625 0.15703125 0.096875 0.146875
2 0.428125 0.34453125 0.128125 0.159375
2 0.0875 0.16953125 0.1640625 0.196875
2 0.24609375 0.3640625 0.0828125 0.10625
2 0.08125 0.3703125 0.0625 0.10625
1 0.7609375 0.240625 0.421875 0.3203125
5 0.23671875 0.77265625 0.21875 0.1140625
0 0.55390625 0.83515625 0.040625 0.203125
0 0.87109375 0.634375 0.04375 0.1
0 0.9453125 0.83671875 0.0375 0.1265625
0 0.93671875 0.6359375 0.03125 0.078125
0 0.80703125 0.634375 0.0421875 0.096875
0 0.8296875 0.8390625 0.0546875 0.125
0 0.57265625 0.63828125 0.0359375 0.1234375
0 0.746875 0.63359375 0.034375 0.09375
0 0.8875 0.83671875 0.040625 0.1265625
0 0.6890625 0.634375 0.0296875 0.10625
0 0.6703125 0.8328125 0.05625 0.184375
0 0.61328125 0.83359375 0.034375 0.20625
0 0.72578125 0.834375 0.059375 0.178125
0 0.63203125 0.6421875 0.028125 0.121875
0 0.76953125 0.8390625 0.0328125 0.134375