1 0.23359375 0.09921875 0.165625 0.096875
1 0.3875 0.2328125 0.11875 0.13125
1 0.3375 0.3875 0.09375 0.096875
1 0.090625 0.25390625 0.078125 0.1375
1 0.1828125 0.39921875 0.096875 0.084375
3 0.74609375 0.25625 0.134375 0.1234375
3 0.8875 0.225 0.11875 0.0921875
3 0.759375 0.1546875 0.09375 0.084375
3 0.621875 0.30390625 0.11875 0.11875
3 0.62578125 0.1921875 0.10625 0.096875
0 0.396875 0.853125 0.1375 0.1203125
2 0.30234375 0.73515625 0.159375 0.1125
3 0.0796875 0.72890625 0.1359375 0.103125
2 0.35625 0.625 0.05625 0.08125
4 0.2171875 0.6375 0.08125 0.075
4 0.8734375 0.74296875 0.19375 0.11875
4 0.7171875 0.6640625 0.159375 0.0875
4 0.6578125 0.81640625 0.2203125 0.1234375