5 0.2265625 0.2390625 0.25625 0.196875
2 0.75 0.2484375 0.4515625 0.4625
1 0.31875 0.5671875 0.065625 0.053125
1 0.14453125 0.57421875 0.0703125 0.05
1 0.075 0.6265625 0.06875 0.046875
1 0.3890625 0.6078125 0.06875 0.05
1 0.3265625 0.93984375 0.08125 0.0625
1 0.43515625 0.66328125 0.071875 0.053125
1 0.04921875 0.6984375 0.0640625 0.046875
1 0.44921875 0.734375 0.0765625 0.05625
1 0.41796875 0.89140625 0.0875 0.05625
1 0.228125 0.5421875 0.0734375 0.046875
1 0.1265625 0.9296875 0.0734375 0.065625
1 0.446875 0.80703125 0.075 0.053125
1 0.2140625 0.9546875 0.08125 0.0578125
1 0.04609375 0.78125 0.0703125 0.046875
1 0.071875 0.8609375 0.065625 0.059375
5 0.74765625 0.7484375 0.29375 0.453125