2 0.0921875 0.2515625 0.090625 0.0578125
2 0.41328125 0.25 0.0890625 0.05
2 0.21328125 0.2359375 0.096875 0.05
2 0.3203125 0.2828125 0.128125 0.0625
2 0.27734375 0.20078125 0.06875 0.03125
2 0.3046875 0.2328125 0.1125 0.0453125
2 0.21328125 0.20546875 0.08125 0.03125
2 0.171875 0.27734375 0.15 0.053125
2 0.38125 0.21796875 0.103125 0.0359375
2 0.13125 0.21953125 0.0703125 0.04375
5 0.7453125 0.32265625 0.4484375 0.2734375
5 0.415625 0.61875 0.1125 0.121875
5 0.40625 0.740625 0.159375 0.103125
1 0.75 0.74921875 0.446875 0.384375