5 0.25703125 0.23125 0.2609375 0.175
0 0.703125 0.178125 0.0421875 0.0265625
0 0.796875 0.35 0.0640625 0.0421875
0 0.66640625 0.3390625 0.0625 0.040625
0 0.75 0.20234375 0.046875 0.03125
0 0.89296875 0.3109375 0.059375 0.040625
0 0.703125 0.290625 0.05625 0.034375
0 0.83984375 0.25234375 0.053125 0.034375
0 0.58671875 0.2171875 0.046875 0.0296875
0 0.84609375 0.1859375 0.04375 0.028125
0 0.78359375 0.28671875 0.05625 0.0328125
0 0.6796875 0.21875 0.046875 0.03125
0 0.6515625 0.25234375 0.053125 0.034375
0 0.76875 0.171875 0.04375 0.028125
0 0.9234375 0.25859375 0.053125 0.034375
0 0.578125 0.3046875 0.0578125 0.0359375
0 0.75234375 0.240625 0.05 0.0359375
0 0.5609375 0.26015625 0.053125 0.03125
0 0.8984375 0.2171875 0.0484375 0.03125
0 0.8109375 0.21875 0.046875 0.03125
0 0.6296875 0.19140625 0.04375 0.028125
5 0.24765625 0.75859375 0.40625 0.184375
5 0.75703125 0.7640625 0.2453125 0.11875