2 0.24453125 0.2734375 0.359375 0.18125
5 0.75078125 0.1453125 0.35625 0.05
5 0.75078125 0.3 0.3578125 0.15625
0 0.159375 0.571875 0.103125 0.071875
0 0.09921875 0.87578125 0.0875 0.084375
0 0.04765625 0.74140625 0.0625 0.1328125
0 0.2953125 0.54921875 0.10625 0.0734375
0 0.34375 0.67734375 0.0859375 0.109375
0 0.40234375 0.6078125 0.0625 0.059375
0 0.1390625 0.74296875 0.08125 0.0875
0 0.22890625 0.6359375 0.08125 0.078125
0 0.45625 0.7171875 0.046875 0.103125
0 0.26015625 0.8390625 0.1125 0.121875
0 0.43359375 0.8390625 0.0671875 0.0859375
0 0.34296875 0.93359375 0.1125 0.075
0 0.37421875 0.8 0.05 0.09375
0 0.20625 0.95234375 0.075 0.05625
0 0.0734375 0.6390625 0.053125 0.05
0 0.19140625 0.85625 0.0796875 0.05
0 0.240625 0.728125 0.046875 0.065625
5 0.7515625 0.75546875 0.340625 0.271875