5 0.22109375 0.2703125 0.240625 0.2140625
5 0.28984375 0.2484375 0.18125 0.1984375
5 0.771875 0.24375 0.346875 0.240625
1 0.24375 0.58671875 0.140625 0.1015625
1 0.078125 0.67265625 0.121875 0.109375
1 0.421875 0.66484375 0.121875 0.125
1 0.45 0.80625 0.06875 0.09375
1 0.05234375 0.809375 0.071875 0.0890625
1 0.340625 0.72421875 0.059375 0.05
1 0.15234375 0.728125 0.0625 0.05
1 0.178125 0.79921875 0.046875 0.0390625
1 0.3234375 0.79765625 0.05 0.0375
1 0.38203125 0.83359375 0.040625 0.04375
1 0.11796875 0.83515625 0.040625 0.0421875
1 0.25 0.778125 0.053125 0.0296875
1 0.25078125 0.7078125 0.0625 0.0421875
1 0.190625 0.859375 0.03125 0.025
1 0.11640625 0.903125 0.0234375 0.03125
1 0.3234375 0.8609375 0.0296875 0.025
1 0.15078125 0.8796875 0.028125 0.025
1 0.2828125 0.85390625 0.028125 0.0203125
1 0.2375 0.8515625 0.03125 0.01875
1 0.39453125 0.90625 0.025 0.025
1 0.36171875 0.87890625 0.028125 0.025
1 0.18515625 0.9078125 0.021875 0.01875
1 0.29375 0.90078125 0.0234375 0.01875
1 0.334375 0.91171875 0.021875 0.01875
1 0.25546875 0.89296875 0.021875 0.0140625
1 0.221875 0.896875 0.0203125 0.015625
1 0.36171875 0.9328125 0.021875 0.0203125
1 0.15390625 0.93359375 0.0203125 0.01875
2 0.61171875 0.7234375 0.1875 0.3
2 0.875 0.7296875 0.21875 0.284375