5 0.265625 0.23828125 0.384375 0.2
2 0.66953125 0.23203125 0.109375 0.10625
2 0.79765625 0.23203125 0.109375 0.10625
2 0.559375 0.23203125 0.1 0.10625
2 0.915625 0.23203125 0.13125 0.10625
0 0.2609375 0.80859375 0.09375 0.078125
0 0.2640625 0.64375 0.059375 0.03125
0 0.134375 0.7984375 0.0875 0.0671875
0 0.35234375 0.66171875 0.0625 0.034375
0 0.43984375 0.7546875 0.071875 0.053125
0 0.0578125 0.7421875 0.06875 0.053125
0 0.17265625 0.65390625 0.053125 0.03125
0 0.37578125 0.7921875 0.08125 0.0671875
0 0.425 0.69453125 0.0625 0.0375
0 0.0953125 0.6796875 0.0640625 0.04375
5 0.75234375 0.74375 0.465625 0.128125