5 0.25 0.278125 0.484375 0.0859375
2 0.8875 0.08125 0.071875 0.13125
2 0.68125 0.08125 0.0625 0.13125
2 0.58125 0.08125 0.053125 0.13125
2 0.84375 0.24921875 0.065625 0.134375
2 0.784375 0.08125 0.04375 0.13125
2 0.8828125 0.40703125 0.0765625 0.134375
2 0.5953125 0.40703125 0.078125 0.134375
2 0.6375 0.24921875 0.05 0.1359375
2 0.70546875 0.24921875 0.05 0.134375
2 0.76953125 0.24921875 0.046875 0.134375
2 0.7015625 0.4078125 0.0734375 0.134375
2 0.7921875 0.4078125 0.05625 0.134375
5 0.3140625 0.71171875 0.10625 0.2359375
5 0.19453125 0.88359375 0.1203125 0.05
5 0.31484375 0.88359375 0.10625 0.05
5 0.19453125 0.7109375 0.121875 0.234375
2 0.82265625 0.846875 0.1125 0.125
2 0.63046875 0.8234375 0.1453125 0.1
2 0.7078125 0.85390625 0.08125 0.128125
2 0.8984375 0.7875 0.15 0.0875
2 0.5828125 0.7125 0.140625 0.0453125
2 0.62421875 0.66015625 0.109375 0.065625
2 0.590625 0.76640625 0.14375 0.0625
2 0.903125 0.71875 0.140625 0.059375
2 0.6859375 0.634375 0.05625 0.0703125
2 0.8796875 0.67578125 0.121875 0.0625
2 0.82109375 0.646875 0.0875 0.06875
2 0.75390625 0.63359375 0.05 0.06875