1 0.13203125 0.22109375 0.2578125 0.140625
1 0.39453125 0.20390625 0.203125 0.109375
1 0.73671875 0.05390625 0.175 0.0921875
1 0.59453125 0.16875 0.140625 0.13125
1 0.9109375 0.16171875 0.153125 0.140625
1 0.57109375 0.3046875 0.096875 0.103125
1 0.9265625 0.3015625 0.0890625 0.10625
1 0.7515625 0.1765625 0.078125 0.053125
1 0.83359375 0.23125 0.071875 0.071875
1 0.67265625 0.23515625 0.078125 0.071875
1 0.753125 0.25625 0.05625 0.034375
1 0.67890625 0.30703125 0.05625 0.053125
1 0.75625 0.3046875 0.0625 0.034375
1 0.75625 0.36171875 0.0640625 0.034375
1 0.63046875 0.365625 0.040625 0.0265625
1 0.834375 0.30859375 0.0609375 0.0453125
1 0.87578125 0.36171875 0.0421875 0.0265625
1 0.68984375 0.3671875 0.040625 0.025
1 0.6390625 0.42109375 0.040625 0.0234375
1 0.8203125 0.3625 0.0421875 0.028125
1 0.85 0.4125 0.0453125 0.0296875
1 0.77578125 0.41875 0.04375 0.03125
1 0.653125 0.4609375 0.0328125 0.021875
1 0.70234375 0.4609375 0.0328125 0.01875
1 0.59921875 0.46171875 0.03125 0.021875
1 0.7625 0.46015625 0.034375 0.01875
1 0.81484375 0.459375 0.0296875 0.01875
1 0.8625 0.46171875 0.03125 0.021875
1 0.90859375 0.46015625 0.03125 0.01875
1 0.715625 0.4171875 0.046875 0.0265625
1 0.2515625 0.7515625 0.44375 0.221875
0 0.59453125 0.7734375 0.171875 0.1671875
0 0.915625 0.7703125 0.15625 0.175
0 0.64453125 0.72734375 0.171875 0.175
0 0.709375 0.71796875 0.146875 0.153125
0 0.8515625 0.74453125 0.128125 0.1609375
0 0.778125 0.75 0.0953125 0.165625