3 0.17578125 0.32734375 0.109375 0.0765625
3 0.18125 0.234375 0.084375 0.053125
3 0.0796875 0.27578125 0.096875 0.0609375
3 0.2921875 0.24921875 0.1046875 0.065625
3 0.3875 0.2078125 0.08125 0.0515625
3 0.10078125 0.20390625 0.08125 0.05
3 0.2125 0.1734375 0.075 0.046875
3 0.30546875 0.171875 0.06875 0.04375
3 0.425 0.271875 0.090625 0.059375
3 0.33125 0.3328125 0.109375 0.075
2 0.60625 0.21015625 0.096875 0.184375
2 0.86796875 0.21015625 0.1734375 0.1125
2 0.67734375 0.38359375 0.246875 0.125
2 0.72265625 0.1984375 0.1359375 0.209375
2 0.8734375 0.35859375 0.134375 0.1578125
2 0.24765625 0.7359375 0.090625 0.43125
5 0.7671875 0.765625 0.171875 0.203125