5 0.29296875 0.2421875 0.234375 0.2640625
2 0.5953125 0.321875 0.16875 0.1578125
2 0.8078125 0.23359375 0.1765625 0.1359375
2 0.7 0.2765625 0.1890625 0.153125
2 0.9015625 0.1953125 0.1734375 0.121875
0 0.05625 0.6765625 0.0765625 0.0953125
0 0.43125 0.684375 0.115625 0.0890625
0 0.3234375 0.603125 0.1328125 0.078125
0 0.175 0.59609375 0.125 0.071875
0 0.25625 0.68203125 0.059375 0.078125
0 0.159375 0.690625 0.1015625 0.06875
0 0.340625 0.70078125 0.090625 0.059375
0 0.43203125 0.7984375 0.059375 0.0625
0 0.221875 0.7984375 0.046875 0.0609375
0 0.075 0.79921875 0.04375 0.0625
0 0.46640625 0.89140625 0.040625 0.05625
0 0.146875 0.80234375 0.0484375 0.0578125
0 0.28984375 0.8046875 0.05 0.053125
0 0.3671875 0.80078125 0.046875 0.0625
0 0.03515625 0.89609375 0.040625 0.04375
0 0.08671875 0.8953125 0.046875 0.0484375
0 0.41640625 0.89140625 0.040625 0.05625
0 0.1828125 0.890625 0.034375 0.05625
0 0.23125 0.89140625 0.0375 0.053125
0 0.3234375 0.89453125 0.0375 0.05
0 0.278125 0.8921875 0.034375 0.053125
0 0.13671875 0.89609375 0.0359375 0.046875
0 0.3671875 0.89453125 0.0375 0.05
0 0.74453125 0.55 0.05 0.034375
0 0.8859375 0.89765625 0.034375 0.0359375
0 0.55 0.734375 0.034375 0.0453125
0 0.846875 0.78984375 0.04375 0.046875
0 0.8703125 0.59453125 0.034375 0.0328125
0 0.7515625 0.903125 0.0328125 0.03125
0 0.81953125 0.5578125 0.034375 0.028125
0 0.71953125 0.596875 0.03125 0.0265625
0 0.6265625 0.67734375 0.0375 0.03125
0 0.81953125 0.74609375 0.0359375 0.040625
0 0.7796875 0.5953125 0.0390625 0.03125
0 0.703125 0.94609375 0.05625 0.03125
0 0.8328125 0.61953125 0.0375 0.0375
0 0.678125 0.715625 0.0390625 0.0328125
0 0.753125 0.65703125 0.0453125 0.0375
0 0.871875 0.6734375 0.03125 0.0375
0 0.90703125 0.63203125 0.028125 0.028125
0 0.6984375 0.8359375 0.028125 0.0375
0 0.80703125 0.64609375 0.03125 0.0265625
0 0.7734375 0.953125 0.034375 0.0296875
0 0.65859375 0.62734375 0.028125 0.0265625
0 0.778125 0.728125 0.0296875 0.0234375
0 0.69609375 0.6640625 0.01875 0.0375
0 0.81484375 0.6953125 0.0421875 0.034375
0 0.7 0.76015625 0.025 0.0375
0 0.89609375 0.79296875 0.021875 0.034375
0 0.88984375 0.73359375 0.034375 0.0359375
0 0.69453125 0.88359375 0.0375 0.01875
0 0.9453125 0.73984375 0.046875 0.04375
0 0.91484375 0.85390625 0.034375 0.034375
0 0.8390625 0.93046875 0.0375 0.0375
0 0.81640625 0.8921875 0.034375 0.03125
0 0.60703125 0.60234375 0.025 0.03125
0 0.55703125 0.8078125 0.0265625 0.034375
0 0.56640625 0.6640625 0.0296875 0.0375
0 0.6625 0.5671875 0.0390625 0.0375
0 0.58359375 0.86484375 0.0296875 0.0375
0 0.61953125 0.728125 0.021875 0.0296875
0 0.6203125 0.80234375 0.0296875 0.0375
0 0.9359375 0.67890625 0.0359375 0.0375
0 0.65859375 0.78203125 0.0265625 0.0421875
0 0.85546875 0.8515625 0.04375 0.021875
0 0.8015625 0.853125 0.0234375 0.028125
0 0.634375 0.9171875 0.04375 0.034375
0 0.94453125 0.80703125 0.0375 0.04375
0 0.78984375 0.7984375 0.0265625 0.034375
0 0.75 0.8421875 0.03125 0.0375
0 0.73203125 0.7171875 0.0375 0.0375
0 0.64296875 0.85703125 0.0296875 0.0375
0 0.74453125 0.7796875 0.0453125 0.0515625