1 0.140625 0.3203125 0.0640625 0.0546875
1 0.45 0.196875 0.0515625 0.034375
1 0.05625 0.29140625 0.065625 0.053125
1 0.2 0.24140625 0.053125 0.04375
1 0.2140625 0.1140625 0.0375 0.0359375
1 0.36015625 0.33515625 0.0671875 0.0546875
1 0.2578125 0.18125 0.04375 0.0421875
1 0.4109375 0.25390625 0.06875 0.04375
1 0.1078125 0.21796875 0.0546875 0.0375
1 0.24375 0.33984375 0.059375 0.046875
1 0.2875 0.27109375 0.053125 0.046875
1 0.38671875 0.153125 0.046875 0.034375
1 0.334375 0.2046875 0.05625 0.0390625
1 0.30703125 0.1390625 0.0515625 0.034375
1 0.165625 0.16328125 0.0546875 0.0453125
0 0.55625 0.1765625 0.0765625 0.0953125
0 0.93125 0.184375 0.115625 0.0890625
0 0.8234375 0.103125 0.1328125 0.078125
0 0.675 0.09609375 0.125 0.071875
0 0.75625 0.18203125 0.059375 0.078125
0 0.659375 0.190625 0.1015625 0.06875
0 0.840625 0.20078125 0.090625 0.059375
0 0.93203125 0.2984375 0.059375 0.0625
0 0.721875 0.2984375 0.046875 0.0609375
0 0.575 0.29921875 0.04375 0.0625
0 0.96640625 0.39140625 0.040625 0.05625
0 0.646875 0.30234375 0.0484375 0.0578125
0 0.78984375 0.3046875 0.05 0.053125
0 0.8671875 0.30078125 0.046875 0.0625
0 0.53515625 0.39609375 0.040625 0.04375
0 0.58671875 0.3953125 0.046875 0.0484375
0 0.91640625 0.39140625 0.040625 0.05625
0 0.6828125 0.390625 0.034375 0.05625
0 0.73125 0.39140625 0.0375 0.053125
0 0.8234375 0.39453125 0.0375 0.05
0 0.778125 0.3921875 0.034375 0.053125
0 0.63671875 0.39609375 0.0359375 0.046875
0 0.8671875 0.39453125 0.0375 0.05
5 0.24921875 0.77265625 0.1828125 0.159375
4 0.59609375 0.834375 0.146875 0.1578125
4 0.8 0.8671875 0.1875 0.1265625
4 0.9203125 0.72109375 0.13125 0.125
4 0.59375 0.678125 0.1265625 0.109375
4 0.75078125 0.6125 0.140625 0.0671875
4 0.74375 0.740625 0.159375 0.109375