2 0.090625 0.0890625 0.065625 0.071875
2 0.2078125 0.0296875 0.0734375 0.0453125
2 0.32734375 0.046875 0.065625 0.05625
2 0.38984375 0.41328125 0.071875 0.06875
2 0.42109375 0.115625 0.05625 0.0640625
2 0.07734375 0.3890625 0.0703125 0.059375
2 0.2890625 0.471875 0.078125 0.05
2 0.1671875 0.45390625 0.075 0.0625
2 0.47265625 0.22265625 0.046875 0.071875
2 0.45390625 0.334375 0.0515625 0.075
2 0.02890625 0.2984375 0.05 0.0625
2 0.03046875 0.19140625 0.05 0.065625
4 0.71015625 0.27109375 0.26875 0.2375
5 0.24921875 0.63828125 0.4625 0.1875
5 0.753125 0.73046875 0.46875 0.1265625