1 0.090625 0.23359375 0.1078125 0.146875
1 0.39609375 0.215625 0.1375 0.125
1 0.2328125 0.3640625 0.15625 0.14375
1 0.24296875 0.2046875 0.125 0.125
1 0.253125 0.10234375 0.1375 0.0796875
0 0.6625 0.33359375 0.096875 0.084375
0 0.8390625 0.32421875 0.090625 0.08125
0 0.95234375 0.2734375 0.075 0.05625
0 0.9484375 0.2078125 0.0546875 0.040625
0 0.54921875 0.27890625 0.071875 0.0609375
0 0.7828125 0.23984375 0.08125 0.04375
0 0.6671875 0.22890625 0.05625 0.053125
0 0.90390625 0.16484375 0.040625 0.028125
0 0.5359375 0.2140625 0.05 0.04375
0 0.565625 0.171875 0.0484375 0.0359375
0 0.7453125 0.18359375 0.053125 0.040625
0 0.840625 0.1390625 0.0390625 0.025
0 0.7734375 0.13125 0.0375 0.021875
0 0.6421875 0.1859375 0.0453125 0.0375
0 0.61328125 0.14375 0.046875 0.025
0 0.69765625 0.13515625 0.0453125 0.01875
0 0.8421875 0.203125 0.046875 0.040625
0 0.68125 0.159375 0.046875 0.028125
0 0.83359375 0.17265625 0.046875 0.034375
0 0.77265625 0.15546875 0.046875 0.025
2 0.246875 0.7546875 0.446875 0.2671875
2 0.5921875 0.7515625 0.090625 0.0578125
2 0.91328125 0.75 0.0890625 0.05
2 0.71328125 0.7359375 0.096875 0.05
2 0.8203125 0.7828125 0.128125 0.0625
2 0.77734375 0.70078125 0.06875 0.03125
2 0.8046875 0.7328125 0.1125 0.0453125
2 0.71328125 0.70546875 0.08125 0.03125
2 0.671875 0.77734375 0.15 0.053125
2 0.88125 0.71796875 0.103125 0.0359375
2 0.63125 0.71953125 0.0703125 0.04375