3 0.4125 0.3015625 0.096875 0.0625
3 0.3109375 0.2546875 0.1046875 0.059375
3 0.3125 0.19375 0.084375 0.04375
3 0.29453125 0.33125 0.1109375 0.071875
3 0.19140625 0.24921875 0.09375 0.0578125
3 0.1453125 0.325 0.109375 0.06875
3 0.2046875 0.184375 0.075 0.046875
3 0.4171875 0.22890625 0.084375 0.05
3 0.06796875 0.26796875 0.08125 0.053125
3 0.10234375 0.21171875 0.084375 0.0515625
5 0.75 0.2515625 0.4828125 0.359375
1 0.246875 0.74609375 0.46875 0.284375
5 0.6984375 0.74765625 0.3015625 0.265625
5 0.7796875 0.73046875 0.3421875 0.234375