2 0.090625 0.0890625 0.065625 0.071875
2 0.2078125 0.0296875 0.0734375 0.0453125
2 0.32734375 0.046875 0.065625 0.05625
2 0.38984375 0.41328125 0.071875 0.06875
2 0.42109375 0.115625 0.05625 0.0640625
2 0.07734375 0.3890625 0.0703125 0.059375
2 0.2890625 0.471875 0.078125 0.05
2 0.1671875 0.45390625 0.075 0.0625
2 0.47265625 0.22265625 0.046875 0.071875
2 0.45390625 0.334375 0.0515625 0.075
2 0.02890625 0.2984375 0.05 0.0625
2 0.03046875 0.19140625 0.05 0.065625
1 0.8515625 0.265625 0.25 0.21875
1 0.61484375 0.253125 0.1828125 0.221875
5 0.24609375 0.765625 0.159375 0.11875
4 0.6484375 0.8109375 0.1375 0.115625
4 0.72578125 0.7515625 0.115625 0.08125
4 0.84453125 0.66484375 0.1421875 0.0828125
4 0.784375 0.7109375 0.1296875 0.075