4 0.2078125 0.32265625 0.1671875 0.165625
4 0.39765625 0.2921875 0.153125 0.14375
4 0.3125 0.2234375 0.121875 0.1109375
4 0.215625 0.14453125 0.08125 0.075
4 0.15625 0.23828125 0.13125 0.1203125
4 0.25546875 0.1765625 0.0984375 0.0890625
4 0.1015625 0.1484375 0.0875 0.075
4 0.121875 0.184375 0.10625 0.09375
3 0.8765625 0.2921875 0.215625 0.1359375
3 0.64765625 0.30078125 0.265625 0.121875
5 0.19765625 0.765625 0.103125 0.140625
5 0.2921875 0.75 0.2 0.14375
5 0.63515625 0.74609375 0.225 0.225
5 0.8640625 0.746875 0.225 0.225