4 0.3734375 0.24296875 0.19375 0.11875
4 0.2171875 0.1640625 0.159375 0.0875
4 0.1578125 0.31640625 0.2203125 0.1234375
4 0.75390625 0.271875 0.390625 0.159375
4 0.1890625 0.86796875 0.109375 0.0921875
4 0.096875 0.8140625 0.10625 0.084375
4 0.40703125 0.80390625 0.103125 0.0921875
4 0.08359375 0.7140625 0.10625 0.090625
4 0.3109375 0.8578125 0.10625 0.084375
4 0.2 0.76328125 0.1 0.0953125
4 0.30703125 0.75 0.096875 0.1125
4 0.30703125 0.6359375 0.115625 0.0953125
4 0.41484375 0.68828125 0.096875 0.115625
4 0.19453125 0.65546875 0.096875 0.1046875
2 0.565625 0.83046875 0.075 0.125
2 0.8796875 0.83203125 0.059375 0.1203125
2 0.93828125 0.83125 0.065625 0.125
2 0.61015625 0.63515625 0.0375 0.0625
2 0.56796875 0.63515625 0.0265625 0.065625
2 0.7 0.6359375 0.028125 0.0625
2 0.65390625 0.63828125 0.03125 0.059375
2 0.95 0.6484375 0.0203125 0.040625
2 0.9234375 0.646875 0.0203125 0.040625
2 0.8921875 0.64609375 0.01875 0.040625
2 0.83671875 0.7125 0.015625 0.034375
2 0.86171875 0.64609375 0.01875 0.040625
2 0.8328125 0.64453125 0.01875 0.040625
2 0.56640625 0.71328125 0.021875 0.034375
2 0.6 0.7125 0.0171875 0.034375
2 0.865625 0.7140625 0.015625 0.034375
2 0.6390625 0.7140625 0.01875 0.034375
2 0.7328125 0.646875 0.01875 0.0375
2 0.80234375 0.6453125 0.01875 0.0390625
2 0.709375 0.7140625 0.0140625 0.034375
2 0.6625 0.784375 0.015625 0.028125
2 0.6734375 0.71484375 0.01875 0.034375
2 0.7765625 0.71484375 0.01875 0.0328125
2 0.8953125 0.7140625 0.0203125 0.034375
2 0.80859375 0.71328125 0.0171875 0.034375
2 0.81796875 0.78125 0.015625 0.03125
2 0.78515625 0.7828125 0.015625 0.0296875
2 0.759375 0.83046875 0.01875 0.028125
2 0.79375 0.82890625 0.0125 0.028125
2 0.76953125 0.646875 0.01875 0.0375
2 0.7859375 0.878125 0.0171875 0.028125
2 0.625 0.78359375 0.0171875 0.028125
2 0.7234375 0.7828125 0.0125 0.028125
2 0.71875 0.8296875 0.0125 0.028125
2 0.740625 0.8796875 0.015625 0.028125
2 0.82109375 0.8796875 0.01875 0.028125
2 0.65703125 0.8796875 0.015625 0.0296875
2 0.92578125 0.71484375 0.015625 0.03125
2 0.69375 0.7828125 0.0140625 0.028125
2 0.82578125 0.8296875 0.015625 0.0265625
2 0.74140625 0.71484375 0.01875 0.034375
2 0.69375 0.88046875 0.01875 0.028125
2 0.75234375 0.7828125 0.015625 0.028125
2 0.640625 0.83125 0.015625 0.0265625
2 0.60703125 0.8296875 0.021875 0.03125
2 0.6265625 0.8796875 0.0125 0.03125
2 0.678125 0.8296875 0.015625 0.03125