1 0.20390625 0.32265625 0.228125 0.1890625
1 0.2109375 0.13828125 0.140625 0.090625
1 0.378125 0.14921875 0.121875 0.09375
1 0.06640625 0.2234375 0.121875 0.08125
1 0.42265625 0.2703125 0.146875 0.125
1 0.8890625 0.278125 0.1921875 0.19375
1 0.634375 0.2953125 0.2375 0.165625
5 0.2296875 0.74375 0.284375 0.25
5 0.27890625 0.746875 0.278125 0.253125
0 0.771875 0.84609375 0.1 0.071875
0 0.57578125 0.80625 0.1171875 0.096875
0 0.775 0.6515625 0.06875 0.04375
0 0.9390625 0.68671875 0.0640625 0.0390625
0 0.83828125 0.78125 0.1 0.0578125
0 0.96015625 0.67421875 0.046875 0.0328125
0 0.8078125 0.81171875 0.1 0.0625
0 0.865625 0.75 0.096875 0.0484375
0 0.6171875 0.76953125 0.1109375 0.0859375
0 0.6921875 0.7234375 0.1234375 0.0859375
0 0.66171875 0.7453125 0.1265625 0.090625
0 0.74921875 0.6703125 0.059375 0.040625
0 0.92265625 0.71015625 0.0625 0.040625
0 0.7171875 0.6921875 0.075 0.05
0 0.9015625 0.728125 0.065625 0.04375