0 0.09296875 0.290625 0.13125 0.075
0 0.4046875 0.2953125 0.1375 0.0671875
0 0.2484375 0.296875 0.1 0.0625
5 0.75703125 0.38046875 0.209375 0.059375
5 0.75703125 0.209375 0.2125 0.2421875
1 0.2109375 0.81015625 0.134375 0.134375
1 0.0921875 0.7578125 0.1125 0.103125
1 0.3734375 0.84296875 0.121875 0.146875
1 0.40625 0.69765625 0.1 0.090625
1 0.4078125 0.61875 0.0875 0.06875
1 0.24609375 0.6796875 0.0984375 0.090625
1 0.3203125 0.6 0.06875 0.0625
1 0.13828125 0.6671875 0.0703125 0.071875
1 0.2265625 0.6140625 0.06875 0.05625
3 0.7125 0.846875 0.190625 0.184375
0 0.59453125 0.7046875 0.121875 0.096875
2 0.87109375 0.634375 0.071875 0.109375
4 0.9015625 0.775 0.134375 0.140625
2 0.71640625 0.6140625 0.0953125 0.1265625