3 0.2109375 0.25390625 0.1203125 0.103125
3 0.340625 0.23125 0.10625 0.0875
3 0.2734375 0.1484375 0.1140625 0.09375
3 0.26171875 0.33984375 0.096875 0.090625
3 0.14296875 0.1796875 0.1109375 0.084375
2 0.5625 0.32578125 0.10625 0.071875
2 0.75390625 0.32265625 0.1 0.059375
2 0.928125 0.31328125 0.10625 0.059375
2 0.5859375 0.2875 0.090625 0.05625
2 0.7546875 0.2796875 0.08125 0.0546875
2 0.89296875 0.275 0.075 0.05625
2 0.8625 0.25 0.05625 0.046875
2 0.596875 0.26640625 0.0640625 0.040625
2 0.834375 0.23515625 0.05 0.034375
2 0.7203125 0.2359375 0.04375 0.040625
2 0.73203125 0.25625 0.065625 0.05
2 0.60859375 0.24140625 0.05 0.040625
5 0.2515625 0.64296875 0.28125 0.0546875
5 0.25 0.7953125 0.28125 0.140625
2 0.9203125 0.7765625 0.11875 0.078125
2 0.76875 0.765625 0.096875 0.096875
2 0.5953125 0.765625 0.15625 0.1046875