3 0.21640625 0.2421875 0.2859375 0.1140625
3 0.08828125 0.30546875 0.1734375 0.159375
3 0.05546875 0.20703125 0.1109375 0.078125
3 0.30625 0.21484375 0.1375 0.071875
3 0.4203125 0.35390625 0.159375 0.15
2 0.74765625 0.196875 0.378125 0.0875
2 0.75 0.3046875 0.45625 0.078125
2 0.378125 0.734375 0.1390625 0.065625
2 0.12265625 0.76640625 0.128125 0.0703125
2 0.2890625 0.79375 0.165625 0.071875
2 0.23046875 0.70390625 0.15 0.0375
2 0.2515625 0.74140625 0.165625 0.046875
2 0.7 0.6546875 0.1078125 0.0625
2 0.7265625 0.73125 0.125 0.075
2 0.6203125 0.71484375 0.15625 0.075
2 0.871875 0.6953125 0.134375 0.05625
2 0.871875 0.75859375 0.1375 0.0796875
2 0.77734375 0.8125 0.159375 0.0890625
2 0.7796875 0.671875 0.140625 0.059375
2 0.64375 0.7875 0.121875 0.096875