1 0.071875 0.16328125 0.1125 0.078125
1 0.259375 0.2390625 0.10625 0.078125
1 0.3734375 0.07890625 0.103125 0.071875
1 0.2125 0.0375 0.1078125 0.0734375
1 0.4375 0.16953125 0.103125 0.071875
1 0.4328125 0.3015625 0.1125 0.0734375
1 0.065625 0.31328125 0.103125 0.078125
1 0.3515625 0.43359375 0.115625 0.08125
1 0.16484375 0.44296875 0.1125 0.084375
5 0.74765625 0.26953125 0.3109375 0.15
2 0.38203125 0.77734375 0.109375 0.13125
2 0.1265625 0.82265625 0.1109375 0.1375
2 0.1859375 0.684375 0.115625 0.1140625
2 0.32421875 0.678125 0.125 0.0859375
2 0.25078125 0.7578125 0.1 0.134375
5 0.7609375 0.73984375 0.421875 0.4140625