5 0.25546875 0.2484375 0.453125 0.25
0 0.88515625 0.08359375 0.18125 0.109375
0 0.884375 0.246875 0.18125 0.096875
0 0.6265625 0.09609375 0.16875 0.084375
0 0.63125 0.24609375 0.18125 0.1
0 0.8859375 0.3953125 0.190625 0.10625
0 0.6359375 0.403125 0.190625 0.090625
1 0.31015625 0.73203125 0.33125 0.15
1 0.10546875 0.70390625 0.146875 0.115625
3 0.86484375 0.80546875 0.1453125 0.103125
3 0.74453125 0.73359375 0.13125 0.096875
3 0.84140625 0.665625 0.13125 0.084375
3 0.634375 0.675 0.1125 0.090625
3 0.63046875 0.82734375 0.13125 0.1140625