1 0.34609375 0.3125 0.10625 0.09375
1 0.175 0.31640625 0.1125 0.08125
1 0.08125 0.24921875 0.084375 0.06875
1 0.13125 0.175 0.078125 0.040625
1 0.25546875 0.14765625 0.09375 0.028125
1 0.428125 0.234375 0.0859375 0.05
1 0.36875 0.17109375 0.065625 0.025
3 0.653125 0.340625 0.1078125 0.10625
3 0.746875 0.2421875 0.11875 0.1078125
3 0.64140625 0.16484375 0.109375 0.1125
3 0.84296875 0.15703125 0.1265625 0.109375
3 0.8484375 0.32421875 0.121875 0.103125
2 0.19296875 0.74609375 0.06875 0.2
2 0.05390625 0.7453125 0.0890625 0.2
2 0.325 0.7453125 0.075 0.2
2 0.45859375 0.7453125 0.065625 0.2
5 0.73203125 0.75 0.4484375 0.478125