1 0.37734375 0.3203125 0.06875 0.053125
1 0.1484375 0.30859375 0.059375 0.05
1 0.2515625 0.1953125 0.0390625 0.0296875
1 0.1484375 0.2046875 0.0375 0.03125
1 0.2015625 0.196875 0.0484375 0.028125
1 0.30625 0.20078125 0.040625 0.0328125
1 0.353125 0.2140625 0.046875 0.034375
1 0.096875 0.284375 0.053125 0.0375
1 0.4109375 0.271875 0.0578125 0.046875
1 0.3953125 0.2375 0.05625 0.0375
1 0.1 0.2328125 0.0453125 0.03125
1 0.09140625 0.25625 0.053125 0.03125
5 0.87109375 0.2328125 0.228125 0.3875
5 0.63515625 0.2328125 0.2296875 0.3859375
5 0.7515625 0.3765625 0.459375 0.1375
5 0.259375 0.74609375 0.271875 0.24375
1 0.75 0.7296875 0.44375 0.103125