1 0.23671875 0.253125 0.45 0.39375
1 0.834375 0.346875 0.109375 0.053125
1 0.634375 0.3453125 0.1046875 0.065625
1 0.846875 0.26875 0.0921875 0.046875
1 0.6203125 0.278125 0.0875 0.05
1 0.8515625 0.2 0.078125 0.04375
1 0.73203125 0.275 0.09375 0.05
1 0.625 0.153125 0.075 0.0375
1 0.7328125 0.20546875 0.090625 0.04375
1 0.621875 0.215625 0.078125 0.04375
1 0.728125 0.1453125 0.071875 0.0296875
1 0.828125 0.14296875 0.0734375 0.040625
5 0.128125 0.72734375 0.2375 0.165625
5 0.36484375 0.72734375 0.240625 0.16875
5 0.24765625 0.7640625 0.471875 0.1078125
1 0.89921875 0.865625 0.071875 0.0828125
1 0.5828125 0.609375 0.078125 0.078125
1 0.5375 0.709375 0.071875 0.0828125
1 0.7015625 0.5578125 0.0734375 0.0703125
1 0.90859375 0.63046875 0.071875 0.071875
1 0.8078125 0.55625 0.071875 0.075
1 0.7703125 0.93828125 0.0734375 0.08125
1 0.9640625 0.73515625 0.06875 0.08125
1 0.54296875 0.840625 0.06875 0.090625
1 0.6265625 0.91875 0.06875 0.084375