2 0.1859375 0.24921875 0.071875 0.134375
2 0.3921875 0.1296875 0.096875 0.13125
2 0.10078125 0.2359375 0.0875 0.1265625
2 0.12421875 0.10625 0.090625 0.1140625
2 0.359375 0.27734375 0.096875 0.1296875
2 0.29453125 0.115625 0.0875 0.1390625
2 0.2046875 0.103125 0.084375 0.10625
2 0.26484375 0.40546875 0.09375 0.140625
2 0.27109375 0.25625 0.08125 0.121875
2 0.15546875 0.38671875 0.0921875 0.1046875
5 0.75 0.2484375 0.4625 0.3609375
5 0.234375 0.77578125 0.371875 0.1484375
5 0.31171875 0.734375 0.1953125 0.090625
1 0.93125 0.7 0.121875 0.15625
1 0.7296875 0.56015625 0.153125 0.115625
1 0.88203125 0.9140625 0.146875 0.14375
1 0.56796875 0.71953125 0.128125 0.1390625
1 0.6359375 0.93359375 0.15 0.128125