3 0.36640625 0.25 0.0953125 0.0875
3 0.13046875 0.2515625 0.10625 0.0875
3 0.24375 0.25859375 0.0875 0.096875
3 0.30859375 0.3640625 0.1140625 0.075
3 0.17109375 0.365625 0.115625 0.0734375
3 0.25078125 0.1359375 0.1140625 0.08125
5 0.68046875 0.24765625 0.296875 0.203125
5 0.90390625 0.20625 0.18125 0.1625
1 0.109375 0.7375 0.2125 0.271875
1 0.36953125 0.74453125 0.25625 0.2375
2 0.81328125 0.84375 0.13125 0.165625
2 0.8953125 0.74765625 0.190625 0.075
2 0.8671875 0.6609375 0.1625 0.071875
2 0.68828125 0.628125 0.0875 0.1
2 0.784375 0.62265625 0.0765625 0.0953125
2 0.609375 0.6859375 0.1625 0.053125
2 0.60625 0.7703125 0.1875 0.09375
2 0.64921875 0.828125 0.165625 0.146875