5 0.253125 0.246875 0.3234375 0.2171875
1 0.9328125 0.28203125 0.1234375 0.109375
1 0.56328125 0.28515625 0.1125 0.11875
1 0.75 0.19609375 0.08125 0.075
1 0.653125 0.21484375 0.090625 0.0625
1 0.85390625 0.2015625 0.0734375 0.0734375
1 0.3453125 0.82265625 0.15 0.090625
1 0.140625 0.8078125 0.14375 0.08125
1 0.0484375 0.728125 0.0734375 0.065625
1 0.1046875 0.6703125 0.084375 0.0359375
1 0.178125 0.7484375 0.103125 0.0609375
1 0.24375 0.7 0.071875 0.053125
1 0.321875 0.7375 0.0875 0.0734375
1 0.44921875 0.76328125 0.08125 0.08125
1 0.15078125 0.69140625 0.0625 0.04375
1 0.42890625 0.70234375 0.0640625 0.05
1 0.3375 0.6953125 0.075 0.0515625
1 0.359375 0.665625 0.065625 0.0375
1 0.19296875 0.64140625 0.05625 0.021875
1 0.240625 0.66328125 0.06875 0.03125
1 0.28125 0.64296875 0.059375 0.0234375
0 0.7421875 0.790625 0.075 0.04375
0 0.54453125 0.72734375 0.0515625 0.0265625
0 0.84453125 0.8234375 0.084375 0.0515625
0 0.65703125 0.7671875 0.0609375 0.0359375
0 0.88359375 0.78046875 0.0703125 0.0375
0 0.6671875 0.71796875 0.0546875 0.0265625
0 0.60390625 0.7453125 0.053125 0.0328125
0 0.85546875 0.7265625 0.05 0.025
0 0.60390625 0.709375 0.040625 0.01875
0 0.66953125 0.6859375 0.0296875 0.0203125
0 0.9671875 0.6859375 0.0265625 0.015625
0 0.78515625 0.71484375 0.046875 0.0203125
0 0.94609375 0.70703125 0.034375 0.0203125
0 0.928125 0.740625 0.040625 0.021875
0 0.8015625 0.7578125 0.071875 0.034375
0 0.7234375 0.7390625 0.0484375 0.0265625
0 0.73046875 0.671875 0.03125 0.0125
0 0.8875 0.7015625 0.034375 0.021875
0 0.7921875 0.65234375 0.021875 0.0109375
0 0.8453125 0.665625 0.0234375 0.0125
0 0.82265625 0.68984375 0.0359375 0.015625
0 0.728125 0.7 0.0359375 0.0203125
0 0.909375 0.6765625 0.025 0.015625
0 0.7765625 0.6796875 0.034375 0.015625