3 0.24921875 0.2484375 0.3 0.2109375
3 0.746875 0.24921875 0.303125 0.225
0 0.05 0.71875 0.0375 0.059375
0 0.0484375 0.78359375 0.05 0.059375
0 0.13046875 0.77578125 0.053125 0.0625
0 0.10625 0.721875 0.040625 0.040625
0 0.39375 0.721875 0.034375 0.04375
0 0.43046875 0.82734375 0.065625 0.0609375
0 0.1984375 0.7078125 0.04375 0.046875
0 0.11171875 0.83828125 0.0609375 0.05
0 0.43046875 0.6859375 0.034375 0.04375
0 0.38125 0.778125 0.053125 0.0421875
0 0.45625 0.77578125 0.0484375 0.046875
0 0.0796875 0.68125 0.0375 0.0359375
0 0.3578125 0.6703125 0.0375 0.04375
0 0.3296875 0.81796875 0.0640625 0.0484375
0 0.121875 0.64609375 0.04375 0.034375
0 0.45859375 0.73046875 0.04375 0.0375
0 0.28515625 0.7546875 0.071875 0.0375
0 0.396875 0.65625 0.0453125 0.040625
0 0.23203125 0.81796875 0.065625 0.040625
0 0.178125 0.6265625 0.040625 0.03125
0 0.2625 0.7125 0.053125 0.0375
0 0.3421875 0.86015625 0.084375 0.05
0 0.346875 0.63203125 0.046875 0.03125
0 0.14140625 0.67421875 0.05 0.034375
0 0.215625 0.86953125 0.0875 0.05
0 0.21875 0.64375 0.05625 0.028125
0 0.29609375 0.64140625 0.0609375 0.034375
0 0.23359375 0.61484375 0.046875 0.028125
0 0.29140625 0.68359375 0.059375 0.028125
0 0.2875 0.61796875 0.046875 0.0234375
4 0.865625 0.75546875 0.14375 0.1390625
4 0.6625 0.7703125 0.2 0.1328125