5 0.246875 0.25625 0.20625 0.1046875
0 0.86171875 0.44375 0.0625 0.046875
0 0.63046875 0.18984375 0.0515625 0.065625
0 0.6296875 0.421875 0.05625 0.05625
0 0.77109375 0.465625 0.05625 0.046875
0 0.70234375 0.11171875 0.0625 0.046875
0 0.8515625 0.36328125 0.053125 0.059375
0 0.7609375 0.3390625 0.071875 0.046875
0 0.784375 0.2421875 0.053125 0.05
0 0.6640625 0.371875 0.046875 0.0453125
0 0.69375 0.459375 0.05625 0.046875
0 0.7046875 0.16796875 0.053125 0.040625
0 0.90390625 0.28359375 0.040625 0.06875
0 0.7546875 0.3953125 0.0515625 0.040625
0 0.8984375 0.08359375 0.046875 0.05
0 0.61015625 0.08125 0.05 0.0453125
0 0.83515625 0.28125 0.0375 0.05
0 0.7875 0.1765625 0.05 0.05
0 0.86171875 0.140625 0.046875 0.046875
0 0.83359375 0.03828125 0.0625 0.034375
0 0.75234375 0.028125 0.05 0.0390625
0 0.575 0.36875 0.0375 0.053125
0 0.94765625 0.14140625 0.034375 0.059375
0 0.67421875 0.0421875 0.05 0.0375
0 0.528125 0.23125 0.04375 0.0640625
0 0.55625 0.146875 0.046875 0.0625
0 0.7875 0.1078125 0.04375 0.040625
0 0.89296875 0.203125 0.046875 0.05
0 0.74609375 0.2828125 0.0578125 0.0296875
0 0.70859375 0.23046875 0.0453125 0.0375
0 0.928125 0.39453125 0.04375 0.0515625
0 0.5421875 0.303125 0.0375 0.05
0 0.6078125 0.284375 0.028125 0.0625
0 0.68046875 0.29375 0.03125 0.053125
0 0.9765625 0.225 0.03125 0.05625
0 0.96875 0.31015625 0.04375 0.0703125
2 0.2375 0.67578125 0.1765625 0.040625
2 0.24921875 0.8234375 0.159375 0.040625
2 0.24765625 0.74921875 0.16875 0.028125
2 0.3390625 0.5984375 0.0875 0.06875
2 0.4078125 0.67265625 0.059375 0.090625
2 0.13359375 0.61484375 0.084375 0.075
2 0.30703125 0.92265625 0.0625 0.0359375
2 0.12109375 0.565625 0.046875 0.0375
2 0.15390625 0.9046875 0.059375 0.0421875
2 0.096875 0.846875 0.0453125 0.059375
2 0.1796875 0.53828125 0.046875 0.025
2 0.2296875 0.92890625 0.0625 0.021875
2 0.0734375 0.609375 0.0375 0.040625
2 0.4 0.58125 0.0328125 0.0296875
2 0.4328125 0.615625 0.028125 0.034375
2 0.2359375 0.57109375 0.096875 0.0265625
2 0.3640625 0.55390625 0.03125 0.021875
2 0.24765625 0.61953125 0.046875 0.015625
2 0.32578125 0.53515625 0.034375 0.021875
2 0.23125 0.93046875 0.0625 0.021875
2 0.4578125 0.65859375 0.021875 0.034375
2 0.04453125 0.6640625 0.03125 0.046875
2 0.2796875 0.52421875 0.034375 0.0140625
2 0.234375 0.525 0.0328125 0.0125
2 0.41875 0.834375 0.034375 0.059375
2 0.05234375 0.8515625 0.028125 0.046875
2 0.46875 0.79921875 0.015625 0.034375
2 0.471875 0.7015625 0.0125 0.034375
2 0.1171875 0.9296875 0.03125 0.028125
2 0.1640625 0.95625 0.034375 0.021875
2 0.3140625 0.96484375 0.0328125 0.01875
2 0.08046875 0.896875 0.025 0.034375
2 0.37890625 0.73046875 0.01875 0.046875
2 0.3703125 0.89140625 0.0375 0.03125
2 0.475 0.7484375 0.0109375 0.034375
2 0.43671875 0.75859375 0.01875 0.0625
2 0.3578125 0.94609375 0.03125 0.025
2 0.25 0.8859375 0.046875 0.015625
2 0.21484375 0.96953125 0.034375 0.0125
2 0.39609375 0.91640625 0.028125 0.03125
2 0.42890625 0.884375 0.0234375 0.03125
2 0.0328125 0.79140625 0.0203125 0.046875
2 0.45078125 0.84609375 0.0203125 0.0328125
2 0.06796875 0.77265625 0.025 0.0625
2 0.0265625 0.72578125 0.01875 0.0484375
2 0.26328125 0.971875 0.03125 0.0140625
2 0.07421875 0.69296875 0.025 0.059375
2 0.1109375 0.74921875 0.01875 0.046875
3 0.7671875 0.859375 0.121875 0.071875
3 0.88359375 0.840625 0.0984375 0.059375
3 0.640625 0.8375 0.121875 0.059375
3 0.62734375 0.69375 0.071875 0.04375
3 0.778125 0.67578125 0.059375 0.034375
3 0.7 0.6765625 0.071875 0.034375
3 0.55625 0.78515625 0.075 0.059375
3 0.94609375 0.75390625 0.0671875 0.040625
3 0.84296875 0.6859375 0.05625 0.0375
3 0.9046875 0.71171875 0.059375 0.04375
3 0.56640625 0.73359375 0.071875 0.05
3 0.94765625 0.80078125 0.0703125 0.046875