4 0.153125 0.25 0.20625 0.153125
4 0.36328125 0.2421875 0.1625 0.1375
1 0.75 0.2734375 0.475 0.165625
5 0.334375 0.70390625 0.13125 0.1328125
5 0.3359375 0.83984375 0.134375 0.134375
5 0.21875 0.8234375 0.1 0.0984375
5 0.17578125 0.68203125 0.1828125 0.1828125
0 0.53515625 0.69453125 0.059375 0.04375
0 0.84921875 0.69375 0.0625 0.05
0 0.7515625 0.72578125 0.065625 0.040625
0 0.63828125 0.565625 0.053125 0.0265625
0 0.80703125 0.55 0.040625 0.0265625
0 0.62578125 0.609375 0.05 0.028125
0 0.83359375 0.796875 0.08125 0.08125
0 0.5796875 0.59453125 0.05 0.028125
0 0.8984375 0.6125 0.046875 0.03125
0 0.6234375 0.6453125 0.05 0.034375
0 0.92109375 0.5875 0.046875 0.0265625
0 0.84609375 0.58828125 0.040625 0.025
0 0.66171875 0.68828125 0.053125 0.05
0 0.7015625 0.60703125 0.040625 0.028125
0 0.69375 0.5515625 0.034375 0.01875
0 0.68984375 0.64375 0.05625 0.0421875
0 0.53828125 0.6375 0.04375 0.0359375
0 0.73359375 0.79609375 0.0671875 0.06875
0 0.7484375 0.67109375 0.05625 0.046875
0 0.83359375 0.609375 0.0421875 0.03125
0 0.92890625 0.74296875 0.075 0.05625
0 0.82265625 0.64453125 0.05 0.040625
0 0.8625 0.56328125 0.04375 0.021875
0 0.95859375 0.68671875 0.071875 0.0515625
0 0.765625 0.5921875 0.046875 0.028125
0 0.72578125 0.56875 0.0421875 0.021875
0 0.89375 0.64921875 0.046875 0.0375
0 0.75625 0.628125 0.04375 0.0375
0 0.6671875 0.58359375 0.040625 0.028125
0 0.96328125 0.63359375 0.046875 0.040625
0 0.61015625 0.75625 0.075 0.0625
0 0.7484375 0.5453125 0.028125 0.021875
0 0.7828125 0.5734375 0.0390625 0.021875