4 0.25078125 0.346875 0.48125 0.26875
4 0.24375 0.12265625 0.4203125 0.2421875
0 0.7421875 0.059375 0.071875 0.05625
0 0.828125 0.0703125 0.0625 0.046875
0 0.64765625 0.08828125 0.06875 0.059375
0 0.90234375 0.1359375 0.065625 0.075
0 0.5796875 0.165625 0.0625 0.078125
0 0.94140625 0.23359375 0.053125 0.08125
0 0.58984375 0.36015625 0.05 0.059375
0 0.5578125 0.27421875 0.0546875 0.071875
0 0.665625 0.4234375 0.0703125 0.059375
0 0.8390625 0.209375 0.0375 0.053125
0 0.77890625 0.15625 0.053125 0.0390625
0 0.65625 0.21484375 0.0390625 0.04375
0 0.928125 0.3296875 0.053125 0.059375
0 0.76875 0.43828125 0.08125 0.05625
0 0.69921875 0.16640625 0.04375 0.0390625
0 0.65859375 0.290625 0.040625 0.05
0 0.87578125 0.39921875 0.0578125 0.053125
0 0.8390625 0.2921875 0.040625 0.05
0 0.715625 0.340625 0.04375 0.0375
0 0.7890625 0.33828125 0.04375 0.0375
0 0.74296875 0.21015625 0.0375 0.028125
0 0.7359375 0.28359375 0.034375 0.028125
0 0.77890625 0.2765625 0.034375 0.0328125
0 0.7890625 0.228125 0.028125 0.0359375
0 0.71171875 0.2453125 0.028125 0.0375
1 0.25 0.75 0.4078125 0.325
3 0.80546875 0.7984375 0.196875 0.1546875
3 0.6578125 0.68671875 0.165625 0.1140625