3 0.246875 0.24921875 0.303125 0.225
0 0.71015625 0.36875 0.0625 0.053125
0 0.853125 0.34453125 0.046875 0.053125
0 0.86640625 0.19453125 0.05 0.053125
0 0.828125 0.1359375 0.05625 0.05
0 0.7453125 0.20546875 0.053125 0.046875
0 0.6125 0.3921875 0.05 0.05
0 0.64453125 0.32265625 0.0515625 0.059375
0 0.76875 0.2921875 0.0609375 0.04375
0 0.7515625 0.1109375 0.059375 0.0375
0 0.88125 0.09375 0.046875 0.05
0 0.778125 0.44921875 0.0625 0.0359375
0 0.859375 0.421875 0.05 0.046875
0 0.68125 0.1453125 0.0515625 0.053125
0 0.93671875 0.16171875 0.040625 0.0640625
0 0.69453125 0.44296875 0.059375 0.04375
0 0.71015625 0.26875 0.04375 0.053125
0 0.5625 0.3140625 0.040625 0.065625
0 0.7875 0.3796875 0.059375 0.0375
0 0.80859375 0.23828125 0.046875 0.0515625
0 0.921875 0.37109375 0.05 0.05
0 0.63515625 0.1953125 0.046875 0.05
0 0.94765625 0.303125 0.04375 0.04375
0 0.56875 0.15390625 0.0421875 0.046875
0 0.54921875 0.2390625 0.034375 0.059375
0 0.88515625 0.27421875 0.028125 0.059375
0 0.95859375 0.23515625 0.034375 0.0515625
0 0.7078125 0.0515625 0.05625 0.040625
0 0.79765625 0.0515625 0.05625 0.034375
0 0.62578125 0.0953125 0.0546875 0.0515625
0 0.62890625 0.25703125 0.0375 0.0546875
3 0.37109375 0.71796875 0.10625 0.065625
3 0.18984375 0.71953125 0.1 0.065625
3 0.2 0.81171875 0.1671875 0.1078125
3 0.103125 0.75625 0.0859375 0.071875
3 0.3140625 0.7484375 0.1015625 0.06875
3 0.26640625 0.68203125 0.1 0.05625
4 0.753125 0.7484375 0.234375 0.278125