4 0.24765625 0.2515625 0.275 0.15625
2 0.7484375 0.25 0.2375 0.3265625
4 0.2515625 0.77265625 0.475 0.284375
0 0.56015625 0.94921875 0.103125 0.05
0 0.68203125 0.8109375 0.10625 0.04375
0 0.68203125 0.9484375 0.109375 0.0484375
0 0.9375 0.95078125 0.0953125 0.04375
0 0.5640625 0.809375 0.10625 0.0453125
0 0.5875 0.5453125 0.0703125 0.028125
0 0.8359375 0.953125 0.096875 0.046875
0 0.8375 0.821875 0.09375 0.034375
0 0.94375 0.82265625 0.0953125 0.034375
0 0.66640625 0.54609375 0.071875 0.028125
0 0.8453125 0.6390625 0.0796875 0.025
0 0.8390625 0.7203125 0.0859375 0.025
0 0.934375 0.6375 0.08125 0.028125
0 0.93671875 0.7203125 0.0859375 0.028125
0 0.5890625 0.6421875 0.075 0.025
0 0.9296875 0.5515625 0.059375 0.025
0 0.8578125 0.55078125 0.059375 0.025
0 0.6671875 0.6390625 0.0734375 0.025
0 0.6703125 0.71484375 0.084375 0.0328125
0 0.58125 0.7140625 0.084375 0.034375
0 0.89375 0.55078125 0.13125 0.025