4 0.2453125 0.2421875 0.390625 0.2625
4 0.5875 0.28046875 0.15625 0.084375
4 0.91328125 0.26328125 0.1546875 0.11875
4 0.75 0.26953125 0.1625 0.1015625
2 0.1234375 0.771875 0.221875 0.146875
2 0.35 0.65625 0.171875 0.121875
2 0.29296875 0.85546875 0.121875 0.096875
2 0.434375 0.775 0.1 0.09375
2 0.2390625 0.703125 0.146875 0.1078125
2 0.3546875 0.80859375 0.0625 0.0578125
1 0.678125 0.84375 0.096875 0.0765625
1 0.57109375 0.70703125 0.071875 0.075
1 0.83984375 0.85234375 0.09375 0.059375
1 0.84765625 0.6171875 0.0671875 0.03125
1 0.5796875 0.79375 0.075 0.0625
1 0.7671875 0.7625 0.078125 0.0625
1 0.83828125 0.7328125 0.053125 0.05
1 0.68359375 0.73046875 0.059375 0.0625
1 0.92109375 0.79921875 0.059375 0.059375
1 0.74609375 0.60546875 0.0609375 0.028125
1 0.94921875 0.73125 0.05625 0.05
1 0.71875 0.6703125 0.065625 0.040625
1 0.63984375 0.6328125 0.075 0.040625
1 0.91328125 0.66484375 0.046875 0.04375
1 0.7984375 0.6703125 0.06875 0.053125