4 0.25 0.2484375 0.471875 0.378125
2 0.8921875 0.24765625 0.140625 0.303125
2 0.5921875 0.25 0.121875 0.309375
2 0.7359375 0.24921875 0.103125 0.25
4 0.41875 0.825 0.1265625 0.103125
4 0.3109375 0.765625 0.128125 0.065625
4 0.15 0.79765625 0.109375 0.0703125
4 0.059375 0.753125 0.0921875 0.059375
4 0.4328125 0.7359375 0.1046875 0.05625
4 0.10703125 0.69296875 0.05 0.028125
4 0.29765625 0.67578125 0.075 0.0328125
4 0.39375 0.6890625 0.08125 0.0390625
4 0.10703125 0.7203125 0.053125 0.028125
4 0.36328125 0.71171875 0.053125 0.028125
4 0.18671875 0.75234375 0.0484375 0.0390625
4 0.17578125 0.69609375 0.0609375 0.028125
4 0.20625 0.715625 0.05 0.0375
4 0.203125 0.6765625 0.046875 0.025
4 0.28515625 0.72265625 0.05 0.040625
4 0.24921875 0.6953125 0.046875 0.0234375
4 0.31484375 0.7484375 0.08125 0.0296875
4 0.3015625 0.70234375 0.04375 0.01875
5 0.7546875 0.778125 0.2828125 0.2