3 0.17578125 0.32734375 0.109375 0.0765625
3 0.18125 0.234375 0.084375 0.053125
3 0.0796875 0.27578125 0.096875 0.0609375
3 0.2921875 0.24921875 0.1046875 0.065625
3 0.3875 0.2078125 0.08125 0.0515625
3 0.10078125 0.20390625 0.08125 0.05
3 0.2125 0.1734375 0.075 0.046875
3 0.30546875 0.171875 0.06875 0.04375
3 0.425 0.271875 0.090625 0.059375
3 0.33125 0.3328125 0.109375 0.075
2 0.5375 0.3015625 0.05625 0.0625
2 0.821875 0.29921875 0.05625 0.0671875
2 0.96015625 0.30234375 0.053125 0.059375
2 0.67109375 0.2984375 0.05 0.06875
2 0.565625 0.1828125 0.040625 0.0453125
2 0.93984375 0.2375 0.046875 0.05
2 0.546875 0.23046875 0.040625 0.05
2 0.675 0.14765625 0.0328125 0.04375
2 0.68046875 0.1875 0.040625 0.0375
2 0.6796875 0.228125 0.0421875 0.05
2 0.90390625 0.153125 0.0328125 0.0390625
2 0.91796875 0.190625 0.0359375 0.0421875
2 0.81015625 0.2265625 0.046875 0.05
2 0.58046875 0.14609375 0.0421875 0.0390625
2 0.7953125 0.17890625 0.0375 0.0453125
2 0.78984375 0.1453125 0.025 0.040625
1 0.24921875 0.77109375 0.45 0.315625
2 0.75 0.74921875 0.4390625 0.425