2 0.19296875 0.3140625 0.075 0.0859375
2 0.4390625 0.34375 0.0796875 0.096875
2 0.3171875 0.31796875 0.078125 0.096875
2 0.046875 0.3296875 0.08125 0.0890625
2 0.4578125 0.2015625 0.06875 0.0578125
2 0.3671875 0.2328125 0.078125 0.0609375
2 0.125 0.1578125 0.04375 0.053125
2 0.08515625 0.23046875 0.0625 0.059375
2 0.175 0.215625 0.06875 0.053125
2 0.3921875 0.16796875 0.0734375 0.04375
2 0.27578125 0.2140625 0.0625 0.05625
2 0.3234375 0.1546875 0.0546875 0.04375
2 0.0375 0.17890625 0.05 0.053125
2 0.2625 0.1515625 0.046875 0.04375
2 0.20234375 0.1515625 0.040625 0.05
5 0.7578125 0.25234375 0.328125 0.203125
5 0.259375 0.7453125 0.34375 0.175
5 0.753125 0.753125 0.321875 0.153125