2 0.0859375 0.1890625 0.1375 0.04375
2 0.3140625 0.3515625 0.1 0.053125
2 0.2609375 0.321875 0.1 0.0515625
2 0.43671875 0.3015625 0.0875 0.046875
2 0.22265625 0.28984375 0.0875 0.04375
2 0.33046875 0.21484375 0.1046875 0.046875
2 0.18125 0.25546875 0.121875 0.05625
2 0.39765625 0.27421875 0.078125 0.0375
2 0.3625 0.24609375 0.08125 0.0375
2 0.2421875 0.15 0.13125 0.05
2 0.146875 0.23203125 0.1125 0.05
2 0.28828125 0.1921875 0.09375 0.040625
2 0.11171875 0.21171875 0.109375 0.0390625
2 0.265625 0.16796875 0.125 0.046875
1 0.58671875 0.2453125 0.1359375 0.096875
1 0.9078125 0.25 0.146875 0.096875
1 0.74765625 0.2484375 0.134375 0.0875
1 0.4484375 0.6953125 0.0734375 0.065625
1 0.10234375 0.6015625 0.071875 0.065625
1 0.240625 0.553125 0.0640625 0.065625
1 0.2515625 0.7515625 0.06875 0.090625
1 0.4390625 0.834375 0.0859375 0.0796875
1 0.084375 0.8484375 0.078125 0.075
1 0.37890625 0.5890625 0.071875 0.06875
1 0.05234375 0.72890625 0.08125 0.071875
1 0.19375 0.93046875 0.0703125 0.09375
1 0.3375 0.921875 0.075 0.096875
1 0.7328125 0.81328125 0.1046875 0.0671875
1 0.9375 0.76953125 0.1015625 0.05625
1 0.8046875 0.74296875 0.0953125 0.059375
1 0.56875 0.7875 0.103125 0.0625
1 0.559375 0.709375 0.071875 0.05
1 0.6578125 0.659375 0.0625 0.0421875
1 0.640625 0.73984375 0.084375 0.046875
1 0.86171875 0.70078125 0.0875 0.0375
1 0.70390625 0.7 0.08125 0.04375
1 0.75859375 0.6671875 0.075 0.034375