3 0.28125 0.18671875 0.0828125 0.08125
3 0.35703125 0.26015625 0.078125 0.0796875
3 0.18515625 0.24140625 0.071875 0.071875
3 0.40078125 0.17265625 0.075 0.075
3 0.1890625 0.13359375 0.06875 0.065625
3 0.0921875 0.2875 0.075 0.071875
3 0.3265625 0.36484375 0.0671875 0.0671875
3 0.2578125 0.29296875 0.06875 0.06875
3 0.10078125 0.1828125 0.065625 0.0625
3 0.184375 0.35859375 0.075 0.075
3 0.6359375 0.23671875 0.1875 0.1671875
3 0.8515625 0.2625 0.20625 0.1875
5 0.2578125 0.7203125 0.48125 0.321875
3 0.64921875 0.82890625 0.1296875 0.1296875
3 0.8859375 0.66171875 0.11875 0.11875
3 0.75078125 0.715625 0.128125 0.1296875
3 0.840625 0.8359375 0.1296875 0.128125
3 0.61875 0.6703125 0.121875 0.125