1 0.24921875 0.26328125 0.446875 0.20625
1 0.596875 0.33515625 0.175 0.1546875
1 0.69453125 0.13046875 0.096875 0.0390625
1 0.59765625 0.2125 0.08125 0.0625
1 0.7328125 0.2828125 0.084375 0.075
1 0.92109375 0.20234375 0.1375 0.084375
1 0.83203125 0.10390625 0.125 0.034375
1 0.85078125 0.28515625 0.071875 0.065625
1 0.69453125 0.22109375 0.059375 0.0515625
1 0.75234375 0.159375 0.065625 0.03125
1 0.8015625 0.184375 0.04375 0.034375
1 0.803125 0.22890625 0.0625 0.046875
1 0.840625 0.1484375 0.05 0.025
1 0.903125 0.134375 0.053125 0.015625
1 0.240625 0.75546875 0.3984375 0.353125
1 0.896875 0.821875 0.109375 0.134375
1 0.60703125 0.69375 0.103125 0.115625
1 0.75390625 0.5875 0.1375 0.0734375
1 0.675 0.875 0.184375 0.128125
1 0.915625 0.6703125 0.090625 0.09375