0 0.3640625 0.0546875 0.125 0.0515625
0 0.15703125 0.228125 0.2375 0.040625
0 0.390625 0.4046875 0.1765625 0.0546875
0 0.153125 0.2796875 0.24375 0.046875
0 0.396875 0.346875 0.171875 0.0578125
0 0.14375 0.084375 0.096875 0.028125
0 0.14375 0.1296875 0.1046875 0.0265625
0 0.14375 0.17578125 0.1390625 0.0296875
0 0.38515625 0.284375 0.1703125 0.0375
0 0.15234375 0.34140625 0.2125 0.059375
0 0.3703125 0.10234375 0.1125 0.025
0 0.38046875 0.146875 0.134375 0.021875
0 0.3875 0.234375 0.1 0.034375
0 0.15 0.40234375 0.24375 0.0640625
0 0.378125 0.18984375 0.1140625 0.03125
3 0.76640625 0.2796875 0.109375 0.075
3 0.6203125 0.27734375 0.125 0.075
3 0.89765625 0.27734375 0.1125 0.08125
3 0.6953125 0.25078125 0.075 0.0609375
3 0.82578125 0.25 0.065625 0.065625
5 0.27890625 0.765625 0.29375 0.2203125
2 0.75625 0.84921875 0.08125 0.121875
2 0.92578125 0.740625 0.08125 0.0875
2 0.80234375 0.71484375 0.084375 0.09375
2 0.85390625 0.64453125 0.0625 0.065625
2 0.546875 0.6546875 0.06875 0.071875
2 0.60703125 0.73359375 0.071875 0.096875
2 0.9578125 0.6578125 0.06875 0.065625
2 0.6640625 0.6359375 0.06875 0.0625
2 0.75234375 0.63125 0.053125 0.059375
2 0.70078125 0.715625 0.0953125 0.075