0 0.046875 0.29609375 0.046875 0.040625
0 0.453125 0.29921875 0.046875 0.0375
0 0.134375 0.3 0.059375 0.0375
0 0.10703125 0.2625 0.04375 0.0359375
0 0.21796875 0.3015625 0.046875 0.040625
0 0.2953125 0.2953125 0.04375 0.04375
0 0.21796875 0.1921875 0.034375 0.0234375
0 0.15234375 0.23125 0.0375 0.034375
0 0.28828125 0.190625 0.040625 0.025
0 0.3765625 0.29453125 0.046875 0.040625
0 0.4 0.26171875 0.034375 0.034375
0 0.2640625 0.2515625 0.046875 0.03125
0 0.1859375 0.2125 0.03125 0.021875
0 0.18359375 0.26328125 0.0375 0.03125
0 0.36328125 0.2328125 0.0375 0.028125
0 0.259375 0.2140625 0.03125 0.025
0 0.21796875 0.2359375 0.0359375 0.025
0 0.33203125 0.2640625 0.04375 0.0296875
0 0.33515625 0.209375 0.0296875 0.025
0 0.3046875 0.23046875 0.034375 0.025
5 0.8890625 0.17265625 0.09375 0.178125
5 0.7171875 0.278125 0.396875 0.121875
2 0.421875 0.79921875 0.128125 0.05625
2 0.240625 0.7953125 0.1359375 0.05625
2 0.25 0.74375 0.090625 0.04375
2 0.3875 0.753125 0.103125 0.0421875
2 0.0953125 0.7453125 0.0984375 0.0390625
2 0.0625 0.78671875 0.121875 0.059375
2 0.90078125 0.7984375 0.15 0.196875
2 0.77578125 0.62734375 0.265625 0.121875
2 0.6125 0.79453125 0.190625 0.153125