5 0.2625 0.2328125 0.4625 0.4359375
5 0.746875 0.14609375 0.3625 0.0515625
5 0.74765625 0.29921875 0.3625 0.15625
2 0.103125 0.84375 0.1359375 0.06875
2 0.25390625 0.89453125 0.14375 0.0765625
2 0.28359375 0.5875 0.109375 0.0453125
2 0.29375 0.834375 0.134375 0.0734375
2 0.42421875 0.62265625 0.1078125 0.04375
2 0.18359375 0.7296875 0.128125 0.065625
2 0.14296875 0.7859375 0.13125 0.065625
2 0.33515625 0.7734375 0.134375 0.075
2 0.2125 0.6765625 0.115625 0.0625
2 0.25078125 0.6296875 0.1109375 0.0484375
2 0.396875 0.66484375 0.11875 0.05625
2 0.36640625 0.71171875 0.1234375 0.0625
2 0.71484375 0.8515625 0.153125 0.10625
2 0.8796875 0.81640625 0.13125 0.103125
2 0.5734375 0.78046875 0.084375 0.0921875
2 0.71640625 0.6328125 0.1 0.05625
2 0.6 0.67734375 0.09375 0.065625
2 0.83671875 0.63828125 0.0875 0.040625
2 0.93125 0.70234375 0.10625 0.06875