5 0.24375 0.24609375 0.375 0.13125
0 0.80078125 0.15 0.134375 0.071875
0 0.75546875 0.40390625 0.1453125 0.0828125
0 0.628125 0.22578125 0.103125 0.08125
0 0.5453125 0.36640625 0.090625 0.08125
0 0.5375 0.25625 0.075 0.075
0 0.96796875 0.09140625 0.0625 0.065625
0 0.93046875 0.20703125 0.0671875 0.0640625
0 0.746875 0.30078125 0.1171875 0.0828125
0 0.8421875 0.05078125 0.11875 0.0625
0 0.91640625 0.34921875 0.1125 0.0875
0 0.6484375 0.1125 0.084375 0.0609375
0 0.521875 0.109375 0.04375 0.078125
0 0.6203125 0.021875 0.14375 0.04375
3 0.10625 0.70390625 0.1171875 0.1
3 0.24296875 0.84140625 0.1796875 0.121875
3 0.378125 0.74140625 0.1578125 0.103125
3 0.2140625 0.6421875 0.1125 0.0578125
3 0.2765625 0.68515625 0.1328125 0.078125
3 0.184375 0.77734375 0.15625 0.0921875
0 0.75078125 0.74921875 0.4375 0.359375