5 0.14296875 0.25078125 0.2328125 0.1953125
5 0.34609375 0.253125 0.2390625 0.1984375
5 0.7375 0.26328125 0.23125 0.1375
5 0.25078125 0.7640625 0.2296875 0.1828125
0 0.5546875 0.7328125 0.078125 0.05625
0 0.64921875 0.9421875 0.065625 0.053125
0 0.64375 0.734375 0.0796875 0.05625
0 0.6265625 0.55625 0.06875 0.0578125
0 0.8453125 0.84375 0.078125 0.046875
0 0.88671875 0.5515625 0.165625 0.0515625
0 0.8328125 0.940625 0.084375 0.065625
0 0.64453125 0.84140625 0.08125 0.05
0 0.9328125 0.9421875 0.08125 0.0625
0 0.5546875 0.8390625 0.08125 0.046875
0 0.63984375 0.6421875 0.078125 0.05
0 0.55 0.640625 0.075 0.05
0 0.5546875 0.5609375 0.065625 0.053125
0 0.84453125 0.72890625 0.075 0.0625
0 0.9296875 0.728125 0.075 0.0640625
0 0.83828125 0.6390625 0.0875 0.0625
0 0.5625 0.94140625 0.065625 0.05625
0 0.84453125 0.5515625 0.08125 0.0484375
0 0.93046875 0.6375 0.0875 0.0640625
0 0.928125 0.8421875 0.078125 0.046875
0 0.928125 0.5515625 0.08125 0.05
0 0.884375 0.6375 0.18125 0.065625