1 0.053125 0.27578125 0.046875 0.04375
1 0.440625 0.275 0.0578125 0.053125
1 0.3421875 0.275 0.05625 0.04375
1 0.37578125 0.2328125 0.059375 0.0359375
1 0.1890625 0.2109375 0.053125 0.0265625
1 0.1328125 0.27890625 0.0515625 0.0375
1 0.103125 0.234375 0.05625 0.0296875
1 0.28828125 0.2109375 0.05625 0.01875
1 0.28203125 0.2359375 0.0625 0.03125
1 0.19296875 0.2421875 0.0609375 0.03125
5 0.74921875 0.2515625 0.396875 0.1390625
5 0.26953125 0.75390625 0.2171875 0.16875
4 0.634375 0.76875 0.21875 0.1078125
4 0.86875 0.7625 0.196875 0.11875