1 0.24921875 0.24921875 0.484375 0.228125
2 0.7765625 0.36328125 0.14375 0.075
2 0.5734375 0.33515625 0.090625 0.06875
2 0.9421875 0.31875 0.084375 0.059375
2 0.9609375 0.23828125 0.05 0.0625
2 0.77734375 0.1375 0.0671875 0.034375
2 0.7 0.203125 0.05625 0.05625
2 0.5859375 0.1796875 0.0625 0.04375
2 0.53203125 0.25078125 0.05625 0.0578125
2 0.88125 0.1734375 0.0625 0.040625
2 0.684375 0.14375 0.059375 0.034375
2 0.7703125 0.24609375 0.084375 0.053125
2 0.80859375 0.19375 0.078125 0.05
1 0.3484375 0.7984375 0.240625 0.21875
1 0.1390625 0.73828125 0.24375 0.190625
1 0.2734375 0.60625 0.253125 0.1203125
5 0.77265625 0.7546875 0.259375 0.13125