4 0.34609375 0.32265625 0.15625 0.125
4 0.403125 0.1984375 0.134375 0.1
4 0.24765625 0.1625 0.10625 0.115625
4 0.1 0.18125 0.125 0.096875
4 0.13828125 0.3203125 0.14375 0.1578125
2 0.6234375 0.271875 0.221875 0.146875
2 0.85 0.15625 0.171875 0.121875
2 0.79296875 0.35546875 0.121875 0.096875
2 0.934375 0.275 0.1 0.09375
2 0.7390625 0.203125 0.146875 0.1078125
2 0.8546875 0.30859375 0.0625 0.0578125
1 0.18671875 0.57265625 0.090625 0.075
1 0.1875 0.7421875 0.0875 0.103125
1 0.3140625 0.7328125 0.0859375 0.096875
1 0.14921875 0.90390625 0.1015625 0.0984375
1 0.33359375 0.58828125 0.096875 0.090625
1 0.42578125 0.79453125 0.075 0.10625
1 0.31328125 0.91796875 0.10625 0.1
1 0.08359375 0.6578125 0.0890625 0.09375
1 0.06953125 0.77421875 0.078125 0.1046875
1 0.4140625 0.67421875 0.0921875 0.090625
1 0.84609375 0.8125 0.10625 0.09375
1 0.675 0.81640625 0.1125 0.08125
1 0.58125 0.74921875 0.084375 0.06875
1 0.63125 0.675 0.078125 0.040625
1 0.75546875 0.64765625 0.09375 0.028125
1 0.928125 0.734375 0.0859375 0.05
1 0.86875 0.67109375 0.065625 0.025