4 0.24921875 0.24609375 0.1140625 0.0734375
4 0.1296875 0.34609375 0.096875 0.06875
4 0.378125 0.34921875 0.09375 0.078125
4 0.32890625 0.12890625 0.0921875 0.071875
4 0.25234375 0.38203125 0.0875 0.065625
4 0.18671875 0.1203125 0.0828125 0.06875
4 0.3921875 0.23671875 0.096875 0.065625
4 0.11171875 0.23359375 0.09375 0.06875
2 0.62421875 0.2875 0.1625 0.0796875
2 0.85234375 0.25546875 0.171875 0.096875
2 0.815625 0.33359375 0.2109375 0.1171875
2 0.7 0.24296875 0.1265625 0.0921875
2 0.69921875 0.19140625 0.14375 0.053125
5 0.24921875 0.75078125 0.425 0.1796875
5 0.75234375 0.7546875 0.21875 0.190625