3 0.18828125 0.13515625 0.08125 0.0375
3 0.3546875 0.14765625 0.06875 0.0359375
3 0.2796875 0.12734375 0.0734375 0.03125
3 0.32265625 0.32109375 0.146875 0.11875
3 0.25703125 0.1984375 0.121875 0.071875
3 0.103125 0.2484375 0.1015625 0.078125
3 0.16640625 0.31640625 0.125 0.1
3 0.41015625 0.2515625 0.1 0.08125
3 0.4078125 0.18515625 0.0703125 0.0453125
3 0.11796875 0.17734375 0.1 0.053125
1 0.6390625 0.15625 0.2421875 0.29375
1 0.8234375 0.3109375 0.3078125 0.35
1 0.08671875 0.7453125 0.1359375 0.096875
1 0.4078125 0.75 0.146875 0.096875
1 0.24765625 0.7484375 0.134375 0.0875
4 0.74921875 0.74609375 0.1140625 0.0734375
4 0.6296875 0.84609375 0.096875 0.06875
4 0.878125 0.84921875 0.09375 0.078125
4 0.82890625 0.62890625 0.0921875 0.071875
4 0.75234375 0.88203125 0.0875 0.065625
4 0.68671875 0.6203125 0.0828125 0.06875
4 0.8921875 0.73671875 0.096875 0.065625
4 0.61171875 0.73359375 0.09375 0.06875