3 0.2671875 0.359375 0.121875 0.071875
3 0.38359375 0.340625 0.0984375 0.059375
3 0.140625 0.3375 0.121875 0.059375
3 0.12734375 0.19375 0.071875 0.04375
3 0.278125 0.17578125 0.059375 0.034375
3 0.2 0.1765625 0.071875 0.034375
3 0.05625 0.28515625 0.075 0.059375
3 0.44609375 0.25390625 0.0671875 0.040625
3 0.34296875 0.1859375 0.05625 0.0375
3 0.4046875 0.21171875 0.059375 0.04375
3 0.06640625 0.23359375 0.071875 0.05
3 0.44765625 0.30078125 0.0703125 0.046875
0 0.6703125 0.3453125 0.0828125 0.0546875
0 0.78203125 0.3484375 0.0875 0.05625
0 0.5953125 0.3234375 0.0671875 0.0578125
0 0.8859375 0.3359375 0.065625 0.053125
0 0.6359375 0.2109375 0.046875 0.0296875
0 0.5796875 0.23984375 0.0484375 0.034375
0 0.70859375 0.19375 0.053125 0.0265625
0 0.5515625 0.28046875 0.046875 0.04375
0 0.9015625 0.23046875 0.0484375 0.0328125
0 0.8484375 0.20625 0.05 0.0265625
0 0.828125 0.2765625 0.0609375 0.04375
0 0.7796875 0.19453125 0.05 0.03125
0 0.75 0.28984375 0.071875 0.05
0 0.8359375 0.240625 0.0453125 0.0375
0 0.93359375 0.3015625 0.053125 0.053125
0 0.765625 0.2203125 0.05625 0.028125
0 0.6953125 0.22890625 0.05625 0.034375
0 0.9421875 0.26328125 0.0375 0.0375
0 0.6734375 0.2640625 0.053125 0.046875
0 0.75625 0.253125 0.0515625 0.0375
4 0.346875 0.8453125 0.125 0.090625
4 0.08515625 0.7171875 0.115625 0.0703125
4 0.153125 0.84765625 0.121875 0.096875
4 0.41171875 0.73359375 0.1125 0.0671875
4 0.32109375 0.64296875 0.08125 0.06875
4 0.1828125 0.64453125 0.096875 0.0609375
1 0.60625 0.80859375 0.1296875 0.1125
1 0.7109375 0.9046875 0.1375 0.1046875
1 0.803125 0.7859375 0.10625 0.0796875
1 0.70859375 0.68515625 0.10625 0.0640625
1 0.80625 0.5984375 0.084375 0.053125
1 0.8703125 0.69921875 0.084375 0.0625
1 0.9296875 0.6265625 0.078125 0.04375