3 0.2546875 0.2359375 0.109375 0.071875
3 0.14765625 0.3046875 0.0953125 0.075
3 0.38828125 0.26171875 0.0875 0.06875
3 0.37265625 0.19453125 0.078125 0.0515625
3 0.1578125 0.16875 0.078125 0.053125
3 0.3390625 0.32578125 0.08125 0.0640625
3 0.24453125 0.340625 0.090625 0.071875
3 0.11171875 0.2328125 0.0875 0.0625
3 0.24140625 0.15 0.0671875 0.040625
3 0.3140625 0.1546875 0.0578125 0.0390625
2 0.8390625 0.25546875 0.1296875 0.240625
2 0.6625 0.25390625 0.13125 0.2421875
5 0.3140625 0.71171875 0.10625 0.2359375
5 0.19453125 0.88359375 0.1203125 0.05
5 0.31484375 0.88359375 0.10625 0.05
5 0.19453125 0.7109375 0.121875 0.234375
0 0.6953125 0.5609375 0.08125 0.028125
0 0.88515625 0.8796875 0.0984375 0.071875
0 0.62734375 0.8890625 0.1 0.071875
0 0.7546875 0.93828125 0.1125 0.040625
0 0.809375 0.5625 0.0828125 0.0265625
0 0.60546875 0.61640625 0.075 0.0484375
0 0.890625 0.61328125 0.065625 0.040625
0 0.715625 0.628125 0.075 0.0359375
0 0.7859375 0.82265625 0.09375 0.046875
0 0.56171875 0.79765625 0.05625 0.0875
0 0.8109375 0.64140625 0.06875 0.03125
0 0.95234375 0.6890625 0.05 0.075
0 0.87734375 0.6921875 0.0625 0.0625
0 0.78984375 0.69609375 0.0875 0.05
0 0.76328125 0.7640625 0.1 0.040625
0 0.6875 0.8109375 0.06875 0.0625
0 0.9484375 0.778125 0.0421875 0.0875
0 0.7015625 0.71640625 0.05625 0.071875
0 0.571875 0.69140625 0.05625 0.0625
0 0.86953125 0.7640625 0.05625 0.059375
0 0.63515625 0.6765625 0.05625 0.053125
0 0.62265625 0.7453125 0.0375 0.0625