5 0.253125 0.14375 0.275 0.05625
5 0.25390625 0.29453125 0.271875 0.14375
0 0.6015625 0.35625 0.053125 0.0453125
0 0.621875 0.1765625 0.0375 0.021875
0 0.95234375 0.2359375 0.05625 0.034375
0 0.6609375 0.11328125 0.040625 0.0234375
0 0.715625 0.103125 0.046875 0.021875
0 0.6140625 0.1328125 0.028125 0.01875
0 0.6703125 0.20078125 0.040625 0.021875
0 0.596875 0.253125 0.034375 0.03125
0 0.5765625 0.165625 0.034375 0.03125
0 0.6640625 0.1546875 0.03125 0.01875
0 0.6421875 0.2390625 0.028125 0.0375
0 0.60625 0.20625 0.0234375 0.021875
0 0.72109375 0.13515625 0.03125 0.01875
0 0.7 0.23203125 0.028125 0.03125
0 0.76953125 0.09921875 0.03125 0.01875
0 0.70078125 0.17109375 0.0203125 0.021875
0 0.7375 0.190625 0.0390625 0.03125
0 0.7265625 0.3359375 0.040625 0.034375
0 0.76796875 0.13125 0.0375 0.0234375
0 0.925 0.340625 0.040625 0.028125
0 0.66875 0.2828125 0.0328125 0.03125
0 0.8359375 0.2484375 0.0390625 0.028125
0 0.72578125 0.290625 0.0375 0.034375
0 0.7375 0.24453125 0.053125 0.034375
0 0.77734375 0.21171875 0.034375 0.01875
0 0.746875 0.40234375 0.040625 0.0390625
0 0.54296875 0.25546875 0.03125 0.025
0 0.78125 0.25703125 0.03125 0.025
0 0.8859375 0.3734375 0.0390625 0.03125
0 0.79140625 0.3 0.028125 0.0234375
0 0.7921875 0.34921875 0.0453125 0.0359375
0 0.55390625 0.30078125 0.034375 0.034375
0 0.54921875 0.21484375 0.040625 0.03125
0 0.8640625 0.28515625 0.0484375 0.0328125
0 0.8203125 0.39765625 0.0453125 0.034375
0 0.6125 0.296875 0.0375 0.03125
0 0.93671875 0.1828125 0.040625 0.025
0 0.85078125 0.334375 0.0546875 0.028125
0 0.95625 0.3015625 0.04375 0.0328125
0 0.6703125 0.31875 0.046875 0.01875
0 0.7875 0.17265625 0.0453125 0.021875
0 0.68046875 0.38671875 0.075 0.034375
0 0.88203125 0.21953125 0.034375 0.028125
0 0.9125 0.26953125 0.025 0.025
0 0.8265625 0.20703125 0.04375 0.021875
2 0.24609375 0.71953125 0.384375 0.28125
2 0.7484375 0.64453125 0.31875 0.1734375
2 0.746875 0.809375 0.3625 0.221875