4 0.1390625 0.10703125 0.096875 0.0875
4 0.421875 0.22109375 0.084375 0.0890625
4 0.0921875 0.29453125 0.09375 0.0953125
4 0.31328125 0.07265625 0.0890625 0.0625
4 0.403125 0.3359375 0.0703125 0.075
4 0.23046875 0.4203125 0.06875 0.06875
4 0.2296875 0.059375 0.053125 0.046875
4 0.0671875 0.196875 0.046875 0.05
4 0.253125 0.21484375 0.05 0.046875
4 0.3171875 0.41171875 0.053125 0.053125
4 0.384375 0.11875 0.05 0.053125
4 0.1359375 0.384375 0.0546875 0.04375
4 0.19921875 0.2640625 0.05 0.05
4 0.26953125 0.3 0.05 0.04375
1 0.84765625 0.3078125 0.275 0.1875
1 0.628125 0.296875 0.240625 0.1828125
4 0.2484375 0.740625 0.415625 0.325
2 0.75 0.803125 0.4046875 0.078125
2 0.73671875 0.68984375 0.0328125 0.0953125
2 0.5953125 0.68984375 0.0359375 0.1
2 0.64375 0.68984375 0.0375 0.1015625
2 0.78203125 0.6890625 0.034375 0.0953125
2 0.90625 0.690625 0.0328125 0.090625
2 0.86875 0.69296875 0.03125 0.09375