5 0.24609375 0.265625 0.246875 0.1578125
2 0.60625 0.32109375 0.1875 0.190625
2 0.91171875 0.16875 0.1484375 0.1203125
2 0.73359375 0.2578125 0.1875 0.1625
2 0.821875 0.2125 0.1625 0.1375
0 0.36640625 0.5578125 0.225 0.084375
0 0.13203125 0.55625 0.21875 0.0890625
0 0.134375 0.6484375 0.225 0.08125
0 0.384375 0.64453125 0.178125 0.090625
0 0.18671875 0.81171875 0.065625 0.1484375
0 0.0546875 0.8 0.071875 0.175
0 0.3109375 0.74296875 0.0859375 0.04375
0 0.421875 0.7453125 0.096875 0.046875
0 0.11875 0.796875 0.0671875 0.178125
0 0.42265625 0.80390625 0.096875 0.0421875
0 0.42265625 0.85625 0.09375 0.04375
0 0.31328125 0.8546875 0.09375 0.0421875
0 0.30859375 0.8 0.08125 0.04375
0 0.271875 0.94375 0.034375 0.0625
0 0.45859375 0.94375 0.03125 0.0625
0 0.0421875 0.94375 0.03125 0.0640625
0 0.3265625 0.94453125 0.03125 0.0625
0 0.2234375 0.9453125 0.028125 0.0609375
0 0.178125 0.94375 0.03125 0.0625
0 0.08984375 0.94375 0.03125 0.059375
0 0.375 0.94375 0.03125 0.0625
0 0.1328125 0.94453125 0.028125 0.059375
0 0.41484375 0.94375 0.03125 0.0625
2 0.77578125 0.7546875 0.0625 0.11875
2 0.553125 0.75234375 0.0765625 0.1375
2 0.70390625 0.7515625 0.046875 0.090625
2 0.95234375 0.746875 0.053125 0.11875
2 0.60390625 0.75 0.0515625 0.09375
2 0.91484375 0.75078125 0.040625 0.1
2 0.8296875 0.74140625 0.03125 0.059375
2 0.64375 0.74765625 0.03125 0.06875
2 0.87734375 0.7453125 0.0375 0.06875