2 0.2953125 0.309375 0.153125 0.109375
2 0.22578125 0.196875 0.084375 0.0671875
2 0.31640625 0.1640625 0.09375 0.046875
2 0.11796875 0.240625 0.128125 0.078125
2 0.3765625 0.20390625 0.11875 0.059375
2 0.17890625 0.2890625 0.1359375 0.0921875
2 0.11796875 0.184375 0.103125 0.053125
2 0.2921875 0.23125 0.109375 0.071875
2 0.196875 0.15625 0.08125 0.040625
2 0.40390625 0.2765625 0.109375 0.096875
0 0.72265625 0.28984375 0.046875 0.0375
0 0.7171875 0.20703125 0.0421875 0.0375
0 0.65 0.30234375 0.040625 0.046875
0 0.675 0.25 0.0390625 0.0375
0 0.7546875 0.240625 0.0375 0.03125
0 0.6984375 0.1703125 0.0390625 0.034375
0 0.85546875 0.25546875 0.04375 0.0375
0 0.59140625 0.30234375 0.040625 0.05
0 0.6234375 0.24765625 0.034375 0.03125
0 0.82109375 0.22109375 0.0375 0.03125
0 0.8578125 0.20546875 0.0390625 0.028125
0 0.6046875 0.19609375 0.0375 0.0375
0 0.56875 0.23671875 0.046875 0.0375
0 0.76875 0.19765625 0.0453125 0.025
0 0.65234375 0.21171875 0.0390625 0.03125
0 0.5359375 0.2984375 0.0375 0.05
0 0.9421875 0.25 0.040625 0.0359375
0 0.65234375 0.16328125 0.0359375 0.028125
0 0.9640625 0.30390625 0.0359375 0.05
0 0.9109375 0.215625 0.03125 0.03125
0 0.8734375 0.3 0.034375 0.05625
0 0.753125 0.16875 0.040625 0.021875
0 0.8890625 0.2390625 0.0296875 0.0328125
0 0.81171875 0.18046875 0.04375 0.025
0 0.83046875 0.15703125 0.0390625 0.021875
0 0.91640625 0.29375 0.03125 0.046875
0 0.87734375 0.184375 0.0375 0.0296875
0 0.77734375 0.14375 0.0390625 0.01875
0 0.7109375 0.14609375 0.0375 0.01875
0 0.8 0.2875 0.0484375 0.034375
2 0.34375 0.8328125 0.203125 0.103125
2 0.134375 0.75703125 0.228125 0.0984375
2 0.2140625 0.6875 0.1875 0.134375
2 0.340625 0.6671875 0.134375 0.10625
2 0.428125 0.778125 0.078125 0.075
2 0.35 0.7734375 0.078125 0.06875
4 0.80703125 0.590625 0.1625 0.159375
4 0.73125 0.92265625 0.1453125 0.146875
4 0.9203125 0.7703125 0.1515625 0.1609375
4 0.9328125 0.6453125 0.078125 0.078125
4 0.62734375 0.834375 0.09375 0.096875
4 0.8671875 0.91484375 0.084375 0.084375
4 0.67265625 0.6421875 0.0875 0.0875
4 0.596875 0.70703125 0.0828125 0.084375
4 0.55078125 0.6359375 0.046875 0.0484375
4 0.71015625 0.5234375 0.04375 0.046875
4 0.8109375 0.83046875 0.05625 0.059375
4 0.73828125 0.7921875 0.059375 0.0625
4 0.59765625 0.57578125 0.03125 0.03125
4 0.81015625 0.728125 0.06875 0.059375
4 0.946875 0.871875 0.028125 0.028125
4 0.73359375 0.71328125 0.046875 0.05
4 0.665625 0.7390625 0.0546875 0.0546875
4 0.59609375 0.928125 0.0265625 0.028125
4 0.653125 0.5421875 0.034375 0.034375
4 0.5515625 0.77734375 0.04375 0.046875
4 0.52265625 0.71640625 0.03125 0.0328125
4 0.53046875 0.8453125 0.025 0.028125