5 0.253125 0.24921875 0.359375 0.25625
1 0.928125 0.24375 0.1125 0.075
1 0.83046875 0.29375 0.1125 0.08125
1 0.82734375 0.1890625 0.09375 0.05
1 0.7421875 0.3109375 0.040625 0.040625
1 0.8265625 0.24140625 0.0625 0.046875
1 0.73671875 0.18125 0.05625 0.034375
1 0.66328125 0.1796875 0.04375 0.028125
1 0.68515625 0.30078125 0.03125 0.0296875
1 0.6078125 0.203125 0.0375 0.021875
1 0.66015625 0.2078125 0.034375 0.025
1 0.790625 0.20859375 0.046875 0.028125
1 0.7609375 0.228125 0.040625 0.028125
1 0.559375 0.22421875 0.0328125 0.0234375
1 0.63671875 0.2875 0.03125 0.025
1 0.7078125 0.2203125 0.040625 0.028125
1 0.60703125 0.22578125 0.034375 0.021875
1 0.72578125 0.2015625 0.0359375 0.0203125
1 0.59296875 0.27890625 0.03125 0.025
1 0.74140625 0.2671875 0.0390625 0.028125
1 0.55 0.2609375 0.046875 0.028125
1 0.51953125 0.24375 0.0359375 0.021875
1 0.68203125 0.2671875 0.0390625 0.028125
1 0.64453125 0.23046875 0.025 0.01875
1 0.59296875 0.24609375 0.0265625 0.0203125
1 0.72109375 0.24375 0.028125 0.021875
1 0.63515625 0.25625 0.0265625 0.01875
1 0.6796875 0.23984375 0.025 0.0203125
0 0.30546875 0.803125 0.125 0.075
0 0.4390625 0.73671875 0.078125 0.05
0 0.3484375 0.7328125 0.065625 0.046875
0 0.16328125 0.7328125 0.0765625 0.04375
0 0.25 0.7296875 0.065625 0.05
0 0.17109375 0.7984375 0.084375 0.0875
0 0.06875 0.79609375 0.096875 0.090625
0 0.08125 0.734375 0.071875 0.040625
5 0.7609375 0.75546875 0.215625 0.10625