0 0.1703125 0.3453125 0.0828125 0.0546875
0 0.28203125 0.3484375 0.0875 0.05625
0 0.0953125 0.3234375 0.0671875 0.0578125
0 0.3859375 0.3359375 0.065625 0.053125
0 0.1359375 0.2109375 0.046875 0.0296875
0 0.0796875 0.23984375 0.0484375 0.034375
0 0.20859375 0.19375 0.053125 0.0265625
0 0.0515625 0.28046875 0.046875 0.04375
0 0.4015625 0.23046875 0.0484375 0.0328125
0 0.3484375 0.20625 0.05 0.0265625
0 0.328125 0.2765625 0.0609375 0.04375
0 0.2796875 0.19453125 0.05 0.03125
0 0.25 0.28984375 0.071875 0.05
0 0.3359375 0.240625 0.0453125 0.0375
0 0.43359375 0.3015625 0.053125 0.053125
0 0.265625 0.2203125 0.05625 0.028125
0 0.1953125 0.22890625 0.05625 0.034375
0 0.4421875 0.26328125 0.0375 0.0375
0 0.1734375 0.2640625 0.053125 0.046875
0 0.25625 0.253125 0.0515625 0.0375
5 0.63515625 0.24609375 0.225 0.225
5 0.8640625 0.246875 0.225 0.225
4 0.25 0.75546875 0.25625 0.2203125
4 0.84765625 0.7375 0.290625 0.415625
4 0.63203125 0.753125 0.25625 0.4234375