1 0.23125 0.34921875 0.225 0.2125
1 0.21015625 0.1109375 0.159375 0.121875
1 0.06484375 0.2 0.128125 0.103125
1 0.415625 0.103125 0.1375 0.11875
1 0.4109375 0.2484375 0.15 0.1359375
3 0.87890625 0.234375 0.1703125 0.103125
3 0.62109375 0.24296875 0.1546875 0.0984375
3 0.75390625 0.16640625 0.134375 0.08125
3 0.740625 0.3265625 0.171875 0.1078125
4 0.39375 0.7796875 0.2125 0.203125
4 0.21484375 0.7640625 0.215625 0.121875
3 0.71171875 0.634375 0.13125 0.1109375
3 0.86953125 0.6296875 0.1359375 0.1
3 0.7671875 0.82734375 0.1875 0.175
3 0.62890625 0.7359375 0.15625 0.140625
3 0.82890625 0.71015625 0.15625 0.1125