5 0.2359375 0.24375 0.4125 0.259375
1 0.9203125 0.384375 0.05 0.059375
1 0.6171875 0.1078125 0.059375 0.04375
1 0.54921875 0.18125 0.05625 0.0453125
1 0.95 0.28828125 0.0578125 0.065625
1 0.8296875 0.2265625 0.0625 0.0546875
1 0.80625 0.32578125 0.053125 0.053125
1 0.74453125 0.2875 0.059375 0.053125
1 0.6671875 0.1375 0.059375 0.046875
1 0.89375 0.2578125 0.0640625 0.059375
1 0.86328125 0.3625 0.046875 0.0453125
1 0.6890625 0.2640625 0.053125 0.046875
1 0.7234375 0.1640625 0.0625 0.05
1 0.6390625 0.23359375 0.05625 0.0421875
1 0.7734375 0.19296875 0.059375 0.0515625
1 0.5921875 0.21328125 0.04375 0.040625
5 0.2515625 0.75078125 0.4609375 0.175
2 0.59296875 0.7625 0.125 0.215625
2 0.88203125 0.71875 0.190625 0.184375
2 0.74140625 0.7359375 0.10625 0.1625