2 0.375 0.26953125 0.153125 0.078125
2 0.12890625 0.271875 0.165625 0.06875
2 0.16171875 0.215625 0.140625 0.05
2 0.34375 0.21328125 0.1125 0.04375
2 0.26015625 0.240625 0.1046875 0.0703125
5 0.76953125 0.2375 0.2875 0.1609375
0 0.4046875 0.71875 0.096875 0.06875
0 0.46328125 0.734375 0.0578125 0.0390625
0 0.3734375 0.83125 0.1 0.084375
0 0.340625 0.68828125 0.075 0.0609375
0 0.28046875 0.6703125 0.10625 0.071875
0 0.1609375 0.63828125 0.11875 0.096875
0 0.05078125 0.7453125 0.0796875 0.1109375
0 0.221875 0.77734375 0.109375 0.1046875
0 0.3125 0.8078125 0.075 0.071875
0 0.1703125 0.76171875 0.1125 0.109375
0 0.121875 0.74453125 0.121875 0.109375
0 0.20546875 0.64375 0.0875 0.065625
0 0.42421875 0.85 0.0609375 0.046875
0 0.2625 0.7953125 0.08125 0.084375
0 0.22109375 0.64921875 0.0546875 0.04375
5 0.8890625 0.67265625 0.09375 0.178125
5 0.7171875 0.778125 0.396875 0.121875