1 0.22109375 0.04296875 0.1125 0.05625
1 0.1484375 0.421875 0.0984375 0.0921875
1 0.10625 0.1015625 0.084375 0.084375
1 0.05234375 0.315625 0.090625 0.0984375
1 0.39921875 0.3890625 0.084375 0.0875
1 0.4609375 0.28125 0.06875 0.1125
1 0.428125 0.1640625 0.078125 0.09375
1 0.28125 0.43984375 0.11875 0.078125
1 0.3390625 0.0765625 0.096875 0.06875
1 0.040625 0.2 0.0640625 0.1
0 0.55 0.21875 0.0375 0.059375
0 0.5484375 0.28359375 0.05 0.059375
0 0.63046875 0.27578125 0.053125 0.0625
0 0.60625 0.221875 0.040625 0.040625
0 0.89375 0.221875 0.034375 0.04375
0 0.93046875 0.32734375 0.065625 0.0609375
0 0.6984375 0.2078125 0.04375 0.046875
0 0.61171875 0.33828125 0.0609375 0.05
0 0.93046875 0.1859375 0.034375 0.04375
0 0.88125 0.278125 0.053125 0.0421875
0 0.95625 0.27578125 0.0484375 0.046875
0 0.5796875 0.18125 0.0375 0.0359375
0 0.8578125 0.1703125 0.0375 0.04375
0 0.8296875 0.31796875 0.0640625 0.0484375
0 0.621875 0.14609375 0.04375 0.034375
0 0.95859375 0.23046875 0.04375 0.0375
0 0.78515625 0.2546875 0.071875 0.0375
0 0.896875 0.15625 0.0453125 0.040625
0 0.73203125 0.31796875 0.065625 0.040625
0 0.678125 0.1265625 0.040625 0.03125
0 0.7625 0.2125 0.053125 0.0375
0 0.8421875 0.36015625 0.084375 0.05
0 0.846875 0.13203125 0.046875 0.03125
0 0.64140625 0.17421875 0.05 0.034375
0 0.715625 0.36953125 0.0875 0.05
0 0.71875 0.14375 0.05625 0.028125
0 0.79609375 0.14140625 0.0609375 0.034375
0 0.73359375 0.11484375 0.046875 0.028125
0 0.79140625 0.18359375 0.059375 0.028125
0 0.7875 0.11796875 0.046875 0.0234375
1 0.25 0.75 0.428125 0.1109375
1 0.88515625 0.80703125 0.14375 0.115625
1 0.684375 0.86484375 0.13125 0.128125
1 0.56171875 0.7234375 0.103125 0.0859375
1 0.70625 0.72421875 0.1 0.096875
1 0.64296875 0.63046875 0.0875 0.071875
1 0.8125 0.6890625 0.08125 0.08125
1 0.940625 0.671875 0.096875 0.084375
1 0.75078125 0.6171875 0.075 0.065625
1 0.8640625 0.6 0.0734375 0.059375