5 0.221875 0.24375 0.14375 0.459375
5 0.72890625 0.27421875 0.403125 0.15
5 0.8578125 0.24296875 0.2078125 0.10625
5 0.23984375 0.753125 0.246875 0.159375
0 0.6703125 0.8453125 0.0828125 0.0546875
0 0.78203125 0.8484375 0.0875 0.05625
0 0.5953125 0.8234375 0.0671875 0.0578125
0 0.8859375 0.8359375 0.065625 0.053125
0 0.6359375 0.7109375 0.046875 0.0296875
0 0.5796875 0.73984375 0.0484375 0.034375
0 0.70859375 0.69375 0.053125 0.0265625
0 0.5515625 0.78046875 0.046875 0.04375
0 0.9015625 0.73046875 0.0484375 0.0328125
0 0.8484375 0.70625 0.05 0.0265625
0 0.828125 0.7765625 0.0609375 0.04375
0 0.7796875 0.69453125 0.05 0.03125
0 0.75 0.78984375 0.071875 0.05
0 0.8359375 0.740625 0.0453125 0.0375
0 0.93359375 0.8015625 0.053125 0.053125
0 0.765625 0.7203125 0.05625 0.028125
0 0.6953125 0.72890625 0.05625 0.034375
0 0.9421875 0.76328125 0.0375 0.0375
0 0.6734375 0.7640625 0.053125 0.046875
0 0.75625 0.753125 0.0515625 0.0375