2 0.44375 0.153125 0.065625 0.078125
2 0.3265625 0.03125 0.0859375 0.0453125
2 0.09453125 0.40078125 0.071875 0.071875
2 0.06875 0.134375 0.065625 0.075
2 0.2421875 0.46953125 0.1 0.046875
2 0.2015625 0.21875 0.0609375 0.075
2 0.4671875 0.30234375 0.046875 0.096875
2 0.18515625 0.0359375 0.075 0.053125
2 0.3875 0.42421875 0.0828125 0.05625
2 0.26171875 0.30625 0.08125 0.059375
2 0.3171875 0.21171875 0.078125 0.071875
2 0.03359375 0.2734375 0.05 0.08125
5 0.8578125 0.26171875 0.0625 0.115625
5 0.71640625 0.17421875 0.065625 0.11875
5 0.578125 0.26015625 0.0625 0.11875
5 0.92734375 0.26171875 0.0625 0.115625
5 0.71640625 0.34375 0.0640625 0.11875
5 0.78515625 0.34453125 0.0625 0.11875
5 0.64453125 0.26015625 0.0625 0.11875
5 0.78359375 0.17578125 0.0625 0.11875
4 0.44921875 0.7484375 0.078125 0.071875
4 0.3625 0.75078125 0.075 0.065625
4 0.278125 0.7546875 0.071875 0.059375
4 0.1921875 0.75625 0.071875 0.05625
4 0.03515625 0.765625 0.053125 0.034375
4 0.10703125 0.759375 0.075 0.05
1 0.70390625 0.82265625 0.228125 0.1890625
1 0.7109375 0.63828125 0.140625 0.090625
1 0.878125 0.64921875 0.121875 0.09375
1 0.56640625 0.7234375 0.121875 0.08125
1 0.92265625 0.7703125 0.146875 0.125