2 0.36484375 0.28671875 0.140625 0.1140625
2 0.15703125 0.18046875 0.134375 0.078125
2 0.14140625 0.290625 0.1515625 0.109375
2 0.25390625 0.22890625 0.103125 0.1125
2 0.33359375 0.17734375 0.1125 0.071875
5 0.7625 0.2484375 0.421875 0.3546875
5 0.36171875 0.6328125 0.2125 0.2
5 0.146875 0.6328125 0.209375 0.20625
5 0.12421875 0.81328125 0.165625 0.25625
5 0.38515625 0.80703125 0.1625 0.259375
5 0.2578125 0.884375 0.265625 0.128125
3 0.903125 0.671875 0.0953125 0.0671875
3 0.8578125 0.84140625 0.090625 0.059375
3 0.5828125 0.6796875 0.06875 0.0703125
3 0.75 0.83515625 0.075 0.06875
3 0.75078125 0.75234375 0.084375 0.0578125
3 0.64296875 0.8421875 0.090625 0.0625
3 0.85703125 0.7609375 0.0875 0.0578125
3 0.64453125 0.75703125 0.0859375 0.065625
3 0.78359375 0.6671875 0.09375 0.0671875
3 0.67734375 0.67265625 0.075 0.0609375