2 0.38046875 0.33046875 0.1328125 0.090625
2 0.10625 0.2953125 0.134375 0.06875
2 0.28125 0.40625 0.0625 0.1390625
2 0.3234375 0.1390625 0.09375 0.125
2 0.15859375 0.37890625 0.10625 0.11875
2 0.11875 0.18984375 0.121875 0.08125
2 0.20390625 0.121875 0.0640625 0.1359375
2 0.38984375 0.22421875 0.1328125 0.0640625
0 0.55 0.21875 0.0375 0.059375
0 0.5484375 0.28359375 0.05 0.059375
0 0.63046875 0.27578125 0.053125 0.0625
0 0.60625 0.221875 0.040625 0.040625
0 0.89375 0.221875 0.034375 0.04375
0 0.93046875 0.32734375 0.065625 0.0609375
0 0.6984375 0.2078125 0.04375 0.046875
0 0.61171875 0.33828125 0.0609375 0.05
0 0.93046875 0.1859375 0.034375 0.04375
0 0.88125 0.278125 0.053125 0.0421875
0 0.95625 0.27578125 0.0484375 0.046875
0 0.5796875 0.18125 0.0375 0.0359375
0 0.8578125 0.1703125 0.0375 0.04375
0 0.8296875 0.31796875 0.0640625 0.0484375
0 0.621875 0.14609375 0.04375 0.034375
0 0.95859375 0.23046875 0.04375 0.0375
0 0.78515625 0.2546875 0.071875 0.0375
0 0.896875 0.15625 0.0453125 0.040625
0 0.73203125 0.31796875 0.065625 0.040625
0 0.678125 0.1265625 0.040625 0.03125
0 0.7625 0.2125 0.053125 0.0375
0 0.8421875 0.36015625 0.084375 0.05
0 0.846875 0.13203125 0.046875 0.03125
0 0.64140625 0.17421875 0.05 0.034375
0 0.715625 0.36953125 0.0875 0.05
0 0.71875 0.14375 0.05625 0.028125
0 0.79609375 0.14140625 0.0609375 0.034375
0 0.73359375 0.11484375 0.046875 0.028125
0 0.79140625 0.18359375 0.059375 0.028125
0 0.7875 0.11796875 0.046875 0.0234375
5 0.1328125 0.79453125 0.2453125 0.1984375
5 0.371875 0.796875 0.234375 0.19375
5 0.2484375 0.6765625 0.3796875 0.046875
5 0.7671875 0.75703125 0.2234375 0.159375