0 0.2015625 0.3328125 0.1421875 0.10625
0 0.25546875 0.040625 0.109375 0.0625
0 0.37734375 0.0609375 0.0859375 0.0625
0 0.17890625 0.19296875 0.1296875 0.1296875
0 0.403125 0.375 0.084375 0.0765625
0 0.13671875 0.06796875 0.075 0.0515625
0 0.4453125 0.140625 0.05625 0.0703125
0 0.4640625 0.26484375 0.0546875 0.115625
0 0.3140625 0.18828125 0.1109375 0.0875
0 0.28203125 0.45078125 0.1125 0.0515625
0 0.06640625 0.1484375 0.053125 0.06875
0 0.26875 0.25625 0.13125 0.09375
0 0.34609375 0.3078125 0.059375 0.0890625
0 0.03046875 0.25625 0.0375 0.0921875
0 0.06171875 0.37734375 0.0546875 0.075
0 0.15703125 0.4390625 0.078125 0.046875
1 0.56796875 0.265625 0.08125 0.08125
1 0.75703125 0.2671875 0.078125 0.0765625
1 0.93359375 0.26484375 0.078125 0.08125
1 0.6640625 0.26484375 0.0734375 0.078125
1 0.84453125 0.26484375 0.0765625 0.0796875
1 0.1203125 0.75546875 0.16875 0.175
1 0.33828125 0.7484375 0.303125 0.184375
5 0.75078125 0.7546875 0.4546875 0.1640625