1 0.1734375 0.0578125 0.0875 0.065625
1 0.284375 0.0515625 0.078125 0.059375
1 0.1171875 0.39609375 0.075 0.090625
1 0.09375 0.12890625 0.071875 0.071875
1 0.37421875 0.09375 0.0703125 0.0625
1 0.4234375 0.171875 0.075 0.075
1 0.04921875 0.2140625 0.06875 0.090625
1 0.0625 0.31796875 0.071875 0.084375
1 0.39375 0.359375 0.0875 0.0921875
1 0.44453125 0.26640625 0.078125 0.0765625
1 0.2265625 0.4328125 0.096875 0.084375
1 0.32734375 0.42109375 0.08125 0.09375
5 0.896875 0.1640625 0.1765625 0.1125
0 0.1703125 0.8453125 0.0828125 0.0546875
0 0.28203125 0.8484375 0.0875 0.05625
0 0.0953125 0.8234375 0.0671875 0.0578125
0 0.3859375 0.8359375 0.065625 0.053125
0 0.1359375 0.7109375 0.046875 0.0296875
0 0.0796875 0.73984375 0.0484375 0.034375
0 0.20859375 0.69375 0.053125 0.0265625
0 0.0515625 0.78046875 0.046875 0.04375
0 0.4015625 0.73046875 0.0484375 0.0328125
0 0.3484375 0.70625 0.05 0.0265625
0 0.328125 0.7765625 0.0609375 0.04375
0 0.2796875 0.69453125 0.05 0.03125
0 0.25 0.78984375 0.071875 0.05
0 0.3359375 0.740625 0.0453125 0.0375
0 0.43359375 0.8015625 0.053125 0.053125
0 0.265625 0.7203125 0.05625 0.028125
0 0.1953125 0.72890625 0.05625 0.034375
0 0.4421875 0.76328125 0.0375 0.0375
0 0.1734375 0.7640625 0.053125 0.046875
0 0.25625 0.753125 0.0515625 0.0375
5 0.759375 0.7453125 0.34375 0.175