2 0.30859375 0.325 0.10625 0.140625
2 0.11875 0.29453125 0.140625 0.125
2 0.42578125 0.26328125 0.128125 0.0875
2 0.27109375 0.1953125 0.090625 0.06875
2 0.06953125 0.20625 0.1328125 0.0828125
2 0.21796875 0.1171875 0.0625 0.0625
2 0.315625 0.121875 0.059375 0.0625
2 0.4015625 0.14375 0.1 0.0640625
2 0.12734375 0.14296875 0.10625 0.0625
2 0.44140625 0.190625 0.10625 0.065625
1 0.834375 0.346875 0.109375 0.053125
1 0.634375 0.3453125 0.1046875 0.065625
1 0.846875 0.26875 0.0921875 0.046875
1 0.6203125 0.278125 0.0875 0.05
1 0.8515625 0.2 0.078125 0.04375
1 0.73203125 0.275 0.09375 0.05
1 0.625 0.153125 0.075 0.0375
1 0.7328125 0.20546875 0.090625 0.04375
1 0.621875 0.215625 0.078125 0.04375
1 0.728125 0.1453125 0.071875 0.0296875
1 0.828125 0.14296875 0.0734375 0.040625
5 0.20390625 0.8828125 0.084375 0.053125
5 0.30234375 0.884375 0.0921875 0.053125
5 0.2046875 0.70390625 0.0859375 0.19375
5 0.303125 0.70546875 0.09375 0.196875
1 0.9078125 0.8453125 0.1375 0.103125
1 0.57734375 0.67265625 0.10625 0.046875
1 0.6953125 0.6703125 0.1078125 0.05
1 0.8109375 0.68203125 0.103125 0.0515625
1 0.8984375 0.721875 0.134375 0.078125