1 0.25859375 0.24921875 0.4203125 0.28125
2 0.753125 0.25546875 0.409375 0.278125
0 0.15 0.9234375 0.0953125 0.09375
1 0.071875 0.81953125 0.11875 0.1203125
2 0.1 0.628125 0.1515625 0.153125
0 0.2515625 0.89609375 0.09375 0.09375
2 0.425 0.8140625 0.11875 0.11875
1 0.190625 0.7625 0.11875 0.11875
2 0.3140625 0.7625 0.115625 0.11875
1 0.40078125 0.62734375 0.15 0.15
1 0.25 0.58125 0.153125 0.15
0 0.3515625 0.93046875 0.0921875 0.09375
3 0.68828125 0.63515625 0.08125 0.0375
3 0.8546875 0.64765625 0.06875 0.0359375
3 0.7796875 0.62734375 0.0734375 0.03125
3 0.82265625 0.82109375 0.146875 0.11875
3 0.75703125 0.6984375 0.121875 0.071875
3 0.603125 0.7484375 0.1015625 0.078125
3 0.66640625 0.81640625 0.125 0.1
3 0.91015625 0.7515625 0.1 0.08125
3 0.9078125 0.68515625 0.0703125 0.0453125
3 0.61796875 0.67734375 0.1 0.053125