3 0.11484375 0.13359375 0.1234375 0.103125
3 0.2265625 0.34453125 0.196875 0.16875
3 0.2640625 0.13203125 0.1265625 0.109375
3 0.35703125 0.2265625 0.159375 0.14375
3 0.1640625 0.2234375 0.1515625 0.11875
1 0.78125 0.35859375 0.1625 0.1515625
1 0.70625 0.10703125 0.140625 0.0859375
1 0.59375 0.21875 0.1265625 0.134375
1 0.8984375 0.19765625 0.0921875 0.15
1 0.7609375 0.19921875 0.125 0.1359375
2 0.19921875 0.84375 0.090625 0.08125
2 0.078125 0.775 0.103125 0.075
2 0.3109375 0.78203125 0.0875 0.0890625
2 0.15859375 0.56953125 0.075 0.05625
2 0.33828125 0.925 0.09375 0.05625
2 0.40625 0.840625 0.096875 0.0515625
2 0.4203125 0.74765625 0.0890625 0.0625
2 0.22578125 0.95 0.0953125 0.08125
2 0.40859375 0.66171875 0.0875 0.065625
2 0.10390625 0.90234375 0.08125 0.0609375
2 0.18125 0.7 0.071875 0.075
2 0.3640625 0.60078125 0.090625 0.071875
2 0.08984375 0.675 0.075 0.09375
2 0.296875 0.55390625 0.06875 0.078125
2 0.25078125 0.63203125 0.078125 0.0671875
1 0.6578125 0.725 0.2671875 0.171875
1 0.8984375 0.73359375 0.153125 0.165625