2 0.0921875 0.2515625 0.090625 0.0578125
2 0.41328125 0.25 0.0890625 0.05
2 0.21328125 0.2359375 0.096875 0.05
2 0.3203125 0.2828125 0.128125 0.0625
2 0.27734375 0.20078125 0.06875 0.03125
2 0.3046875 0.2328125 0.1125 0.0453125
2 0.21328125 0.20546875 0.08125 0.03125
2 0.171875 0.27734375 0.15 0.053125
2 0.38125 0.21796875 0.103125 0.0359375
2 0.13125 0.21953125 0.0703125 0.04375
1 0.6390625 0.11015625 0.075 0.0671875
1 0.76484375 0.0671875 0.084375 0.046875
1 0.57109375 0.20703125 0.059375 0.078125
1 0.875 0.12109375 0.071875 0.0671875
1 0.9328125 0.2234375 0.05 0.08125
1 0.9171875 0.32890625 0.05625 0.078125
1 0.57734375 0.31953125 0.059375 0.0828125
1 0.8453125 0.4140625 0.071875 0.0609375
1 0.74375 0.43984375 0.071875 0.05
1 0.64609375 0.4015625 0.071875 0.0625
5 0.209375 0.73671875 0.28125 0.2453125
5 0.28359375 0.7515625 0.2765625 0.253125
2 0.61328125 0.61015625 0.125 0.1125
2 0.8671875 0.9171875 0.1359375 0.0921875
2 0.80390625 0.5609375 0.146875 0.09375
2 0.55625 0.78984375 0.096875 0.1640625
2 0.9359375 0.728125 0.09375 0.146875
2 0.67578125 0.93671875 0.1328125 0.09375