0 0.22265625 0.28984375 0.046875 0.0375
0 0.2171875 0.20703125 0.0421875 0.0375
0 0.15 0.30234375 0.040625 0.046875
0 0.175 0.25 0.0390625 0.0375
0 0.2546875 0.240625 0.0375 0.03125
0 0.1984375 0.1703125 0.0390625 0.034375
0 0.35546875 0.25546875 0.04375 0.0375
0 0.09140625 0.30234375 0.040625 0.05
0 0.1234375 0.24765625 0.034375 0.03125
0 0.32109375 0.22109375 0.0375 0.03125
0 0.3578125 0.20546875 0.0390625 0.028125
0 0.1046875 0.19609375 0.0375 0.0375
0 0.06875 0.23671875 0.046875 0.0375
0 0.26875 0.19765625 0.0453125 0.025
0 0.15234375 0.21171875 0.0390625 0.03125
0 0.0359375 0.2984375 0.0375 0.05
0 0.4421875 0.25 0.040625 0.0359375
0 0.15234375 0.16328125 0.0359375 0.028125
0 0.4640625 0.30390625 0.0359375 0.05
0 0.4109375 0.215625 0.03125 0.03125
0 0.3734375 0.3 0.034375 0.05625
0 0.253125 0.16875 0.040625 0.021875
0 0.3890625 0.2390625 0.0296875 0.0328125
0 0.31171875 0.18046875 0.04375 0.025
0 0.33046875 0.15703125 0.0390625 0.021875
0 0.41640625 0.29375 0.03125 0.046875
0 0.37734375 0.184375 0.0375 0.0296875
0 0.27734375 0.14375 0.0390625 0.01875
0 0.2109375 0.14609375 0.0375 0.01875
0 0.3 0.2875 0.0484375 0.034375
5 0.74921875 0.253125 0.45 0.35
5 0.2578125 0.74375 0.45625 0.246875
5 0.74140625 0.778125 0.34375 0.25
5 0.7859375 0.7546875 0.3015625 0.24375