1 0.1921875 0.309375 0.096875 0.065625
1 0.34453125 0.30546875 0.084375 0.059375
1 0.09375 0.2890625 0.0625 0.04375
1 0.4203125 0.2921875 0.065625 0.0453125
1 0.1828125 0.275 0.059375 0.040625
1 0.2703125 0.28671875 0.078125 0.05
1 0.24609375 0.2625 0.05625 0.0421875
1 0.17109375 0.2546875 0.0578125 0.040625
1 0.32421875 0.2625 0.0578125 0.0375
1 0.24453125 0.24296875 0.05625 0.028125
1 0.08828125 0.2640625 0.046875 0.034375
1 0.421875 0.26796875 0.0484375 0.034375
1 0.1296875 0.24375 0.04375 0.0296875
1 0.271875 0.23203125 0.05 0.028125
1 0.19921875 0.2359375 0.040625 0.021875
1 0.3390625 0.2390625 0.0390625 0.021875
1 0.38984375 0.246875 0.040625 0.028125
1 0.31875 0.2453125 0.053125 0.0328125
3 0.75625 0.24609375 0.29375 0.2421875
3 0.2515625 0.753125 0.246875 0.228125
0 0.5328125 0.7515625 0.05 0.028125
0 0.59140625 0.778125 0.059375 0.0359375
0 0.89609375 0.81015625 0.06875 0.0359375
0 0.83984375 0.85859375 0.0765625 0.04375
0 0.6671875 0.80546875 0.06875 0.034375
0 0.74296875 0.83203125 0.075 0.0390625
0 0.5921875 0.7125 0.040625 0.021875
0 0.734375 0.75546875 0.0625 0.034375
0 0.653125 0.73359375 0.053125 0.028125
0 0.80625 0.78671875 0.053125 0.025
0 0.9703125 0.7484375 0.0375 0.0234375
0 0.7 0.65234375 0.028125 0.0171875
0 0.846875 0.7515625 0.05 0.025
0 0.9390625 0.78046875 0.0546875 0.025
0 0.76015625 0.6265625 0.021875 0.0109375
0 0.71015625 0.69296875 0.034375 0.01875
0 0.940625 0.70625 0.025 0.0125
0 0.77109375 0.7203125 0.0375 0.01875
0 0.87734375 0.67578125 0.025 0.0125
0 0.7515625 0.66875 0.0296875 0.015625
0 0.81796875 0.65 0.0234375 0.0125
0 0.8828125 0.721875 0.040625 0.015625
0 0.80703125 0.6921875 0.03125 0.015625
0 0.65390625 0.6796875 0.03125 0.0125