5 0.27421875 0.27578125 0.2703125 0.246875
3 0.62265625 0.26875 0.146875 0.121875
3 0.80390625 0.2765625 0.146875 0.134375
3 0.89140625 0.221875 0.1140625 0.0953125
3 0.8 0.1734375 0.109375 0.0828125
3 0.71328125 0.22109375 0.10625 0.090625
4 0.23828125 0.75234375 0.31875 0.3046875
4 0.5984375 0.8171875 0.1140625 0.0921875
4 0.703125 0.74375 0.1078125 0.075
4 0.9296875 0.70078125 0.1078125 0.0609375
4 0.57421875 0.7296875 0.1078125 0.06875
4 0.84375 0.76953125 0.103125 0.0796875
4 0.76015625 0.64375 0.096875 0.05625
4 0.65 0.67109375 0.10625 0.0578125
4 0.73671875 0.8234375 0.13125 0.078125
4 0.8703125 0.6484375 0.1 0.053125
4 0.784375 0.70625 0.109375 0.0625