5 0.2515625 0.25078125 0.396875 0.178125
0 0.7421875 0.27578125 0.084375 0.040625
0 0.82734375 0.3015625 0.0796875 0.0296875
0 0.8296875 0.2640625 0.071875 0.034375
0 0.71328125 0.31796875 0.05 0.034375
0 0.684375 0.2890625 0.0625 0.028125
0 0.784375 0.2921875 0.0875 0.046875
0 0.896875 0.28671875 0.0515625 0.015625
0 0.865625 0.284375 0.0640625 0.021875
0 0.25 0.74921875 0.415625 0.3484375
0 0.76015625 0.6640625 0.046875 0.0234375
0 0.82109375 0.67421875 0.0375 0.028125
0 0.88515625 0.68125 0.0359375 0.03125
0 0.759375 0.690625 0.0375 0.025
0 0.8109375 0.7015625 0.0375 0.03125
0 0.69765625 0.6765625 0.040625 0.028125
0 0.71171875 0.703125 0.034375 0.03125
0 0.86796875 0.70859375 0.03125 0.028125
0 0.65078125 0.7046875 0.0375 0.028125
0 0.8078125 0.640625 0.0375 0.0203125
0 0.665625 0.64921875 0.0296875 0.025
0 0.625 0.67109375 0.03125 0.0296875
0 0.75625 0.634375 0.0359375 0.01875
0 0.75859375 0.72734375 0.04375 0.0296875
0 0.709375 0.6390625 0.034375 0.021875
0 0.8515625 0.6578125 0.034375 0.021875
0 0.5921875 0.70234375 0.0296875 0.028125
0 0.83828125 0.74296875 0.03125 0.0390625
0 0.91640625 0.71328125 0.03125 0.0265625
0 0.8875 0.75234375 0.028125 0.0375
0 0.940625 0.75 0.034375 0.034375
0 0.66796875 0.7390625 0.03125 0.040625
0 0.61484375 0.74375 0.03125 0.034375
0 0.903125 0.79375 0.034375 0.0453125
0 0.559375 0.74296875 0.0296875 0.0453125
0 0.85859375 0.796875 0.0375 0.0421875
0 0.6453125 0.79375 0.034375 0.04375
0 0.9578125 0.7953125 0.034375 0.04375
0 0.5890625 0.79296875 0.03125 0.05
0 0.5359375 0.796875 0.03125 0.0375