5 0.24609375 0.25078125 0.33125 0.303125
5 0.78046875 0.23515625 0.275 0.1265625
2 0.44921875 0.77734375 0.071875 0.1171875
2 0.07109375 0.67890625 0.1125 0.121875
2 0.278125 0.7 0.0953125 0.109375
2 0.378125 0.7609375 0.06875 0.1125
2 0.2015625 0.71796875 0.090625 0.090625
2 0.12109375 0.69375 0.1 0.103125
2 0.1859375 0.8140625 0.0671875 0.0984375
2 0.240625 0.828125 0.065625 0.10625
2 0.35390625 0.6765625 0.040625 0.05
5 0.7578125 0.80703125 0.4484375 0.125
5 0.7609375 0.74453125 0.346875 0.0484375