4 0.21796875 0.30078125 0.153125 0.125
4 0.30703125 0.18046875 0.1484375 0.125
4 0.7421875 0.23984375 0.4015625 0.2515625
2 0.2453125 0.73671875 0.44375 0.425
1 0.71484375 0.853125 0.1421875 0.1203125
1 0.88828125 0.82265625 0.115625 0.109375
1 0.56015625 0.75703125 0.10625 0.096875
1 0.821875 0.7171875 0.09375 0.0875
1 0.5921875 0.6578125 0.078125 0.075
1 0.7046875 0.68046875 0.09375 0.075
1 0.6734375 0.6140625 0.08125 0.05625
1 0.94609375 0.72421875 0.090625 0.078125
1 0.7796875 0.6109375 0.0765625 0.053125
1 0.89453125 0.65625 0.0875 0.065625