4 0.2703125 0.38046875 0.0921875 0.065625
4 0.1453125 0.15 0.1125 0.0875
4 0.21484375 0.2734375 0.0875 0.0671875
4 0.33125 0.275 0.0859375 0.0671875
4 0.41484375 0.15859375 0.0890625 0.08125
4 0.2875 0.14140625 0.1140625 0.096875
5 0.86171875 0.1328125 0.2125 0.2
5 0.646875 0.1328125 0.209375 0.20625
5 0.62421875 0.31328125 0.165625 0.25625
5 0.88515625 0.30703125 0.1625 0.259375
5 0.7578125 0.384375 0.265625 0.128125
5 0.25 0.75625 0.434375 0.221875
5 0.86953125 0.73359375 0.228125 0.3875
5 0.6328125 0.73125 0.23125 0.38125
5 0.74921875 0.87578125 0.4609375 0.13125