3 0.2421875 0.27109375 0.45625 0.196875
2 0.8671875 0.3015625 0.109375 0.0953125
2 0.66875 0.20234375 0.1078125 0.065625
2 0.9046875 0.2078125 0.09375 0.0625
2 0.72734375 0.2640625 0.11875 0.084375
2 0.61484375 0.3390625 0.1109375 0.0921875
2 0.834375 0.1625 0.109375 0.059375
2 0.7515625 0.3359375 0.13125 0.084375
2 0.73671875 0.16953125 0.096875 0.059375
2 0.80234375 0.2265625 0.125 0.065625
2 0.61640625 0.2609375 0.1140625 0.08125
5 0.25546875 0.74921875 0.2140625 0.19375
5 0.9015625 0.671875 0.184375 0.125