5 0.18359375 0.36328125 0.34375 0.203125
5 0.3953125 0.253125 0.19375 0.3953125
5 0.1828125 0.134375 0.3453125 0.2125
1 0.93203125 0.2765625 0.0875 0.11875
1 0.7046875 0.0546875 0.1015625 0.078125
1 0.8375 0.06328125 0.0828125 0.071875
1 0.55859375 0.240625 0.090625 0.103125
1 0.85390625 0.403125 0.109375 0.090625
1 0.70703125 0.4234375 0.1109375 0.090625
1 0.6 0.1265625 0.0890625 0.075
1 0.915625 0.153125 0.0671875 0.078125
1 0.58671875 0.35625 0.065625 0.0671875
5 0.25234375 0.753125 0.23125 0.2
4 0.6375 0.76875 0.2203125 0.1171875
4 0.87734375 0.77109375 0.1875 0.115625