4 0.25546875 0.2484375 0.4375 0.371875
5 0.88359375 0.22578125 0.20625 0.146875
5 0.64375 0.259375 0.2703125 0.16875
1 0.090625 0.715625 0.153125 0.0625
1 0.12578125 0.91484375 0.1875 0.1140625
1 0.26875 0.86015625 0.121875 0.078125
1 0.14296875 0.56796875 0.11875 0.046875
1 0.240625 0.6015625 0.0984375 0.04375
1 0.32578125 0.63828125 0.065625 0.03125
1 0.37421875 0.8265625 0.084375 0.05
1 0.221875 0.725 0.065625 0.0375
1 0.459375 0.79921875 0.059375 0.034375
1 0.4015625 0.6671875 0.05 0.028125
1 0.4625 0.73359375 0.046875 0.03125
1 0.3109375 0.7296875 0.04375 0.0296875
1 0.38515625 0.73046875 0.046875 0.028125
5 0.61796875 0.75703125 0.196875 0.128125
5 0.75625 0.7421875 0.2078125 0.1125
5 0.88515625 0.7265625 0.209375 0.10625