2 0.103125 0.34375 0.1359375 0.06875
2 0.25390625 0.39453125 0.14375 0.0765625
2 0.28359375 0.0875 0.109375 0.0453125
2 0.29375 0.334375 0.134375 0.0734375
2 0.42421875 0.12265625 0.1078125 0.04375
2 0.18359375 0.2296875 0.128125 0.065625
2 0.14296875 0.2859375 0.13125 0.065625
2 0.33515625 0.2734375 0.134375 0.075
2 0.2125 0.1765625 0.115625 0.0625
2 0.25078125 0.1296875 0.1109375 0.0484375
2 0.396875 0.16484375 0.11875 0.05625
2 0.36640625 0.21171875 0.1234375 0.0625
0 0.5328125 0.2515625 0.05 0.028125
0 0.59140625 0.278125 0.059375 0.0359375
0 0.89609375 0.31015625 0.06875 0.0359375
0 0.83984375 0.35859375 0.0765625 0.04375
0 0.6671875 0.30546875 0.06875 0.034375
0 0.74296875 0.33203125 0.075 0.0390625
0 0.5921875 0.2125 0.040625 0.021875
0 0.734375 0.25546875 0.0625 0.034375
0 0.653125 0.23359375 0.053125 0.028125
0 0.80625 0.28671875 0.053125 0.025
0 0.9703125 0.2484375 0.0375 0.0234375
0 0.7 0.15234375 0.028125 0.0171875
0 0.846875 0.2515625 0.05 0.025
0 0.9390625 0.28046875 0.0546875 0.025
0 0.76015625 0.1265625 0.021875 0.0109375
0 0.71015625 0.19296875 0.034375 0.01875
0 0.940625 0.20625 0.025 0.0125
0 0.77109375 0.2203125 0.0375 0.01875
0 0.87734375 0.17578125 0.025 0.0125
0 0.7515625 0.16875 0.0296875 0.015625
0 0.81796875 0.15 0.0234375 0.0125
0 0.8828125 0.221875 0.040625 0.015625
0 0.80703125 0.1921875 0.03125 0.015625
0 0.65390625 0.1796875 0.03125 0.0125
3 0.271875 0.72109375 0.134375 0.071875
3 0.23203125 0.834375 0.146875 0.090625
3 0.36484375 0.6578125 0.10625 0.075
3 0.38203125 0.78828125 0.1 0.1015625
3 0.11171875 0.74296875 0.10625 0.09375
3 0.2046875 0.65234375 0.121875 0.0609375
5 0.74921875 0.7140625 0.475 0.2765625