2 0.2421875 0.1953125 0.1 0.0484375
2 0.09609375 0.2078125 0.128125 0.053125
2 0.3703125 0.20703125 0.090625 0.05625
2 0.19765625 0.234375 0.0828125 0.05
2 0.10390625 0.23359375 0.096875 0.0515625
2 0.34609375 0.23046875 0.075 0.04375
2 0.2859375 0.23828125 0.059375 0.04375
2 0.36953125 0.26875 0.059375 0.0359375
2 0.1046875 0.2734375 0.075 0.034375
2 0.23828125 0.26015625 0.071875 0.040625
2 0.0390625 0.30546875 0.05625 0.0375
2 0.1328125 0.2953125 0.053125 0.025
2 0.4296875 0.29921875 0.040625 0.021875
2 0.2171875 0.29921875 0.059375 0.03125
2 0.18359375 0.27734375 0.04375 0.028125
2 0.32734375 0.28359375 0.0375 0.021875
2 0.1296875 0.32421875 0.05625 0.028125
2 0.47109375 0.321875 0.0328125 0.028125
2 0.3796875 0.29609375 0.0390625 0.021875
2 0.28046875 0.284375 0.034375 0.021875
2 0.3375 0.30546875 0.040625 0.0234375
2 0.215625 0.32890625 0.0625 0.0234375
2 0.04609375 0.3390625 0.059375 0.03125
2 0.3609375 0.33515625 0.04375 0.021875
2 0.309375 0.32109375 0.0375 0.01875
2 0.40859375 0.32265625 0.0234375 0.0171875
2 0.29609375 0.30078125 0.025 0.0125
2 0.43125 0.3375 0.021875 0.015625
2 0.41796875 0.31171875 0.028125 0.0125
2 0.31484375 0.3421875 0.028125 0.015625
2 0.38125 0.3140625 0.021875 0.01875
2 0.40859375 0.34453125 0.01875 0.015625
2 0.44609375 0.3265625 0.01875 0.0125
2 0.27265625 0.315625 0.025 0.0171875
3 0.6515625 0.3296875 0.175 0.0875
3 0.81640625 0.22578125 0.1546875 0.0578125
3 0.6703125 0.1984375 0.0953125 0.078125
3 0.84921875 0.30390625 0.1875 0.090625
3 0.6640625 0.26328125 0.1578125 0.059375
3 0.7984375 0.18046875 0.115625 0.040625
4 0.2171875 0.66875 0.1875 0.1390625
4 0.3359375 0.81171875 0.328125 0.209375
1 0.659375 0.83125 0.1984375 0.128125
1 0.5765625 0.74375 0.134375 0.090625
1 0.796875 0.75390625 0.1296875 0.0875
1 0.846875 0.64453125 0.10625 0.0875
1 0.925 0.703125 0.13125 0.084375
1 0.7171875 0.6796875 0.11875 0.08125