5 0.25078125 0.2609375 0.3453125 0.1671875
3 0.62109375 0.28828125 0.121875 0.10625
3 0.7640625 0.290625 0.1078125 0.103125
3 0.89296875 0.28671875 0.1078125 0.109375
3 0.81875 0.19140625 0.0875 0.090625
3 0.68984375 0.190625 0.09375 0.096875
1 0.05 0.77578125 0.084375 0.0625
1 0.1578125 0.771875 0.0875 0.0671875
1 0.2578125 0.7765625 0.0796875 0.05625
1 0.35625 0.771875 0.078125 0.059375
1 0.25234375 0.7171875 0.05625 0.040625
1 0.334375 0.71640625 0.06875 0.040625
1 0.090625 0.7171875 0.059375 0.0453125
1 0.45 0.7671875 0.08125 0.0625
1 0.17421875 0.7171875 0.0671875 0.0421875
1 0.41484375 0.71875 0.059375 0.04375
2 0.5671875 0.803125 0.0546875 0.04375
2 0.68515625 0.80859375 0.0625 0.034375
2 0.93125 0.8171875 0.084375 0.0734375
2 0.5390625 0.771875 0.0359375 0.021875
2 0.815625 0.8109375 0.075 0.065625
2 0.6203125 0.746875 0.0375 0.025
2 0.69296875 0.7765625 0.0453125 0.0375
2 0.596875 0.78203125 0.034375 0.025
2 0.6140625 0.76484375 0.0359375 0.021875
2 0.890625 0.77109375 0.0609375 0.059375
2 0.79140625 0.77421875 0.053125 0.053125
2 0.759375 0.734375 0.03125 0.0375
2 0.70078125 0.7484375 0.0375 0.01875
2 0.7 0.7625 0.034375 0.021875
2 0.7703125 0.75390625 0.03125 0.040625
2 0.84375 0.73984375 0.03125 0.028125
2 0.8546875 0.753125 0.0375 0.04375