1 0.25078125 0.25 0.478125 0.4265625
1 0.75 0.24921875 0.446875 0.384375
5 0.2484375 0.71015625 0.4796875 0.2
4 0.74453125 0.74921875 0.0421875 0.078125
4 0.8078125 0.63984375 0.040625 0.08125
4 0.75 0.85546875 0.0375 0.075
4 0.81484375 0.85546875 0.0390625 0.0796875
4 0.68046875 0.64453125 0.0375 0.084375
4 0.86875 0.64140625 0.046875 0.08125
4 0.68828125 0.86171875 0.0359375 0.08125
4 0.81015625 0.753125 0.0375 0.08125
4 0.74453125 0.640625 0.0375 0.090625
4 0.6921875 0.7546875 0.040625 0.084375
4 0.884375 0.853125 0.040625 0.0765625
4 0.875 0.7515625 0.0421875 0.08125
4 0.6296875 0.86328125 0.040625 0.0875
4 0.62578125 0.753125 0.034375 0.08125
4 0.621875 0.65 0.0328125 0.08125