5 0.24453125 0.2421875 0.265625 0.228125
5 0.7765625 0.26171875 0.2828125 0.209375
5 0.73515625 0.2390625 0.2171875 0.228125
1 0.409375 0.6625 0.15 0.134375
1 0.0859375 0.684375 0.1421875 0.140625
1 0.22265625 0.75625 0.0875 0.13125
1 0.43046875 0.878125 0.075 0.125
1 0.3609375 0.86328125 0.078125 0.125
1 0.24609375 0.59765625 0.1625 0.103125
1 0.3 0.75390625 0.071875 0.11875
1 0.07734375 0.8921875 0.10625 0.1203125
1 0.1296875 0.8421875 0.090625 0.1125
0 0.66953125 0.8125 0.196875 0.140625
0 0.84375 0.81015625 0.134375 0.1390625
0 0.578125 0.6921875 0.11875 0.065625
0 0.90546875 0.7109375 0.134375 0.075
0 0.7171875 0.696875 0.1296875 0.071875
0 0.9078125 0.65234375 0.10625 0.053125
0 0.63828125 0.6421875 0.0890625 0.0453125
0 0.703125 0.625 0.075 0.040625
0 0.80390625 0.65703125 0.10625 0.05625
0 0.79296875 0.6203125 0.096875 0.040625