3 0.1984375 0.328125 0.15625 0.1171875
3 0.14453125 0.22578125 0.1375 0.09375
3 0.27265625 0.16953125 0.1109375 0.090625
3 0.35546875 0.2671875 0.134375 0.109375
0 0.65 0.4234375 0.0953125 0.09375
1 0.571875 0.31953125 0.11875 0.1203125
2 0.6 0.128125 0.1515625 0.153125
0 0.7515625 0.39609375 0.09375 0.09375
2 0.925 0.3140625 0.11875 0.11875
1 0.690625 0.2625 0.11875 0.11875
2 0.8140625 0.2625 0.115625 0.11875
1 0.90078125 0.12734375 0.15 0.15
1 0.75 0.08125 0.153125 0.15
0 0.8515625 0.43046875 0.0921875 0.09375
5 0.24921875 0.7546875 0.21875 0.1890625
5 0.7484375 0.7546875 0.33125 0.175