1 0.29453125 0.35859375 0.15 0.109375
1 0.1796875 0.2234375 0.1125 0.06875
1 0.10703125 0.31484375 0.125 0.08125
1 0.2421875 0.1453125 0.1078125 0.065625
1 0.3578125 0.26171875 0.1140625 0.078125
1 0.4 0.17890625 0.103125 0.05625
1 0.29140625 0.08203125 0.084375 0.04375
3 0.60625 0.20390625 0.1171875 0.1
3 0.74296875 0.34140625 0.1796875 0.121875
3 0.878125 0.24140625 0.1578125 0.103125
3 0.7140625 0.1421875 0.1125 0.0578125
3 0.7765625 0.18515625 0.1328125 0.078125
3 0.684375 0.27734375 0.15625 0.0921875
5 0.25390625 0.79296875 0.271875 0.140625
5 0.253125 0.65703125 0.271875 0.028125
1 0.75 0.75 0.353125 0.35