1 0.24453125 0.24921875 0.41875 0.321875
2 0.75 0.24921875 0.38125 0.2984375
5 0.36953125 0.81484375 0.19375 0.115625
5 0.32578125 0.6828125 0.1265625 0.053125
5 0.2890625 0.7734375 0.146875 0.090625
5 0.403125 0.70859375 0.175 0.06875
5 0.178125 0.66171875 0.1 0.040625
5 0.13046875 0.7390625 0.1 0.0625
5 0.165625 0.7625 0.115625 0.08125
5 0.21484375 0.67734375 0.11875 0.05
5 0.096875 0.65859375 0.0859375 0.0375
5 0.0515625 0.73125 0.0828125 0.05625
2 0.82578125 0.62578125 0.121875 0.096875
2 0.62734375 0.75 0.15 0.084375
2 0.709375 0.62109375 0.115625 0.0875
2 0.81953125 0.80703125 0.1671875 0.096875
2 0.7546875 0.7046875 0.121875 0.09375
2 0.6484375 0.86015625 0.1640625 0.125
2 0.87734375 0.7140625 0.128125 0.103125
2 0.625 0.66328125 0.11875 0.078125