1 0.128125 0.2703125 0.096875 0.04375
1 0.396875 0.26875 0.109375 0.046875
1 0.17890625 0.23671875 0.08125 0.028125
1 0.3546875 0.2453125 0.084375 0.028125
1 0.33125 0.22265625 0.0671875 0.021875
1 0.2078125 0.2203125 0.059375 0.021875
1 0.32109375 0.20625 0.05 0.0234375
1 0.309375 0.19609375 0.0453125 0.021875
1 0.24296875 0.20546875 0.05 0.025
1 0.259375 0.196875 0.0375 0.021875
1 0.74375 0.08671875 0.140625 0.1015625
1 0.578125 0.17265625 0.121875 0.109375
1 0.921875 0.16484375 0.121875 0.125
1 0.95 0.30625 0.06875 0.09375
1 0.55234375 0.309375 0.071875 0.0890625
1 0.840625 0.22421875 0.059375 0.05
1 0.65234375 0.228125 0.0625 0.05
1 0.678125 0.29921875 0.046875 0.0390625
1 0.8234375 0.29765625 0.05 0.0375
1 0.88203125 0.33359375 0.040625 0.04375
1 0.61796875 0.33515625 0.040625 0.0421875
1 0.75 0.278125 0.053125 0.0296875
1 0.75078125 0.2078125 0.0625 0.0421875
1 0.690625 0.359375 0.03125 0.025
1 0.61640625 0.403125 0.0234375 0.03125
1 0.8234375 0.3609375 0.0296875 0.025
1 0.65078125 0.3796875 0.028125 0.025
1 0.7828125 0.35390625 0.028125 0.0203125
1 0.7375 0.3515625 0.03125 0.01875
1 0.89453125 0.40625 0.025 0.025
1 0.86171875 0.37890625 0.028125 0.025
1 0.68515625 0.4078125 0.021875 0.01875
1 0.79375 0.40078125 0.0234375 0.01875
1 0.834375 0.41171875 0.021875 0.01875
1 0.75546875 0.39296875 0.021875 0.0140625
1 0.721875 0.396875 0.0203125 0.015625
1 0.86171875 0.4328125 0.021875 0.0203125
1 0.65390625 0.43359375 0.0203125 0.01875
4 0.26953125 0.7515625 0.18125 0.2
4 0.10703125 0.828125 0.16875 0.18125
4 0.403125 0.66875 0.1859375 0.1828125
4 0.74453125 0.7484375 0.403125 0.40625