5 0.4234375 0.278125 0.134375 0.175
5 0.34765625 0.134375 0.0546875 0.0875
5 0.409375 0.10078125 0.0859375 0.025
5 0.346875 0.0734375 0.0515625 0.0578125
2 0.715625 0.18671875 0.1125 0.053125
2 0.83359375 0.18984375 0.121875 0.0546875
2 0.65078125 0.30078125 0.1796875 0.090625
2 0.83671875 0.27265625 0.1828125 0.071875
2 0.63046875 0.20546875 0.125 0.05
2 0.76171875 0.225 0.1171875 0.0484375
2 0.88828125 0.228125 0.128125 0.06875
2 0.63203125 0.2453125 0.1578125 0.05625
3 0.096875 0.63203125 0.128125 0.1125
3 0.3828125 0.63359375 0.134375 0.128125
3 0.3375 0.9078125 0.125 0.13125
3 0.17265625 0.9125 0.1296875 0.1125
3 0.2359375 0.56171875 0.1359375 0.115625
3 0.44140625 0.775 0.103125 0.128125
3 0.06953125 0.7890625 0.096875 0.146875
3 0.3390625 0.9171875 0.0375 0.0375
3 0.1703125 0.9171875 0.0421875 0.0234375
2 0.7609375 0.6671875 0.128125 0.19375
2 0.9140625 0.65703125 0.096875 0.146875
2 0.928125 0.84453125 0.128125 0.159375
2 0.5875 0.66953125 0.1640625 0.196875
2 0.74609375 0.8640625 0.0828125 0.10625
2 0.58125 0.8703125 0.0625 0.10625