5 0.25390625 0.24765625 0.190625 0.184375
2 0.90625 0.184375 0.1 0.090625
2 0.5984375 0.265625 0.090625 0.1234375
2 0.80546875 0.14140625 0.08125 0.11875
2 0.7109375 0.2421875 0.090625 0.103125
2 0.7265625 0.1265625 0.0890625 0.1
2 0.80625 0.2609375 0.1140625 0.121875
2 0.675 0.34765625 0.125 0.0796875
2 0.790625 0.3734375 0.1046875 0.08125
2 0.6359375 0.1671875 0.075 0.115625
2 0.90078125 0.29453125 0.1 0.1125
5 0.26953125 0.7375 0.2875 0.1609375
1 0.834375 0.846875 0.109375 0.053125
1 0.634375 0.8453125 0.1046875 0.065625
1 0.846875 0.76875 0.0921875 0.046875
1 0.6203125 0.778125 0.0875 0.05
1 0.8515625 0.7 0.078125 0.04375
1 0.73203125 0.775 0.09375 0.05
1 0.625 0.653125 0.075 0.0375
1 0.7328125 0.70546875 0.090625 0.04375
1 0.621875 0.715625 0.078125 0.04375
1 0.728125 0.6453125 0.071875 0.0296875
1 0.828125 0.64296875 0.0734375 0.040625