5 0.2515625 0.2484375 0.45 0.2015625
1 0.56953125 0.2671875 0.11875 0.09375
1 0.79609375 0.31953125 0.125 0.1125
1 0.9328125 0.253125 0.1125 0.071875
1 0.56015625 0.17578125 0.084375 0.065625
1 0.740625 0.25 0.10625 0.075
1 0.8046875 0.1453125 0.078125 0.04375
1 0.6765625 0.1484375 0.08125 0.0484375
1 0.85234375 0.1859375 0.096875 0.059375
1 0.7046875 0.19375 0.0875 0.0625
1 0.93984375 0.1703125 0.078125 0.053125
0 0.21015625 0.86875 0.0625 0.053125
0 0.353125 0.84453125 0.046875 0.053125
0 0.36640625 0.69453125 0.05 0.053125
0 0.328125 0.6359375 0.05625 0.05
0 0.2453125 0.70546875 0.053125 0.046875
0 0.1125 0.8921875 0.05 0.05
0 0.14453125 0.82265625 0.0515625 0.059375
0 0.26875 0.7921875 0.0609375 0.04375
0 0.2515625 0.6109375 0.059375 0.0375
0 0.38125 0.59375 0.046875 0.05
0 0.278125 0.94921875 0.0625 0.0359375
0 0.359375 0.921875 0.05 0.046875
0 0.18125 0.6453125 0.0515625 0.053125
0 0.43671875 0.66171875 0.040625 0.0640625
0 0.19453125 0.94296875 0.059375 0.04375
0 0.21015625 0.76875 0.04375 0.053125
0 0.0625 0.8140625 0.040625 0.065625
0 0.2875 0.8796875 0.059375 0.0375
0 0.30859375 0.73828125 0.046875 0.0515625
0 0.421875 0.87109375 0.05 0.05
0 0.13515625 0.6953125 0.046875 0.05
0 0.44765625 0.803125 0.04375 0.04375
0 0.06875 0.65390625 0.0421875 0.046875
0 0.04921875 0.7390625 0.034375 0.059375
0 0.38515625 0.77421875 0.028125 0.059375
0 0.45859375 0.73515625 0.034375 0.0515625
0 0.2078125 0.5515625 0.05625 0.040625
0 0.29765625 0.5515625 0.05625 0.034375
0 0.12578125 0.5953125 0.0546875 0.0515625
0 0.12890625 0.75703125 0.0375 0.0546875
5 0.75 0.7390625 0.45 0.246875