1 0.1171875 0.1359375 0.11875 0.078125
1 0.26796875 0.06875 0.140625 0.0375
1 0.08359375 0.29140625 0.134375 0.1328125
1 0.20859375 0.32890625 0.078125 0.084375
1 0.39921875 0.40859375 0.06875 0.08125
1 0.22578125 0.22109375 0.0859375 0.075
1 0.2984375 0.134375 0.109375 0.04375
1 0.421875 0.30625 0.059375 0.05625
1 0.30546875 0.36953125 0.065625 0.059375
1 0.321875 0.26953125 0.0765625 0.0625
1 0.4234375 0.22890625 0.059375 0.04375
1 0.33359375 0.19140625 0.075 0.034375
1 0.4265625 0.17265625 0.05625 0.021875
1 0.60625 0.14140625 0.115625 0.125
1 0.575 0.31875 0.103125 0.140625
1 0.7640625 0.08515625 0.125 0.09375
1 0.9265625 0.203125 0.1 0.125
1 0.71171875 0.4140625 0.11875 0.09375
1 0.8609375 0.3671875 0.103125 0.10625
5 0.2984375 0.6984375 0.2171875 0.278125
1 0.7515625 0.74296875 0.446875 0.18125