0 0.43203125 0.32421875 0.0515625 0.040625
0 0.3515625 0.31640625 0.046875 0.04375
0 0.1171875 0.32265625 0.0453125 0.04375
0 0.1890625 0.30390625 0.046875 0.0375
0 0.3390625 0.20859375 0.0375 0.021875
0 0.23984375 0.26171875 0.05 0.0234375
0 0.2859375 0.30546875 0.046875 0.046875
0 0.05390625 0.31484375 0.040625 0.040625
0 0.1546875 0.21015625 0.034375 0.021875
0 0.11015625 0.2390625 0.0375 0.028125
0 0.21328125 0.196875 0.0375 0.021875
0 0.40625 0.271875 0.034375 0.034375
0 0.375 0.23984375 0.0375 0.03125
0 0.2703125 0.19609375 0.0375 0.01875
0 0.153125 0.259375 0.040625 0.03125
0 0.303125 0.22890625 0.040625 0.025
0 0.19375 0.22578125 0.0375 0.025
0 0.0765625 0.27578125 0.0421875 0.0375
0 0.33671875 0.2671875 0.0375 0.034375
0 0.2453125 0.221875 0.040625 0.021875
2 0.82578125 0.12578125 0.121875 0.096875
2 0.62734375 0.25 0.15 0.084375
2 0.709375 0.12109375 0.115625 0.0875
2 0.81953125 0.30703125 0.1671875 0.096875
2 0.7546875 0.2046875 0.121875 0.09375
2 0.6484375 0.36015625 0.1640625 0.125
2 0.87734375 0.2140625 0.128125 0.103125
2 0.625 0.16328125 0.11875 0.078125
2 0.28515625 0.88828125 0.2 0.175
2 0.24453125 0.73359375 0.184375 0.16875
2 0.1890625 0.58828125 0.209375 0.1515625
3 0.746875 0.74921875 0.303125 0.225