0 0.25 0.24921875 0.415625 0.3484375
1 0.64375 0.26875 0.240625 0.1625
1 0.8375 0.290625 0.303125 0.175
4 0.25390625 0.74375 0.38125 0.228125
2 0.8734375 0.75625 0.0953125 0.1
2 0.7734375 0.871875 0.115625 0.1375
2 0.64296875 0.85703125 0.115625 0.1015625
2 0.8015625 0.653125 0.08125 0.08125
2 0.64140625 0.65 0.090625 0.078125
2 0.8921875 0.65390625 0.084375 0.084375
2 0.7796875 0.74296875 0.084375 0.0890625
2 0.60390625 0.7375 0.1 0.090625
2 0.69140625 0.7421875 0.08125 0.1
2 0.71640625 0.6453125 0.075 0.071875