4 0.1 0.19296875 0.11875 0.10625
4 0.2484375 0.1796875 0.1125 0.1140625
4 0.3953125 0.1734375 0.109375 0.1171875
4 0.11171875 0.32578125 0.11875 0.103125
4 0.259375 0.32109375 0.11875 0.103125
4 0.39453125 0.315625 0.10625 0.1140625
5 0.7265625 0.23984375 0.21875 0.215625
4 0.1671875 0.73359375 0.096875 0.084375
4 0.38203125 0.690625 0.1 0.078125
4 0.1890625 0.62890625 0.0921875 0.0765625
4 0.08984375 0.80078125 0.08125 0.090625
4 0.2875 0.7375 0.09375 0.0890625
4 0.2921875 0.62578125 0.1015625 0.06875
4 0.08984375 0.66875 0.1 0.08125
4 0.40078125 0.77890625 0.1 0.075
4 0.20234375 0.86328125 0.103125 0.08125
4 0.33046875 0.859375 0.103125 0.0890625
4 0.7625 0.7625 0.35 0.265625