5 0.353125 0.228125 0.1953125 0.1625
5 0.17265625 0.334375 0.25 0.24375
5 0.89375 0.415625 0.178125 0.109375
5 0.9078125 0.20234375 0.153125 0.109375
0 0.2015625 0.8328125 0.1421875 0.10625
0 0.25546875 0.540625 0.109375 0.0625
0 0.37734375 0.5609375 0.0859375 0.0625
0 0.17890625 0.69296875 0.1296875 0.1296875
0 0.403125 0.875 0.084375 0.0765625
0 0.13671875 0.56796875 0.075 0.0515625
0 0.4453125 0.640625 0.05625 0.0703125
0 0.4640625 0.76484375 0.0546875 0.115625
0 0.3140625 0.68828125 0.1109375 0.0875
0 0.28203125 0.95078125 0.1125 0.0515625
0 0.06640625 0.6484375 0.053125 0.06875
0 0.26875 0.75625 0.13125 0.09375
0 0.34609375 0.8078125 0.059375 0.0890625
0 0.03046875 0.75625 0.0375 0.0921875
0 0.06171875 0.87734375 0.0546875 0.075
0 0.15703125 0.9390625 0.078125 0.046875
0 0.63125 0.634375 0.103125 0.209375
0 0.8734375 0.6328125 0.096875 0.20625
0 0.7578125 0.6328125 0.0921875 0.2125
0 0.8703125 0.8625 0.0921875 0.203125
0 0.6328125 0.86875 0.09375 0.1875
0 0.7515625 0.8734375 0.09375 0.178125