5 0.353125 0.32421875 0.184375 0.1203125
5 0.2625 0.18046875 0.06875 0.20625
5 0.16875 0.3234375 0.184375 0.121875
3 0.771875 0.41640625 0.3109375 0.1640625
3 0.62109375 0.09296875 0.0984375 0.075
3 0.78125 0.12265625 0.1375 0.0703125
3 0.71953125 0.23515625 0.259375 0.134375
3 0.89453125 0.19921875 0.06875 0.09375
3 0.14921875 0.82890625 0.1296875 0.1296875
3 0.3859375 0.66171875 0.11875 0.11875
3 0.25078125 0.715625 0.128125 0.1296875
3 0.340625 0.8359375 0.1296875 0.128125
3 0.11875 0.6703125 0.121875 0.125
5 0.7484375 0.7515625 0.428125 0.371875