5 0.2296875 0.26953125 0.265625 0.165625
1 0.54375 0.29765625 0.078125 0.059375
1 0.95859375 0.29609375 0.06875 0.06875
1 0.640625 0.29609375 0.08125 0.065625
1 0.85625 0.3 0.0609375 0.053125
1 0.7578125 0.29453125 0.06875 0.059375
0 0.34375 0.84765625 0.053125 0.05
0 0.25234375 0.8859375 0.053125 0.04375
0 0.246875 0.8203125 0.05 0.046875
0 0.146875 0.92890625 0.059375 0.059375
0 0.3234375 0.94375 0.05625 0.06875
0 0.16328125 0.84921875 0.046875 0.05625
0 0.246875 0.95078125 0.046875 0.05625
0 0.184375 0.7765625 0.05625 0.0609375
0 0.08359375 0.596875 0.065625 0.05625
0 0.03828125 0.67265625 0.05625 0.0578125
0 0.3953125 0.8984375 0.05625 0.0625
0 0.25234375 0.746875 0.046875 0.05
0 0.11171875 0.778125 0.05 0.05
0 0.03515625 0.765625 0.040625 0.053125
0 0.31875 0.77109375 0.05 0.05
0 0.284375 0.6125 0.05 0.0515625
0 0.10625 0.70859375 0.053125 0.0515625
0 0.2109375 0.60625 0.05625 0.0453125
0 0.38125 0.7578125 0.05625 0.046875
0 0.4421875 0.81953125 0.0609375 0.053125
0 0.14296875 0.653125 0.0515625 0.04375
0 0.2625 0.66640625 0.0578125 0.046875
0 0.33984375 0.69921875 0.046875 0.0515625
0 0.2328125 0.54375 0.04375 0.04375
0 0.46875 0.74453125 0.046875 0.059375
0 0.15625 0.55546875 0.046875 0.046875
0 0.415625 0.6875 0.046875 0.053125
0 0.06640625 0.8546875 0.0546875 0.05625
0 0.3203125 0.5515625 0.053125 0.0484375
0 0.39140625 0.58046875 0.059375 0.05
0 0.45234375 0.63984375 0.053125 0.05
0 0.3609375 0.6484375 0.05 0.053125
0 0.19140625 0.703125 0.04375 0.0453125
4 0.56875 0.74375 0.109375 0.0875
4 0.9140625 0.82890625 0.0765625 0.0609375
4 0.69609375 0.76328125 0.096875 0.075
4 0.7921875 0.796875 0.078125 0.065625
4 0.70703125 0.65859375 0.084375 0.053125
4 0.63984375 0.69609375 0.0921875 0.0625
4 0.76484375 0.7078125 0.078125 0.0671875
4 0.80859375 0.6734375 0.0640625 0.0484375
4 0.8359375 0.75 0.065625 0.05
4 0.9359375 0.76015625 0.0734375 0.05625
4 0.96484375 0.68984375 0.05625 0.040625
4 0.95 0.72421875 0.0625 0.046875
4 0.865625 0.7140625 0.053125 0.046875
4 0.8796875 0.6890625 0.0484375 0.0375