5 0.2375 0.196875 0.2703125 0.3
1 0.56328125 0.2453125 0.090625 0.034375
1 0.55546875 0.30234375 0.090625 0.0421875
1 0.82109375 0.290625 0.103125 0.0375
1 0.7 0.246875 0.0828125 0.03125
1 0.68515625 0.28984375 0.0890625 0.0359375
1 0.8203125 0.24609375 0.075 0.028125
1 0.93984375 0.24609375 0.075 0.028125
1 0.94453125 0.28984375 0.096875 0.0390625
3 0.1515625 0.8296875 0.175 0.0875
3 0.31640625 0.72578125 0.1546875 0.0578125
3 0.1703125 0.6984375 0.0953125 0.078125
3 0.34921875 0.80390625 0.1875 0.090625
3 0.1640625 0.76328125 0.1578125 0.059375
3 0.2984375 0.68046875 0.115625 0.040625
4 0.56328125 0.76015625 0.125 0.10625
4 0.78046875 0.771875 0.4203125 0.178125