1 0.29140625 0.04765625 0.2140625 0.090625
1 0.21328125 0.13984375 0.15 0.078125
1 0.15 0.290625 0.1265625 0.1390625
1 0.040625 0.2171875 0.071875 0.146875
1 0.1078125 0.08671875 0.090625 0.078125
1 0.4421875 0.24140625 0.1046875 0.2109375
1 0.34609375 0.4375 0.171875 0.109375
1 0.28515625 0.22421875 0.08125 0.05
1 0.34140625 0.3234375 0.109375 0.1125
1 0.16640625 0.45390625 0.115625 0.078125
1 0.2796875 0.29765625 0.090625 0.04375
1 0.3390625 0.15859375 0.071875 0.078125
1 0.2140625 0.371875 0.071875 0.071875
1 0.06796875 0.359375 0.084375 0.096875
2 0.64453125 0.409375 0.1140625 0.084375
2 0.6 0.1375 0.0578125 0.071875
2 0.81171875 0.428125 0.109375 0.0515625
2 0.55625 0.2765625 0.046875 0.109375
2 0.8859375 0.12265625 0.0484375 0.046875
2 0.7984375 0.07265625 0.078125 0.0375
2 0.71796875 0.32421875 0.05 0.040625
2 0.9359375 0.21875 0.040625 0.078125
2 0.915625 0.3421875 0.053125 0.075
2 0.6859375 0.071875 0.075 0.04375
2 0.81328125 0.30703125 0.053125 0.046875
2 0.825 0.22109375 0.03125 0.05625
2 0.6796875 0.2359375 0.025 0.059375
2 0.75234375 0.1765625 0.05625 0.01875
4 0.1265625 0.7640625 0.1796875 0.10625
4 0.34765625 0.75234375 0.2375 0.1578125
0 0.90078125 0.853125 0.146875 0.128125
0 0.584375 0.8546875 0.134375 0.121875
0 0.7359375 0.8515625 0.134375 0.13125
0 0.61875 0.7140625 0.103125 0.065625
0 0.75859375 0.7109375 0.09375 0.0734375
0 0.89375 0.7078125 0.090625 0.08125
0 0.8609375 0.5953125 0.078125 0.06875
0 0.6640625 0.59765625 0.06875 0.0578125
0 0.765625 0.596875 0.075 0.059375