5 0.25078125 0.265625 0.309375 0.146875
2 0.603125 0.34375 0.1359375 0.06875
2 0.75390625 0.39453125 0.14375 0.0765625
2 0.78359375 0.0875 0.109375 0.0453125
2 0.79375 0.334375 0.134375 0.0734375
2 0.92421875 0.12265625 0.1078125 0.04375
2 0.68359375 0.2296875 0.128125 0.065625
2 0.64296875 0.2859375 0.13125 0.065625
2 0.83515625 0.2734375 0.134375 0.075
2 0.7125 0.1765625 0.115625 0.0625
2 0.75078125 0.1296875 0.1109375 0.0484375
2 0.896875 0.16484375 0.11875 0.05625
2 0.86640625 0.21171875 0.1234375 0.0625
5 0.2296875 0.7453125 0.26875 0.20625
5 0.746875 0.64609375 0.3625 0.0515625
5 0.74765625 0.79921875 0.3625 0.15625