1 0.27265625 0.2421875 0.396875 0.2640625
1 0.9203125 0.29296875 0.0765625 0.109375
1 0.58828125 0.178125 0.0875 0.1125
1 0.90546875 0.16171875 0.08125 0.10625
1 0.746875 0.240625 0.08125 0.128125
1 0.821875 0.409375 0.1265625 0.0953125
1 0.6796875 0.0875 0.096875 0.075
1 0.67265625 0.4015625 0.125 0.0984375
1 0.796875 0.078125 0.10625 0.071875
1 0.58125 0.29765625 0.078125 0.0921875
2 0.2375 0.67578125 0.1765625 0.040625
2 0.24921875 0.8234375 0.159375 0.040625
2 0.24765625 0.74921875 0.16875 0.028125
2 0.3390625 0.5984375 0.0875 0.06875
2 0.4078125 0.67265625 0.059375 0.090625
2 0.13359375 0.61484375 0.084375 0.075
2 0.30703125 0.92265625 0.0625 0.0359375
2 0.12109375 0.565625 0.046875 0.0375
2 0.15390625 0.9046875 0.059375 0.0421875
2 0.096875 0.846875 0.0453125 0.059375
2 0.1796875 0.53828125 0.046875 0.025
2 0.2296875 0.92890625 0.0625 0.021875
2 0.0734375 0.609375 0.0375 0.040625
2 0.4 0.58125 0.0328125 0.0296875
2 0.4328125 0.615625 0.028125 0.034375
2 0.2359375 0.57109375 0.096875 0.0265625
2 0.3640625 0.55390625 0.03125 0.021875
2 0.24765625 0.61953125 0.046875 0.015625
2 0.32578125 0.53515625 0.034375 0.021875
2 0.23125 0.93046875 0.0625 0.021875
2 0.4578125 0.65859375 0.021875 0.034375
2 0.04453125 0.6640625 0.03125 0.046875
2 0.2796875 0.52421875 0.034375 0.0140625
2 0.234375 0.525 0.0328125 0.0125
2 0.41875 0.834375 0.034375 0.059375
2 0.05234375 0.8515625 0.028125 0.046875
2 0.46875 0.79921875 0.015625 0.034375
2 0.471875 0.7015625 0.0125 0.034375
2 0.1171875 0.9296875 0.03125 0.028125
2 0.1640625 0.95625 0.034375 0.021875
2 0.3140625 0.96484375 0.0328125 0.01875
2 0.08046875 0.896875 0.025 0.034375
2 0.37890625 0.73046875 0.01875 0.046875
2 0.3703125 0.89140625 0.0375 0.03125
2 0.475 0.7484375 0.0109375 0.034375
2 0.43671875 0.75859375 0.01875 0.0625
2 0.3578125 0.94609375 0.03125 0.025
2 0.25 0.8859375 0.046875 0.015625
2 0.21484375 0.96953125 0.034375 0.0125
2 0.39609375 0.91640625 0.028125 0.03125
2 0.42890625 0.884375 0.0234375 0.03125
2 0.0328125 0.79140625 0.0203125 0.046875
2 0.45078125 0.84609375 0.0203125 0.0328125
2 0.06796875 0.77265625 0.025 0.0625
2 0.0265625 0.72578125 0.01875 0.0484375
2 0.26328125 0.971875 0.03125 0.0140625
2 0.07421875 0.69296875 0.025 0.059375
2 0.1109375 0.74921875 0.01875 0.046875
0 0.74140625 0.828125 0.1515625 0.090625
0 0.5640625 0.73515625 0.125 0.0625
0 0.9234375 0.72109375 0.1203125 0.071875
0 0.65078125 0.7765625 0.1375 0.075
0 0.74140625 0.653125 0.103125 0.053125
0 0.8515625 0.7734375 0.10625 0.065625
0 0.821875 0.68671875 0.1109375 0.0625
0 0.76171875 0.7328125 0.0953125 0.05625
0 0.675 0.62734375 0.0953125 0.046875
0 0.66875 0.696875 0.0859375 0.05
0 0.6015625 0.66484375 0.078125 0.0421875
0 0.521875 0.6921875 0.04375 0.04375