1 0.23671875 0.253125 0.45 0.39375
4 0.63359375 0.259375 0.190625 0.1875
4 0.8625 0.26171875 0.1921875 0.171875
2 0.30859375 0.825 0.10625 0.140625
2 0.11875 0.79453125 0.140625 0.125
2 0.42578125 0.76328125 0.128125 0.0875
2 0.27109375 0.6953125 0.090625 0.06875
2 0.06953125 0.70625 0.1328125 0.0828125
2 0.21796875 0.6171875 0.0625 0.0625
2 0.315625 0.621875 0.059375 0.0625
2 0.4015625 0.64375 0.1 0.0640625
2 0.12734375 0.64296875 0.10625 0.0625
2 0.44140625 0.690625 0.10625 0.065625
4 0.75 0.75546875 0.25625 0.2203125