5 0.2546875 0.28125 0.1875 0.1703125
1 0.753125 0.2765625 0.384375 0.2125
2 0.4203125 0.78671875 0.146875 0.10625
2 0.2546875 0.69921875 0.1046875 0.0875
2 0.1046875 0.70234375 0.14375 0.090625
2 0.23359375 0.79765625 0.0875 0.075
2 0.3765625 0.69375 0.090625 0.065625
2 0.05859375 0.80234375 0.090625 0.075
1 0.75546875 0.8390625 0.146875 0.128125
1 0.615625 0.7546875 0.1 0.096875
1 0.8828125 0.7734375 0.1234375 0.1046875
1 0.73671875 0.7015625 0.1015625 0.090625
1 0.57890625 0.66796875 0.096875 0.075
1 0.66015625 0.62265625 0.06875 0.0640625
1 0.8375 0.659375 0.0796875 0.06875
1 0.7453125 0.615625 0.071875 0.059375
1 0.94453125 0.72109375 0.0921875 0.075