0 0.06328125 0.08359375 0.109375 0.059375
0 0.246875 0.18828125 0.1046875 0.0515625
0 0.1328125 0.1859375 0.0796875 0.05625
0 0.37109375 0.19375 0.10625 0.040625
0 0.0453125 0.27734375 0.078125 0.046875
0 0.43671875 0.090625 0.1140625 0.0453125
0 0.31640625 0.08828125 0.115625 0.05
0 0.190625 0.09296875 0.125 0.040625
0 0.0828125 0.35625 0.05625 0.040625
0 0.43125 0.359375 0.053125 0.034375
0 0.45859375 0.2765625 0.078125 0.04375
0 0.08671875 0.425 0.05625 0.0375
0 0.2578125 0.3625 0.053125 0.028125
0 0.1703125 0.3609375 0.053125 0.03125
0 0.33984375 0.36015625 0.0625 0.034375
0 0.346875 0.425 0.0578125 0.0375
0 0.26015625 0.4265625 0.05625 0.034375
0 0.1765625 0.42734375 0.05625 0.03125
0 0.2078125 0.27890625 0.0765625 0.0421875
0 0.42890625 0.421875 0.053125 0.0390625
0 0.375 0.27734375 0.0765625 0.0421875
0 0.12734375 0.28203125 0.071875 0.0359375
0 0.29140625 0.2796875 0.08125 0.0375
5 0.7296875 0.3296875 0.3390625 0.1375
5 0.85 0.275 0.2046875 0.0765625
5 0.621875 0.2765625 0.20625 0.08125
5 0.6140625 0.2109375 0.221875 0.059375
5 0.8515625 0.2109375 0.228125 0.059375
5 0.2671875 0.76328125 0.2 0.128125
5 0.7484375 0.71015625 0.4796875 0.2