2 0.25 0.24296875 0.428125 0.09375
2 0.75234375 0.3359375 0.1234375 0.0671875
2 0.7421875 0.24609375 0.08125 0.0421875
2 0.92734375 0.3234375 0.09375 0.06875
2 0.85546875 0.253125 0.0703125 0.04375
2 0.940625 0.2796875 0.06875 0.05
2 0.6484375 0.259375 0.05625 0.0390625
2 0.56171875 0.28046875 0.0703125 0.04375
2 0.85703125 0.29609375 0.04375 0.03125
2 0.66875 0.29375 0.053125 0.0375
2 0.82265625 0.27890625 0.05 0.025
2 0.775 0.303125 0.0609375 0.0421875
2 0.58359375 0.31640625 0.1 0.0625
2 0.68203125 0.27578125 0.05 0.03125
2 0.80234375 0.29140625 0.028125 0.0265625
2 0.74765625 0.2703125 0.053125 0.01875
2 0.73671875 0.2921875 0.04375 0.0265625
2 0.7453125 0.28203125 0.0375 0.01875
5 0.25390625 0.77890625 0.16875 0.153125
5 0.73203125 0.74375 0.309375 0.275