5 0.2515625 0.25078125 0.396875 0.178125
1 0.8890625 0.278125 0.1921875 0.19375
1 0.634375 0.2953125 0.2375 0.165625
1 0.25703125 0.69296875 0.05625 0.0359375
1 0.3046875 0.7875 0.06875 0.053125
1 0.2140625 0.7875 0.065625 0.04375
1 0.3421875 0.7109375 0.053125 0.0375
1 0.41796875 0.74375 0.053125 0.0375
1 0.0515625 0.76640625 0.0421875 0.0375
1 0.21796875 0.7359375 0.053125 0.0375
1 0.146875 0.75390625 0.0453125 0.034375
1 0.459375 0.78359375 0.0375 0.0375
1 0.16875 0.71328125 0.05 0.0359375
1 0.10234375 0.73515625 0.04375 0.0375
1 0.2921875 0.73984375 0.053125 0.034375
1 0.096875 0.78828125 0.0421875 0.0375
1 0.4046875 0.7953125 0.0375 0.0375
1 0.375 0.7609375 0.034375 0.03125
4 0.73828125 0.75234375 0.31875 0.3046875