1 0.23984375 0.2359375 0.434375 0.3359375
1 0.6234375 0.30234375 0.103125 0.034375
1 0.67734375 0.24609375 0.0671875 0.028125
1 0.778125 0.2578125 0.0828125 0.0359375
1 0.9046875 0.253125 0.08125 0.028125
1 0.7265625 0.2078125 0.059375 0.021875
1 0.75859375 0.178125 0.05 0.015625
1 0.8015625 0.21640625 0.0640625 0.021875
1 0.87734375 0.2203125 0.065625 0.028125
1 0.84453125 0.19921875 0.053125 0.01875
4 0.15625 0.82421875 0.121875 0.134375
4 0.2484375 0.675 0.1125 0.125
4 0.09921875 0.6921875 0.1296875 0.1140625
4 0.40234375 0.721875 0.13125 0.109375
4 0.31640625 0.83046875 0.1265625 0.121875
2 0.75546875 0.74375 0.453125 0.375