5 0.3234375 0.38359375 0.121875 0.0515625
5 0.1984375 0.3828125 0.10625 0.05
5 0.32265625 0.2125 0.121875 0.2375
5 0.1984375 0.2109375 0.1078125 0.2375
5 0.753125 0.253125 0.35 0.178125
1 0.4203125 0.79296875 0.0765625 0.109375
1 0.08828125 0.678125 0.0875 0.1125
1 0.40546875 0.66171875 0.08125 0.10625
1 0.246875 0.740625 0.08125 0.128125
1 0.321875 0.909375 0.1265625 0.0953125
1 0.1796875 0.5875 0.096875 0.075
1 0.17265625 0.9015625 0.125 0.0984375
1 0.296875 0.578125 0.10625 0.071875
1 0.08125 0.79765625 0.078125 0.0921875
5 0.86953125 0.81484375 0.19375 0.115625
5 0.82578125 0.6828125 0.1265625 0.053125
5 0.7890625 0.7734375 0.146875 0.090625
5 0.903125 0.70859375 0.175 0.06875
5 0.678125 0.66171875 0.1 0.040625
5 0.63046875 0.7390625 0.1 0.0625
5 0.665625 0.7625 0.115625 0.08125
5 0.71484375 0.67734375 0.11875 0.05
5 0.596875 0.65859375 0.0859375 0.0375
5 0.5515625 0.73125 0.0828125 0.05625