1 0.41640625 0.0796875 0.084375 0.1125
1 0.10234375 0.25078125 0.125 0.1421875
1 0.16171875 0.109375 0.1265625 0.09375
1 0.29296875 0.06640625 0.0859375 0.096875
1 0.125 0.40625 0.1671875 0.1484375
5 0.74921875 0.24609375 0.1609375 0.1515625
4 0.09609375 0.75 0.1328125 0.0953125
4 0.184375 0.6953125 0.109375 0.065625
4 0.22265625 0.8234375 0.134375 0.08125
4 0.39140625 0.721875 0.1359375 0.075
4 0.265625 0.6515625 0.096875 0.053125
4 0.30390625 0.765625 0.128125 0.0703125
4 0.72109375 0.8234375 0.13125 0.0859375
4 0.75625 0.72421875 0.10625 0.05
4 0.7703125 0.65078125 0.078125 0.0453125
4 0.6 0.7328125 0.11875 0.046875
4 0.91640625 0.71796875 0.096875 0.065625