4 0.22421875 0.26171875 0.2875 0.203125
3 0.7546875 0.2359375 0.109375 0.071875
3 0.64765625 0.3046875 0.0953125 0.075
3 0.88828125 0.26171875 0.0875 0.06875
3 0.87265625 0.19453125 0.078125 0.0515625
3 0.6578125 0.16875 0.078125 0.053125
3 0.8390625 0.32578125 0.08125 0.0640625
3 0.74453125 0.340625 0.090625 0.071875
3 0.61171875 0.2328125 0.0875 0.0625
3 0.74140625 0.15 0.0671875 0.040625
3 0.8140625 0.1546875 0.0578125 0.0390625
5 0.24921875 0.77265625 0.290625 0.1375
3 0.83203125 0.7953125 0.1234375 0.05625
3 0.71640625 0.8203125 0.0796875 0.053125
3 0.684375 0.69921875 0.084375 0.0359375
3 0.8859375 0.6875 0.05625 0.0296875
3 0.81171875 0.696875 0.0609375 0.0375
3 0.68203125 0.73671875 0.05 0.034375
3 0.834375 0.6625 0.075 0.034375
3 0.68046875 0.66484375 0.071875 0.028125
3 0.61328125 0.690625 0.059375 0.034375
3 0.7484375 0.678125 0.0625 0.021875
3 0.65625 0.7796875 0.0875 0.046875
3 0.59453125 0.83125 0.090625 0.04375
3 0.55546875 0.77890625 0.071875 0.0453125
3 0.88359375 0.721875 0.075 0.03125
3 0.746875 0.76875 0.075 0.034375
3 0.74765625 0.721875 0.0890625 0.0515625
3 0.8203125 0.7453125 0.075 0.040625
3 0.9375 0.81171875 0.075 0.053125
3 0.915625 0.76015625 0.075 0.04375
3 0.60546875 0.7328125 0.0875 0.040625