0 0.184375 0.33046875 0.15 0.109375
0 0.065625 0.22734375 0.0875 0.0796875
0 0.41875 0.1921875 0.0875 0.0546875
0 0.3703125 0.321875 0.1359375 0.096875
0 0.2578125 0.24921875 0.1078125 0.084375
0 0.4375 0.26796875 0.0875 0.090625
0 0.11640625 0.15625 0.0890625 0.05
0 0.215625 0.1203125 0.09375 0.034375
0 0.3296875 0.1421875 0.0859375 0.0453125
0 0.25390625 0.16796875 0.103125 0.053125
4 0.79921875 0.12734375 0.1171875 0.0640625
4 0.6890625 0.190625 0.128125 0.075
4 0.8078125 0.2546875 0.1234375 0.0875
4 0.59375 0.26953125 0.13125 0.08125
4 0.6859375 0.33828125 0.134375 0.0984375
4 0.91328125 0.17890625 0.11875 0.071875
5 0.2203125 0.74375 0.215625 0.1828125
2 0.74296875 0.80078125 0.1984375 0.11875
2 0.821875 0.678125 0.11875 0.0625
2 0.69375 0.66875 0.10625 0.075
2 0.63203125 0.73125 0.128125 0.0875
2 0.8734375 0.74453125 0.128125 0.1109375
2 0.734375 0.7109375 0.1125 0.078125