5 0.409375 0.32734375 0.153125 0.09375
5 0.40859375 0.2375 0.153125 0.0984375
5 0.32734375 0.27890625 0.09375 0.1765625
0 0.36875 0.2671875 0.0140625 0.0140625
5 0.7296875 0.24921875 0.371875 0.415625
4 0.24375 0.7625 0.240625 0.2125
0 0.7578125 0.85859375 0.0625 0.01875
0 0.68828125 0.8265625 0.084375 0.0265625
0 0.6625 0.85390625 0.053125 0.021875
0 0.58203125 0.834375 0.04375 0.025
0 0.8 0.8296875 0.0625 0.028125
0 0.609375 0.8 0.05 0.03125
0 0.84375 0.85234375 0.05 0.021875
0 0.70625 0.7984375 0.09375 0.03125
0 0.809375 0.79921875 0.0734375 0.03125
0 0.5421875 0.803125 0.03125 0.025
0 0.90546875 0.83515625 0.0390625 0.021875
0 0.63125 0.76640625 0.04375 0.0390625
0 0.5734375 0.76875 0.034375 0.028125
0 0.8765625 0.8046875 0.0375 0.025
0 0.778125 0.77734375 0.05625 0.0234375
0 0.57734375 0.73828125 0.028125 0.025
0 0.6921875 0.725 0.0625 0.025
0 0.91953125 0.7796875 0.0359375 0.0296875
0 0.95078125 0.8171875 0.028125 0.0203125
0 0.63125 0.728125 0.0453125 0.0296875
0 0.5296875 0.73671875 0.0265625 0.015625
0 0.52421875 0.76640625 0.0203125 0.01875
0 0.9734375 0.79609375 0.025 0.01875
0 0.84609375 0.72421875 0.05 0.028125
0 0.828125 0.7578125 0.034375 0.0390625
0 0.725 0.75 0.0421875 0.03125
0 0.8671875 0.76484375 0.034375 0.0375
0 0.953125 0.7390625 0.0265625 0.021875
0 0.775 0.73359375 0.0546875 0.0203125
0 0.91484375 0.7515625 0.0328125 0.0265625
0 0.6640625 0.74921875 0.0296875 0.025
0 0.80078125 0.72265625 0.04375 0.028125
0 0.69765625 0.70078125 0.075 0.01875
0 0.61328125 0.71015625 0.040625 0.0234375
0 0.553125 0.71640625 0.0296875 0.015625
0 0.91875 0.7171875 0.028125 0.0125
0 0.7859375 0.7015625 0.065625 0.01875
0 0.57421875 0.70078125 0.034375 0.0125
0 0.87890625 0.721875 0.0359375 0.0234375
0 0.88671875 0.69609375 0.034375 0.015625
0 0.97734375 0.76953125 0.01875 0.021875
0 0.70625 0.7671875 0.0375 0.015625
0 0.76328125 0.7671875 0.04375 0.015625
0 0.6703125 0.771875 0.0234375 0.025
0 0.6171875 0.6890625 0.034375 0.0125
0 0.80546875 0.68828125 0.0515625 0.01875
0 0.665625 0.6921875 0.0390625 0.01875
0 0.72734375 0.68515625 0.046875 0.015625
0 0.74765625 0.71015625 0.046875 0.015625
0 0.70078125 0.7421875 0.0265625 0.0171875
0 0.76328125 0.74609375 0.01875 0.01875
0 0.840625 0.68359375 0.03125 0.0109375
0 0.7125 0.78359375 0.05 0.015625
0 0.79140625 0.75390625 0.0125 0.01875
0 0.696875 0.67109375 0.0296875 0.0109375
0 0.7484375 0.671875 0.0359375 0.009375
0 0.66328125 0.6765625 0.0375 0.009375
0 0.79375 0.67578125 0.03125 0.00625