5 0.2625 0.25859375 0.259375 0.1515625
1 0.6171875 0.1359375 0.11875 0.078125
1 0.76796875 0.06875 0.140625 0.0375
1 0.58359375 0.29140625 0.134375 0.1328125
1 0.70859375 0.32890625 0.078125 0.084375
1 0.89921875 0.40859375 0.06875 0.08125
1 0.72578125 0.22109375 0.0859375 0.075
1 0.7984375 0.134375 0.109375 0.04375
1 0.921875 0.30625 0.059375 0.05625
1 0.80546875 0.36953125 0.065625 0.059375
1 0.821875 0.26953125 0.0765625 0.0625
1 0.9234375 0.22890625 0.059375 0.04375
1 0.83359375 0.19140625 0.075 0.034375
1 0.9265625 0.17265625 0.05625 0.021875
5 0.26953125 0.74921875 0.3125 0.278125
5 0.1953125 0.7453125 0.2625 0.271875
3 0.64921875 0.74921875 0.1671875 0.153125
3 0.84609375 0.74375 0.171875 0.171875