2 0.12890625 0.27578125 0.0828125 0.0328125
2 0.31875 0.29921875 0.08125 0.0453125
2 0.45 0.29140625 0.053125 0.0296875
2 0.1671875 0.31484375 0.0796875 0.0375
2 0.10703125 0.24140625 0.078125 0.028125
2 0.27265625 0.2671875 0.0609375 0.028125
2 0.24453125 0.2421875 0.06875 0.0296875
2 0.0875 0.21640625 0.0875 0.03125
2 0.4203125 0.265625 0.046875 0.025
2 0.1640625 0.19140625 0.05625 0.0265625
2 0.203125 0.20546875 0.06875 0.0296875
2 0.28203125 0.19921875 0.059375 0.025
2 0.31875 0.21484375 0.0640625 0.028125
2 0.35703125 0.23203125 0.053125 0.0203125
2 0.384375 0.25 0.040625 0.01875
2 0.2203125 0.221875 0.05625 0.021875
2 0.07421875 0.196875 0.0734375 0.03125
2 0.06875 0.1859375 0.0796875 0.028125
4 0.58046875 0.2515625 0.1125 0.18125
4 0.91640625 0.2359375 0.109375 0.1875
4 0.80234375 0.24140625 0.075 0.1734375
4 0.703125 0.246875 0.0703125 0.15625
5 0.23984375 0.684375 0.21875 0.275
5 0.115625 0.7625 0.209375 0.20625
5 0.37109375 0.840625 0.2375 0.1265625
5 0.37265625 0.76015625 0.21875 0.20625
5 0.121875 0.8453125 0.2265625 0.115625
2 0.7515625 0.7453125 0.40625 0.490625