2 0.25234375 0.3359375 0.1234375 0.0671875
2 0.2421875 0.24609375 0.08125 0.0421875
2 0.42734375 0.3234375 0.09375 0.06875
2 0.35546875 0.253125 0.0703125 0.04375
2 0.440625 0.2796875 0.06875 0.05
2 0.1484375 0.259375 0.05625 0.0390625
2 0.06171875 0.28046875 0.0703125 0.04375
2 0.35703125 0.29609375 0.04375 0.03125
2 0.16875 0.29375 0.053125 0.0375
2 0.32265625 0.27890625 0.05 0.025
2 0.275 0.303125 0.0609375 0.0421875
2 0.08359375 0.31640625 0.1 0.0625
2 0.18203125 0.27578125 0.05 0.03125
2 0.30234375 0.29140625 0.028125 0.0265625
2 0.24765625 0.2703125 0.053125 0.01875
2 0.23671875 0.2921875 0.04375 0.0265625
2 0.2453125 0.28203125 0.0375 0.01875
1 0.746875 0.14765625 0.134375 0.04375
1 0.8921875 0.31484375 0.165625 0.071875
1 0.86484375 0.22578125 0.1375 0.053125
1 0.65 0.22421875 0.1546875 0.05625
1 0.61875 0.31484375 0.2125 0.0875
5 0.24375 0.74609375 0.375 0.13125
5 0.7234375 0.73359375 0.203125 0.23125