3 0.1578125 0.259375 0.171875 0.140625
3 0.35 0.246875 0.1578125 0.16875
5 0.728125 0.26640625 0.2484375 0.159375
0 0.0328125 0.7515625 0.05 0.028125
0 0.09140625 0.778125 0.059375 0.0359375
0 0.39609375 0.81015625 0.06875 0.0359375
0 0.33984375 0.85859375 0.0765625 0.04375
0 0.1671875 0.80546875 0.06875 0.034375
0 0.24296875 0.83203125 0.075 0.0390625
0 0.0921875 0.7125 0.040625 0.021875
0 0.234375 0.75546875 0.0625 0.034375
0 0.153125 0.73359375 0.053125 0.028125
0 0.30625 0.78671875 0.053125 0.025
0 0.4703125 0.7484375 0.0375 0.0234375
0 0.2 0.65234375 0.028125 0.0171875
0 0.346875 0.7515625 0.05 0.025
0 0.4390625 0.78046875 0.0546875 0.025
0 0.26015625 0.6265625 0.021875 0.0109375
0 0.21015625 0.69296875 0.034375 0.01875
0 0.440625 0.70625 0.025 0.0125
0 0.27109375 0.7203125 0.0375 0.01875
0 0.37734375 0.67578125 0.025 0.0125
0 0.2515625 0.66875 0.0296875 0.015625
0 0.31796875 0.65 0.0234375 0.0125
0 0.3828125 0.721875 0.040625 0.015625
0 0.30703125 0.6921875 0.03125 0.015625
0 0.15390625 0.6796875 0.03125 0.0125
4 0.67265625 0.65 0.140625 0.1
4 0.63046875 0.80859375 0.19375 0.16875
4 0.88359375 0.70703125 0.1703125 0.128125