4 0.2484375 0.27109375 0.453125 0.190625
5 0.77578125 0.25859375 0.18125 0.1515625
4 0.36015625 0.75390625 0.121875 0.109375
4 0.121875 0.7515625 0.10625 0.1171875
4 0.30390625 0.6578125 0.0921875 0.08125
4 0.24140625 0.82421875 0.103125 0.121875
4 0.1828125 0.653125 0.090625 0.084375
4 0.7703125 0.88046875 0.0921875 0.065625
4 0.6453125 0.65 0.1125 0.0875
4 0.71484375 0.7734375 0.0875 0.0671875
4 0.83125 0.775 0.0859375 0.0671875
4 0.91484375 0.65859375 0.0890625 0.08125
4 0.7875 0.64140625 0.1140625 0.096875