2 0.24921875 0.246875 0.365625 0.36875
5 0.76171875 0.2734375 0.353125 0.184375
5 0.259375 0.75234375 0.35625 0.28125
0 0.9390625 0.8765625 0.071875 0.146875
0 0.84921875 0.640625 0.075 0.1515625
0 0.94921875 0.640625 0.0796875 0.146875
0 0.55234375 0.878125 0.06875 0.14375
0 0.74609375 0.63984375 0.06875 0.146875
0 0.83515625 0.878125 0.0734375 0.14375
0 0.65390625 0.6375 0.075 0.140625
0 0.55234375 0.64296875 0.075 0.15625
0 0.74453125 0.878125 0.075 0.14375
0 0.6515625 0.87890625 0.075 0.1421875