3 0.1578125 0.259375 0.171875 0.140625
3 0.35 0.246875 0.1578125 0.16875
5 0.75 0.25390625 0.340625 0.29375
0 0.0328125 0.7515625 0.05 0.028125
0 0.09140625 0.778125 0.059375 0.0359375
0 0.39609375 0.81015625 0.06875 0.0359375
0 0.33984375 0.85859375 0.0765625 0.04375
0 0.1671875 0.80546875 0.06875 0.034375
0 0.24296875 0.83203125 0.075 0.0390625
0 0.0921875 0.7125 0.040625 0.021875
0 0.234375 0.75546875 0.0625 0.034375
0 0.153125 0.73359375 0.053125 0.028125
0 0.30625 0.78671875 0.053125 0.025
0 0.4703125 0.7484375 0.0375 0.0234375
0 0.2 0.65234375 0.028125 0.0171875
0 0.346875 0.7515625 0.05 0.025
0 0.4390625 0.78046875 0.0546875 0.025
0 0.26015625 0.6265625 0.021875 0.0109375
0 0.21015625 0.69296875 0.034375 0.01875
0 0.440625 0.70625 0.025 0.0125
0 0.27109375 0.7203125 0.0375 0.01875
0 0.37734375 0.67578125 0.025 0.0125
0 0.2515625 0.66875 0.0296875 0.015625
0 0.31796875 0.65 0.0234375 0.0125
0 0.3828125 0.721875 0.040625 0.015625
0 0.30703125 0.6921875 0.03125 0.015625
0 0.15390625 0.6796875 0.03125 0.0125
1 0.56875 0.71875 0.13125 0.09375
1 0.628125 0.803125 0.1140625 0.0625
1 0.69453125 0.7140625 0.103125 0.059375
1 0.69453125 0.6390625 0.1125 0.05625
1 0.66875 0.8890625 0.075 0.0484375
1 0.76484375 0.6796875 0.0953125 0.053125
1 0.71328125 0.8578125 0.06875 0.05
1 0.8109375 0.7171875 0.0625 0.040625
1 0.77265625 0.7453125 0.071875 0.0375
1 0.9078125 0.653125 0.0625 0.0359375
1 0.8140625 0.65859375 0.059375 0.03125
1 0.759375 0.828125 0.053125 0.0359375
1 0.728125 0.7734375 0.06875 0.028125
1 0.86171875 0.69375 0.05 0.034375
1 0.8109375 0.7875 0.053125 0.034375
1 0.92734375 0.69765625 0.046875 0.025
1 0.88515625 0.66796875 0.0453125 0.028125
1 0.8421875 0.7671875 0.05 0.0265625
1 0.865625 0.75 0.05 0.0265625
1 0.7953125 0.80234375 0.04375 0.034375
1 0.87890625 0.73515625 0.04375 0.0265625
1 0.8953125 0.72109375 0.04375 0.025
1 0.96796875 0.665625 0.0328125 0.0234375
1 0.9796875 0.65546875 0.034375 0.01875
1 0.909375 0.71015625 0.0375 0.0171875
1 0.95234375 0.67734375 0.040625 0.028125
1 0.93515625 0.6875 0.046875 0.025