1 0.065625 0.15625 0.071875 0.075
1 0.16875 0.0671875 0.084375 0.0625
1 0.296875 0.0546875 0.078125 0.0640625
1 0.23046875 0.13046875 0.08125 0.065625
1 0.0453125 0.28515625 0.0609375 0.090625
1 0.4203125 0.12578125 0.0796875 0.065625
1 0.33828125 0.16875 0.078125 0.071875
1 0.25078125 0.24453125 0.078125 0.06875
1 0.134375 0.2078125 0.065625 0.078125
1 0.2671875 0.44375 0.09375 0.0640625
1 0.45 0.2359375 0.06875 0.08125
1 0.40390625 0.36796875 0.0796875 0.084375
1 0.28515625 0.3390625 0.078125 0.0734375
1 0.1625 0.32265625 0.071875 0.084375
1 0.1171875 0.3890625 0.084375 0.071875
1 0.375 0.2671875 0.0578125 0.0703125
3 0.675 0.25234375 0.196875 0.134375
2 0.2609375 0.6671875 0.128125 0.19375
2 0.4140625 0.65703125 0.096875 0.146875
2 0.428125 0.84453125 0.128125 0.159375
2 0.0875 0.66953125 0.1640625 0.196875
2 0.24609375 0.8640625 0.0828125 0.10625
2 0.08125 0.8703125 0.0625 0.10625
5 0.75 0.7765625 0.471875 0.1609375