3 0.24921875 0.2953125 0.240625 0.115625
3 0.1234375 0.18515625 0.14375 0.06875
3 0.0546875 0.26171875 0.109375 0.0859375
3 0.3 0.1890625 0.13125 0.0625
3 0.4390625 0.2375 0.121875 0.0859375
3 0.309375 0.40078125 0.296875 0.053125
3 0.4765625 0.33984375 0.046875 0.128125
5 0.7890625 0.2609375 0.275 0.165625
1 0.26171875 0.88515625 0.140625 0.1625
1 0.31796875 0.603125 0.140625 0.15625
1 0.13125 0.61796875 0.146875 0.15625
1 0.4109375 0.7640625 0.165625 0.146875
1 0.08671875 0.80390625 0.15625 0.115625
5 0.75078125 0.6453125 0.35625 0.05
5 0.75078125 0.8 0.3578125 0.15625