1 0.04375 0.29765625 0.078125 0.059375
1 0.45859375 0.29609375 0.06875 0.06875
1 0.140625 0.29609375 0.08125 0.065625
1 0.35625 0.3 0.0609375 0.053125
1 0.2578125 0.29453125 0.06875 0.059375
0 0.76015625 0.1640625 0.046875 0.0234375
0 0.82109375 0.17421875 0.0375 0.028125
0 0.88515625 0.18125 0.0359375 0.03125
0 0.759375 0.190625 0.0375 0.025
0 0.8109375 0.2015625 0.0375 0.03125
0 0.69765625 0.1765625 0.040625 0.028125
0 0.71171875 0.203125 0.034375 0.03125
0 0.86796875 0.20859375 0.03125 0.028125
0 0.65078125 0.2046875 0.0375 0.028125
0 0.8078125 0.140625 0.0375 0.0203125
0 0.665625 0.14921875 0.0296875 0.025
0 0.625 0.17109375 0.03125 0.0296875
0 0.75625 0.134375 0.0359375 0.01875
0 0.75859375 0.22734375 0.04375 0.0296875
0 0.709375 0.1390625 0.034375 0.021875
0 0.8515625 0.1578125 0.034375 0.021875
0 0.5921875 0.20234375 0.0296875 0.028125
0 0.83828125 0.24296875 0.03125 0.0390625
0 0.91640625 0.21328125 0.03125 0.0265625
0 0.8875 0.25234375 0.028125 0.0375
0 0.940625 0.25 0.034375 0.034375
0 0.66796875 0.2390625 0.03125 0.040625
0 0.61484375 0.24375 0.03125 0.034375
0 0.903125 0.29375 0.034375 0.0453125
0 0.559375 0.24296875 0.0296875 0.0453125
0 0.85859375 0.296875 0.0375 0.0421875
0 0.6453125 0.29375 0.034375 0.04375
0 0.9578125 0.2953125 0.034375 0.04375
0 0.5890625 0.29296875 0.03125 0.05
0 0.5359375 0.296875 0.03125 0.0375
0 0.4109375 0.8296875 0.065625 0.059375
0 0.30546875 0.871875 0.06875 0.0640625
0 0.175 0.85234375 0.0796875 0.05625
0 0.08828125 0.80078125 0.0625 0.059375
0 0.44609375 0.7546875 0.046875 0.0484375
0 0.290625 0.77578125 0.065625 0.05
0 0.0921875 0.6734375 0.05 0.0359375
0 0.0421875 0.73984375 0.05 0.05
0 0.1484375 0.63125 0.0375 0.0265625
0 0.1890625 0.7578125 0.059375 0.05
0 0.4265625 0.69375 0.0421875 0.034375
0 0.21171875 0.6125 0.0359375 0.021875
0 0.3609375 0.64765625 0.04375 0.0296875
0 0.25234375 0.7015625 0.05 0.04375
0 0.28984375 0.6203125 0.034375 0.0234375
0 0.321875 0.678125 0.040625 0.0375
0 0.34453125 0.73203125 0.0375 0.046875
0 0.20390625 0.66171875 0.046875 0.028125
0 0.15078125 0.7109375 0.040625 0.040625
0 0.271875 0.653125 0.046875 0.028125
1 0.6234375 0.74921875 0.2296875 0.125
1 0.8765625 0.75234375 0.228125 0.10625