3 0.24609375 0.24765625 0.19375 0.2171875
2 0.5375 0.3015625 0.05625 0.0625
2 0.821875 0.29921875 0.05625 0.0671875
2 0.96015625 0.30234375 0.053125 0.059375
2 0.67109375 0.2984375 0.05 0.06875
2 0.565625 0.1828125 0.040625 0.0453125
2 0.93984375 0.2375 0.046875 0.05
2 0.546875 0.23046875 0.040625 0.05
2 0.675 0.14765625 0.0328125 0.04375
2 0.68046875 0.1875 0.040625 0.0375
2 0.6796875 0.228125 0.0421875 0.05
2 0.90390625 0.153125 0.0328125 0.0390625
2 0.91796875 0.190625 0.0359375 0.0421875
2 0.81015625 0.2265625 0.046875 0.05
2 0.58046875 0.14609375 0.0421875 0.0390625
2 0.7953125 0.17890625 0.0375 0.0453125
2 0.78984375 0.1453125 0.025 0.040625
2 0.19609375 0.7671875 0.090625 0.0828125
2 0.23046875 0.8796875 0.075 0.103125
2 0.1203125 0.8625 0.071875 0.103125
2 0.4453125 0.75234375 0.09375 0.0625
2 0.3359375 0.86875 0.0875 0.103125
2 0.14296875 0.68046875 0.0765625 0.06875
2 0.046875 0.70234375 0.0765625 0.071875
2 0.21171875 0.6046875 0.059375 0.0625
2 0.353125 0.7140625 0.075 0.06875
2 0.39921875 0.81953125 0.090625 0.096875
2 0.39921875 0.64296875 0.0625 0.059375
2 0.1046875 0.6203125 0.053125 0.05625
2 0.046875 0.79296875 0.071875 0.0859375
2 0.2953125 0.60390625 0.0796875 0.0546875
2 0.2765625 0.66328125 0.0703125 0.05625
1 0.74375 0.58671875 0.140625 0.1015625
1 0.578125 0.67265625 0.121875 0.109375
1 0.921875 0.66484375 0.121875 0.125
1 0.95 0.80625 0.06875 0.09375
1 0.55234375 0.809375 0.071875 0.0890625
1 0.840625 0.72421875 0.059375 0.05
1 0.65234375 0.728125 0.0625 0.05
1 0.678125 0.79921875 0.046875 0.0390625
1 0.8234375 0.79765625 0.05 0.0375
1 0.88203125 0.83359375 0.040625 0.04375
1 0.61796875 0.83515625 0.040625 0.0421875
1 0.75 0.778125 0.053125 0.0296875
1 0.75078125 0.7078125 0.0625 0.0421875
1 0.690625 0.859375 0.03125 0.025
1 0.61640625 0.903125 0.0234375 0.03125
1 0.8234375 0.8609375 0.0296875 0.025
1 0.65078125 0.8796875 0.028125 0.025
1 0.7828125 0.85390625 0.028125 0.0203125
1 0.7375 0.8515625 0.03125 0.01875
1 0.89453125 0.90625 0.025 0.025
1 0.86171875 0.87890625 0.028125 0.025
1 0.68515625 0.9078125 0.021875 0.01875
1 0.79375 0.90078125 0.0234375 0.01875
1 0.834375 0.91171875 0.021875 0.01875
1 0.75546875 0.89296875 0.021875 0.0140625
1 0.721875 0.896875 0.0203125 0.015625
1 0.86171875 0.9328125 0.021875 0.0203125
1 0.65390625 0.93359375 0.0203125 0.01875