1 0.35546875 0.2328125 0.259375 0.26875
1 0.13671875 0.2265625 0.2453125 0.1421875
0 0.66953125 0.3125 0.196875 0.140625
0 0.84375 0.31015625 0.134375 0.1390625
0 0.578125 0.1921875 0.11875 0.065625
0 0.90546875 0.2109375 0.134375 0.075
0 0.7171875 0.196875 0.1296875 0.071875
0 0.9078125 0.15234375 0.10625 0.053125
0 0.63828125 0.1421875 0.0890625 0.0453125
0 0.703125 0.125 0.075 0.040625
0 0.80390625 0.15703125 0.10625 0.05625
0 0.79296875 0.1203125 0.096875 0.040625
2 0.2515625 0.7375 0.4875 0.2328125
3 0.85625 0.74296875 0.1328125 0.1
3 0.6375 0.73515625 0.1125 0.08125
3 0.66484375 0.828125 0.1015625 0.090625
3 0.7515625 0.6734375 0.1515625 0.1078125
3 0.78828125 0.834375 0.1125 0.0921875