5 0.25078125 0.26640625 0.1796875 0.20625
5 0.76953125 0.2375 0.2875 0.1609375
1 0.053125 0.77578125 0.046875 0.04375
1 0.440625 0.775 0.0578125 0.053125
1 0.3421875 0.775 0.05625 0.04375
1 0.37578125 0.7328125 0.059375 0.0359375
1 0.1890625 0.7109375 0.053125 0.0265625
1 0.1328125 0.77890625 0.0515625 0.0375
1 0.103125 0.734375 0.05625 0.0296875
1 0.28828125 0.7109375 0.05625 0.01875
1 0.28203125 0.7359375 0.0625 0.03125
1 0.19296875 0.7421875 0.0609375 0.03125
1 0.553125 0.77578125 0.046875 0.04375
1 0.940625 0.775 0.0578125 0.053125
1 0.8421875 0.775 0.05625 0.04375
1 0.87578125 0.7328125 0.059375 0.0359375
1 0.6890625 0.7109375 0.053125 0.0265625
1 0.6328125 0.77890625 0.0515625 0.0375
1 0.603125 0.734375 0.05625 0.0296875
1 0.78828125 0.7109375 0.05625 0.01875
1 0.78203125 0.7359375 0.0625 0.03125
1 0.69296875 0.7421875 0.0609375 0.03125