4 0.40625 0.10859375 0.065625 0.06875
4 0.2171875 0.14140625 0.0703125 0.059375
4 0.21875 0.03359375 0.059375 0.0625
4 0.3125 0.0484375 0.0609375 0.0625
4 0.13203125 0.2140625 0.0609375 0.06875
4 0.05625 0.13515625 0.059375 0.053125
4 0.21484375 0.45390625 0.065625 0.0625
4 0.328125 0.1578125 0.065625 0.06875
4 0.46328125 0.2125 0.0625 0.065625
4 0.246875 0.25703125 0.0703125 0.0625
4 0.16953125 0.3296875 0.06875 0.075
4 0.05546875 0.3453125 0.0578125 0.065625
4 0.29765625 0.35 0.065625 0.065625
4 0.0328125 0.2453125 0.05625 0.071875
4 0.39609375 0.3953125 0.0578125 0.075
4 0.11796875 0.415625 0.0609375 0.0625
4 0.12578125 0.07109375 0.059375 0.0671875
4 0.30703125 0.4515625 0.0625 0.059375
4 0.37109375 0.2515625 0.059375 0.0640625
4 0.4453125 0.3171875 0.059375 0.065625
0 0.91953125 0.353125 0.1203125 0.065625
0 0.75625 0.3546875 0.115625 0.06875
0 0.5890625 0.22578125 0.103125 0.046875
0 0.584375 0.35625 0.115625 0.06875
0 0.58828125 0.10546875 0.08125 0.0375
0 0.74921875 0.228125 0.10625 0.04375
0 0.9234375 0.22578125 0.10625 0.05
0 0.75 0.10390625 0.0828125 0.034375
0 0.92109375 0.10390625 0.084375 0.034375
2 0.2 0.6546875 0.1078125 0.0625
2 0.2265625 0.73125 0.125 0.075
2 0.1203125 0.71484375 0.15625 0.075
2 0.371875 0.6953125 0.134375 0.05625
2 0.371875 0.75859375 0.1375 0.0796875
2 0.27734375 0.8125 0.159375 0.0890625
2 0.2796875 0.671875 0.140625 0.059375
2 0.14375 0.7875 0.121875 0.096875
0 0.74375 0.7546875 0.459375 0.1984375