0 0.3734375 0.1078125 0.103125 0.096875
0 0.12421875 0.1125 0.10625 0.1015625
0 0.25234375 0.0578125 0.11875 0.06875
0 0.1125 0.34921875 0.09375 0.109375
0 0.33125 0.4171875 0.1109375 0.0828125
0 0.209375 0.42734375 0.1140625 0.0734375
0 0.4171875 0.3359375 0.08125 0.09375
0 0.065625 0.2296875 0.078125 0.11875
0 0.440625 0.2203125 0.071875 0.1140625
1 0.66484375 0.2421875 0.259375 0.346875
1 0.87421875 0.246875 0.14375 0.340625
3 0.2515625 0.7515625 0.353125 0.228125
0 0.93671875 0.7875 0.08125 0.05625
0 0.54921875 0.784375 0.0625 0.05
0 0.66015625 0.7921875 0.0703125 0.0546875
0 0.7984375 0.7921875 0.065625 0.053125
0 0.79609375 0.73828125 0.05625 0.0375
0 0.91015625 0.74375 0.05625 0.040625
0 0.590625 0.7359375 0.05625 0.0390625
0 0.8671875 0.66640625 0.0375 0.021875
0 0.790625 0.703125 0.04375 0.028125
0 0.68515625 0.7375 0.0515625 0.040625
0 0.8953125 0.7125 0.046875 0.03125
0 0.696875 0.70546875 0.046875 0.028125
0 0.88671875 0.68671875 0.04375 0.025
0 0.61171875 0.7046875 0.04375 0.028125
0 0.7859375 0.66328125 0.0359375 0.0203125
0 0.7171875 0.66328125 0.03125 0.01875
0 0.78671875 0.6796875 0.0375 0.025
0 0.65703125 0.6640625 0.0359375 0.021875
0 0.709375 0.6828125 0.0390625 0.021875
0 0.6375 0.68046875 0.0375 0.025