1 0.253125 0.26015625 0.4328125 0.2390625
5 0.75 0.2484375 0.365625 0.4484375
0 0.1015625 0.86171875 0.14375 0.084375
0 0.25546875 0.8625 0.128125 0.084375
0 0.4046875 0.8609375 0.140625 0.0828125
0 0.1171875 0.6890625 0.1 0.05
0 0.359375 0.6875 0.1015625 0.046875
0 0.128125 0.62265625 0.0875 0.040625
0 0.2484375 0.76015625 0.10625 0.0625
0 0.24375 0.690625 0.090625 0.05
0 0.10703125 0.7625 0.115625 0.0625
0 0.34453125 0.6203125 0.090625 0.04375
0 0.23984375 0.621875 0.08125 0.040625
0 0.37421875 0.759375 0.115625 0.0625
0 0.56328125 0.815625 0.04375 0.034375
0 0.5953125 0.77265625 0.0375 0.025
0 0.6296875 0.828125 0.04375 0.03125
0 0.68515625 0.71484375 0.03125 0.021875
0 0.665625 0.74765625 0.0375 0.025
0 0.925 0.75625 0.0375 0.0265625
0 0.6125 0.73515625 0.034375 0.021875
0 0.834375 0.690625 0.03125 0.01875
0 0.73046875 0.7015625 0.03125 0.021875
0 0.78203125 0.6984375 0.03125 0.021875
0 0.65234375 0.78046875 0.0390625 0.028125
0 0.6390625 0.70625 0.03125 0.021875
0 0.83515625 0.71171875 0.03125 0.021875
0 0.77421875 0.72421875 0.0328125 0.021875
0 0.70703125 0.6859375 0.03125 0.0203125
0 0.77890625 0.6796875 0.03125 0.01875
0 0.73125 0.73125 0.034375 0.025
0 0.94921875 0.73671875 0.034375 0.025
0 0.86796875 0.73125 0.034375 0.025
0 0.89296875 0.7140625 0.03125 0.021875