5 0.2890625 0.23828125 0.3015625 0.246875
5 0.56484375 0.27734375 0.053125 0.096875
5 0.84140625 0.27890625 0.08125 0.178125
5 0.6 0.2609375 0.046875 0.096875
5 0.68125 0.271875 0.0609375 0.13125
5 0.734375 0.253125 0.0734375 0.1328125
5 0.915625 0.25234375 0.09375 0.18125
4 0.24765625 0.7296875 0.109375 0.075
4 0.29453125 0.63984375 0.1 0.065625
4 0.41640625 0.71484375 0.11875 0.06875
4 0.08671875 0.7578125 0.1125 0.078125
4 0.23359375 0.84296875 0.13125 0.0859375
1 0.6140625 0.584375 0.15625 0.1375
1 0.8921875 0.584375 0.15625 0.1375
1 0.753125 0.74765625 0.15625 0.146875
1 0.62109375 0.90859375 0.1359375 0.1359375
1 0.8953125 0.9140625 0.1375 0.1375