5 0.2890625 0.2609375 0.275 0.165625
0 0.8734375 0.1078125 0.103125 0.096875
0 0.62421875 0.1125 0.10625 0.1015625
0 0.75234375 0.0578125 0.11875 0.06875
0 0.6125 0.34921875 0.09375 0.109375
0 0.83125 0.4171875 0.1109375 0.0828125
0 0.709375 0.42734375 0.1140625 0.0734375
0 0.9171875 0.3359375 0.08125 0.09375
0 0.565625 0.2296875 0.078125 0.11875
0 0.940625 0.2203125 0.071875 0.1140625
4 0.25859375 0.7515625 0.35625 0.2875
5 0.8125 0.65078125 0.1046875 0.24375
5 0.85859375 0.9703125 0.2375 0.05625