3 0.246875 0.24921875 0.2578125 0.25
0 0.7421875 0.27578125 0.084375 0.040625
0 0.82734375 0.3015625 0.0796875 0.0296875
0 0.8296875 0.2640625 0.071875 0.034375
0 0.71328125 0.31796875 0.05 0.034375
0 0.684375 0.2890625 0.0625 0.028125
0 0.784375 0.2921875 0.0875 0.046875
0 0.896875 0.28671875 0.0515625 0.015625
0 0.865625 0.284375 0.0640625 0.021875
1 0.0953125 0.58671875 0.1625 0.165625
1 0.25390625 0.6125 0.175 0.146875
1 0.3203125 0.7375 0.121875 0.1109375
1 0.409375 0.6015625 0.1578125 0.15625
1 0.18515625 0.740625 0.13125 0.11875
1 0.4109375 0.80703125 0.0875 0.0875
1 0.1046875 0.821875 0.0875 0.0890625
1 0.25703125 0.8515625 0.078125 0.075
1 0.25703125 0.95625 0.053125 0.05
1 0.34296875 0.96328125 0.05625 0.05625
1 0.1640625 0.96015625 0.05625 0.05625
1 0.30625 0.92578125 0.046875 0.046875
1 0.2015625 0.925 0.046875 0.046875
2 0.75 0.73046875 0.440625 0.240625