5 0.24921875 0.27890625 0.4453125 0.2609375
4 0.7515625 0.24765625 0.38125 0.478125
0 0.2578125 0.85859375 0.0625 0.01875
0 0.18828125 0.8265625 0.084375 0.0265625
0 0.1625 0.85390625 0.053125 0.021875
0 0.08203125 0.834375 0.04375 0.025
0 0.3 0.8296875 0.0625 0.028125
0 0.109375 0.8 0.05 0.03125
0 0.34375 0.85234375 0.05 0.021875
0 0.20625 0.7984375 0.09375 0.03125
0 0.309375 0.79921875 0.0734375 0.03125
0 0.0421875 0.803125 0.03125 0.025
0 0.40546875 0.83515625 0.0390625 0.021875
0 0.13125 0.76640625 0.04375 0.0390625
0 0.0734375 0.76875 0.034375 0.028125
0 0.3765625 0.8046875 0.0375 0.025
0 0.278125 0.77734375 0.05625 0.0234375
0 0.07734375 0.73828125 0.028125 0.025
0 0.1921875 0.725 0.0625 0.025
0 0.41953125 0.7796875 0.0359375 0.0296875
0 0.45078125 0.8171875 0.028125 0.0203125
0 0.13125 0.728125 0.0453125 0.0296875
0 0.0296875 0.73671875 0.0265625 0.015625
0 0.02421875 0.76640625 0.0203125 0.01875
0 0.4734375 0.79609375 0.025 0.01875
0 0.34609375 0.72421875 0.05 0.028125
0 0.328125 0.7578125 0.034375 0.0390625
0 0.225 0.75 0.0421875 0.03125
0 0.3671875 0.76484375 0.034375 0.0375
0 0.453125 0.7390625 0.0265625 0.021875
0 0.275 0.73359375 0.0546875 0.0203125
0 0.41484375 0.7515625 0.0328125 0.0265625
0 0.1640625 0.74921875 0.0296875 0.025
0 0.30078125 0.72265625 0.04375 0.028125
0 0.19765625 0.70078125 0.075 0.01875
0 0.11328125 0.71015625 0.040625 0.0234375
0 0.053125 0.71640625 0.0296875 0.015625
0 0.41875 0.7171875 0.028125 0.0125
0 0.2859375 0.7015625 0.065625 0.01875
0 0.07421875 0.70078125 0.034375 0.0125
0 0.37890625 0.721875 0.0359375 0.0234375
0 0.38671875 0.69609375 0.034375 0.015625
0 0.47734375 0.76953125 0.01875 0.021875
0 0.20625 0.7671875 0.0375 0.015625
0 0.26328125 0.7671875 0.04375 0.015625
0 0.1703125 0.771875 0.0234375 0.025
0 0.1171875 0.6890625 0.034375 0.0125
0 0.30546875 0.68828125 0.0515625 0.01875
0 0.165625 0.6921875 0.0390625 0.01875
0 0.22734375 0.68515625 0.046875 0.015625
0 0.24765625 0.71015625 0.046875 0.015625
0 0.20078125 0.7421875 0.0265625 0.0171875
0 0.26328125 0.74609375 0.01875 0.01875
0 0.340625 0.68359375 0.03125 0.0109375
0 0.2125 0.78359375 0.05 0.015625
0 0.29140625 0.75390625 0.0125 0.01875
0 0.196875 0.67109375 0.0296875 0.0109375
0 0.2484375 0.671875 0.0359375 0.009375
0 0.16328125 0.6765625 0.0375 0.009375
0 0.29375 0.67578125 0.03125 0.00625
1 0.75 0.8 0.4078125 0.103125