1 0.15390625 0.2625 0.278125 0.178125
1 0.384375 0.23828125 0.1921875 0.146875
3 0.8859375 0.2484375 0.103125 0.08125
3 0.69453125 0.18828125 0.1046875 0.08125
3 0.61953125 0.29921875 0.1140625 0.084375
3 0.8453125 0.15546875 0.103125 0.0671875
3 0.77109375 0.33203125 0.13125 0.090625
0 0.42734375 0.71953125 0.065625 0.046875
0 0.22734375 0.8765625 0.0921875 0.0375
0 0.45 0.7828125 0.040625 0.05
0 0.38515625 0.7859375 0.0453125 0.034375
0 0.3046875 0.8171875 0.05 0.0265625
0 0.04375 0.7765625 0.034375 0.0375
0 0.06484375 0.7234375 0.04375 0.0328125
0 0.121875 0.678125 0.071875 0.0375
0 0.09921875 0.83515625 0.06875 0.0453125
0 0.37890625 0.67890625 0.05 0.028125
0 0.36328125 0.8546875 0.071875 0.040625
0 0.2078125 0.82265625 0.0515625 0.03125
0 0.353125 0.75703125 0.0625 0.0421875
0 0.19921875 0.7703125 0.06875 0.0375
0 0.2703125 0.78046875 0.06875 0.0375
0 0.1984375 0.6921875 0.053125 0.0265625
0 0.30625 0.65390625 0.0640625 0.021875
0 0.1265625 0.77265625 0.065625 0.05625
0 0.1515625 0.7265625 0.0609375 0.0359375
0 0.32109375 0.71796875 0.065625 0.0265625
0 0.2796875 0.684375 0.08125 0.0296875
0 0.1890625 0.74140625 0.053125 0.0328125
0 0.21171875 0.65078125 0.0640625 0.015625
0 0.29765625 0.73984375 0.0421875 0.021875
0 0.23984375 0.73046875 0.0375 0.05625
5 0.7625 0.7484375 0.421875 0.3546875