5 0.25078125 0.23828125 0.478125 0.1484375
0 0.75859375 0.05234375 0.0890625 0.059375
0 0.63125 0.10234375 0.078125 0.075
0 0.5765625 0.2015625 0.0625 0.078125
0 0.8734375 0.0921875 0.08125 0.0671875
0 0.9390625 0.18671875 0.0625 0.075
0 0.759375 0.4421875 0.06875 0.05
0 0.7296875 0.1359375 0.05625 0.040625
0 0.5828125 0.315625 0.0625 0.0765625
0 0.80546875 0.1390625 0.046875 0.040625
0 0.8765625 0.4015625 0.0796875 0.071875
0 0.94140625 0.3 0.0625 0.075
0 0.79921875 0.35625 0.05625 0.04375
0 0.63671875 0.4015625 0.0625 0.05625
0 0.66875 0.1984375 0.05625 0.0625
0 0.8609375 0.1875 0.04375 0.05625
0 0.7421875 0.2140625 0.046875 0.040625
0 0.7078125 0.35 0.05625 0.04375
0 0.79453125 0.21328125 0.046875 0.040625
0 0.8546875 0.31796875 0.0421875 0.0453125
0 0.8828125 0.25859375 0.028125 0.0375
0 0.72734375 0.2703125 0.03125 0.0375
0 0.65859375 0.27890625 0.0515625 0.06875
0 0.77109375 0.2921875 0.0375 0.028125
0 0.809375 0.26796875 0.03125 0.0359375
1 0.30078125 0.7953125 0.103125 0.0625
1 0.13359375 0.7640625 0.1 0.0421875
1 0.1953125 0.7953125 0.1125 0.0640625
1 0.0734375 0.7375 0.08125 0.046875
1 0.2875 0.721875 0.0875 0.04375
1 0.18203125 0.71484375 0.084375 0.040625
1 0.38203125 0.7375 0.090625 0.034375
1 0.43515625 0.69453125 0.0859375 0.0375
1 0.2484375 0.69296875 0.0734375 0.028125
1 0.3453125 0.68515625 0.075 0.034375
2 0.63125 0.7453125 0.1625 0.25
2 0.859375 0.7484375 0.203125 0.25