5 0.25 0.23203125 0.475 0.203125
5 0.7484375 0.24765625 0.14375 0.11875
3 0.328125 0.72265625 0.171875 0.103125
3 0.34140625 0.86875 0.16875 0.1203125
3 0.1609375 0.64375 0.1140625 0.1875
3 0.31953125 0.60234375 0.15 0.090625
3 0.16796875 0.79921875 0.153125 0.0875
3 0.16953125 0.90234375 0.146875 0.096875
0 0.82890625 0.56015625 0.1375 0.075
0 0.63671875 0.59375 0.103125 0.11875
0 0.67578125 0.92890625 0.140625 0.09375
0 0.546875 0.765625 0.06875 0.146875
0 0.7828125 0.70546875 0.14375 0.08125
0 0.884375 0.8953125 0.1109375 0.10625
0 0.72890625 0.7828125 0.096875 0.11875
0 0.9484375 0.72734375 0.059375 0.15625