1 0.3984375 0.196875 0.096875 0.11875
1 0.1 0.2046875 0.090625 0.08125
1 0.240625 0.1453125 0.0953125 0.053125
1 0.16953125 0.3421875 0.121875 0.0984375
1 0.3390625 0.33984375 0.1109375 0.103125
3 0.80546875 0.3125 0.346875 0.159375
3 0.6359375 0.2375 0.24375 0.1390625
3 0.63671875 0.2234375 0.0234375 0.0125
0 0.15 0.9234375 0.0953125 0.09375
1 0.071875 0.81953125 0.11875 0.1203125
2 0.1 0.628125 0.1515625 0.153125
0 0.2515625 0.89609375 0.09375 0.09375
2 0.425 0.8140625 0.11875 0.11875
1 0.190625 0.7625 0.11875 0.11875
2 0.3140625 0.7625 0.115625 0.11875
1 0.40078125 0.62734375 0.15 0.15
1 0.25 0.58125 0.153125 0.15
0 0.3515625 0.93046875 0.0921875 0.09375
4 0.84375 0.8078125 0.259375 0.21875
4 0.6046875 0.63671875 0.159375 0.121875
4 0.69609375 0.7015625 0.203125 0.159375