3 0.26328125 0.27421875 0.2 0.1453125
5 0.78984375 0.2546875 0.209375 0.1515625
5 0.69296875 0.26953125 0.10625 0.1453125
5 0.2578125 0.74921875 0.3625 0.265625
2 0.7140625 0.8796875 0.090625 0.071875
2 0.84609375 0.865625 0.0890625 0.0671875
2 0.67578125 0.6578125 0.053125 0.0328125
2 0.609375 0.85 0.084375 0.059375
2 0.60234375 0.68515625 0.05 0.0421875
2 0.75703125 0.64609375 0.0453125 0.0375
2 0.89453125 0.69453125 0.0515625 0.0515625
2 0.82578125 0.66015625 0.05 0.04375
2 0.55625 0.79375 0.053125 0.0625
2 0.92578125 0.8078125 0.065625 0.065625
2 0.940625 0.7484375 0.05 0.059375
2 0.5578125 0.72734375 0.04375 0.0515625