4 0.15234375 0.17734375 0.159375 0.115625
4 0.35703125 0.325 0.140625 0.125
4 0.33984375 0.1640625 0.165625 0.1296875
4 0.1671875 0.3296875 0.178125 0.11875
3 0.6453125 0.2828125 0.16875 0.109375
3 0.84609375 0.2796875 0.165625 0.0875
3 0.83359375 0.1984375 0.134375 0.0875
3 0.6703125 0.1921875 0.1265625 0.084375
4 0.11875 0.734375 0.16875 0.0953125
4 0.25390625 0.8265625 0.175 0.1109375
4 0.24921875 0.665625 0.140625 0.090625
4 0.390625 0.73984375 0.159375 0.1
1 0.85859375 0.83203125 0.1125 0.128125
1 0.91953125 0.6984375 0.103125 0.09375
1 0.59375 0.84765625 0.125 0.13125
1 0.703125 0.7078125 0.103125 0.115625
1 0.784375 0.61875 0.0828125 0.078125