1 0.25625 0.253125 0.125 0.1453125
1 0.1421875 0.1296875 0.1421875 0.1421875
1 0.375 0.3625 0.14375 0.15
1 0.1578125 0.36875 0.153125 0.140625
1 0.365625 0.1296875 0.15 0.14375
3 0.60703125 0.2921875 0.1875 0.13125
3 0.84453125 0.2953125 0.284375 0.11875
0 0.27265625 0.8546875 0.1625 0.0625
0 0.42421875 0.77890625 0.1078125 0.065625
0 0.1015625 0.8203125 0.10625 0.0484375
0 0.25234375 0.5765625 0.0859375 0.025
0 0.14453125 0.58984375 0.0625 0.021875
0 0.3609375 0.59375 0.078125 0.0234375
0 0.075 0.6328125 0.0578125 0.0265625
0 0.0296875 0.684375 0.0484375 0.04375
0 0.43515625 0.63359375 0.059375 0.025
0 0.1625 0.659375 0.1328125 0.046875
0 0.31484375 0.65625 0.10625 0.034375
0 0.1859375 0.725 0.1609375 0.0734375
0 0.46015625 0.6921875 0.053125 0.0609375
0 0.02421875 0.753125 0.04375 0.0515625
0 0.27109375 0.684375 0.13125 0.04375
0 0.35390625 0.7171875 0.0546875 0.046875
5 0.88359375 0.72578125 0.20625 0.146875
5 0.64375 0.759375 0.2703125 0.16875