2 0.38203125 0.2953125 0.2125 0.1296875
2 0.12265625 0.2796875 0.21875 0.16875
4 0.81328125 0.18203125 0.11875 0.071875
4 0.89921875 0.13671875 0.0890625 0.0578125
4 0.8703125 0.25703125 0.05 0.040625
4 0.925 0.22265625 0.0625 0.04375
4 0.69296875 0.25 0.1171875 0.0859375
4 0.81484375 0.2953125 0.053125 0.0390625
4 0.74921875 0.3375 0.065625 0.053125
4 0.5859375 0.31875 0.109375 0.08125
0 0.1625 0.83359375 0.096875 0.084375
0 0.3390625 0.82421875 0.090625 0.08125
0 0.45234375 0.7734375 0.075 0.05625
0 0.4484375 0.7078125 0.0546875 0.040625
0 0.04921875 0.77890625 0.071875 0.0609375
0 0.2828125 0.73984375 0.08125 0.04375
0 0.1671875 0.72890625 0.05625 0.053125
0 0.40390625 0.66484375 0.040625 0.028125
0 0.0359375 0.7140625 0.05 0.04375
0 0.065625 0.671875 0.0484375 0.0359375
0 0.2453125 0.68359375 0.053125 0.040625
0 0.340625 0.6390625 0.0390625 0.025
0 0.2734375 0.63125 0.0375 0.021875
0 0.1421875 0.6859375 0.0453125 0.0375
0 0.11328125 0.64375 0.046875 0.025
0 0.19765625 0.63515625 0.0453125 0.01875
0 0.3421875 0.703125 0.046875 0.040625
0 0.18125 0.659375 0.046875 0.028125
0 0.33359375 0.67265625 0.046875 0.034375
0 0.27265625 0.65546875 0.046875 0.025
5 0.6328125 0.79453125 0.2453125 0.1984375
5 0.871875 0.796875 0.234375 0.19375
5 0.7484375 0.6765625 0.3796875 0.046875