4 0.25859375 0.25859375 0.284375 0.26875
2 0.74375 0.25703125 0.384375 0.190625
1 0.065625 0.65625 0.071875 0.075
1 0.16875 0.5671875 0.084375 0.0625
1 0.296875 0.5546875 0.078125 0.0640625
1 0.23046875 0.63046875 0.08125 0.065625
1 0.0453125 0.78515625 0.0609375 0.090625
1 0.4203125 0.62578125 0.0796875 0.065625
1 0.33828125 0.66875 0.078125 0.071875
1 0.25078125 0.74453125 0.078125 0.06875
1 0.134375 0.7078125 0.065625 0.078125
1 0.2671875 0.94375 0.09375 0.0640625
1 0.45 0.7359375 0.06875 0.08125
1 0.40390625 0.86796875 0.0796875 0.084375
1 0.28515625 0.8390625 0.078125 0.0734375
1 0.1625 0.82265625 0.071875 0.084375
1 0.1171875 0.8890625 0.084375 0.071875
1 0.375 0.7671875 0.0578125 0.0703125
1 0.7609375 0.740625 0.421875 0.3203125