2 0.25234375 0.3359375 0.1234375 0.0671875
2 0.2421875 0.24609375 0.08125 0.0421875
2 0.42734375 0.3234375 0.09375 0.06875
2 0.35546875 0.253125 0.0703125 0.04375
2 0.440625 0.2796875 0.06875 0.05
2 0.1484375 0.259375 0.05625 0.0390625
2 0.06171875 0.28046875 0.0703125 0.04375
2 0.35703125 0.29609375 0.04375 0.03125
2 0.16875 0.29375 0.053125 0.0375
2 0.32265625 0.27890625 0.05 0.025
2 0.275 0.303125 0.0609375 0.0421875
2 0.08359375 0.31640625 0.1 0.0625
2 0.18203125 0.27578125 0.05 0.03125
2 0.30234375 0.29140625 0.028125 0.0265625
2 0.24765625 0.2703125 0.053125 0.01875
2 0.23671875 0.2921875 0.04375 0.0265625
2 0.2453125 0.28203125 0.0375 0.01875
2 0.67265625 0.29453125 0.309375 0.309375
2 0.79921875 0.14921875 0.3625 0.203125
4 0.26640625 0.67578125 0.1296875 0.096875
4 0.1234375 0.77109375 0.15 0.1140625
4 0.3296875 0.7953125 0.196875 0.146875
1 0.7625 0.74921875 0.41875 0.1390625