5 0.24921875 0.2484375 0.14375 0.1234375
1 0.75078125 0.3 0.465625 0.1875
1 0.7546875 0.14609375 0.340625 0.128125
1 0.24140625 0.8484375 0.13125 0.0921875
1 0.4265625 0.79453125 0.103125 0.0875
1 0.06171875 0.775 0.090625 0.071875
1 0.1421875 0.734375 0.075 0.06875
1 0.27734375 0.7546875 0.0921875 0.071875
1 0.040625 0.7 0.06875 0.065625
1 0.2515625 0.69609375 0.08125 0.0453125
1 0.109375 0.64453125 0.0671875 0.040625
1 0.15078125 0.6734375 0.065625 0.0421875
1 0.45625 0.7046875 0.075 0.0625
1 0.3078125 0.621875 0.059375 0.034375
1 0.20703125 0.61875 0.065625 0.03125
1 0.246875 0.64453125 0.0703125 0.03125
1 0.4125 0.6515625 0.071875 0.04375
1 0.34140625 0.66640625 0.071875 0.046875
1 0.38046875 0.71640625 0.0625 0.05625
2 0.69609375 0.7671875 0.090625 0.0828125
2 0.73046875 0.8796875 0.075 0.103125
2 0.6203125 0.8625 0.071875 0.103125
2 0.9453125 0.75234375 0.09375 0.0625
2 0.8359375 0.86875 0.0875 0.103125
2 0.64296875 0.68046875 0.0765625 0.06875
2 0.546875 0.70234375 0.0765625 0.071875
2 0.71171875 0.6046875 0.059375 0.0625
2 0.853125 0.7140625 0.075 0.06875
2 0.89921875 0.81953125 0.090625 0.096875
2 0.89921875 0.64296875 0.0625 0.059375
2 0.6046875 0.6203125 0.053125 0.05625
2 0.546875 0.79296875 0.071875 0.0859375
2 0.7953125 0.60390625 0.0796875 0.0546875
2 0.7765625 0.66328125 0.0703125 0.05625