5 0.25390625 0.15703125 0.26875 0.0296875
5 0.25390625 0.29453125 0.2703125 0.140625
0 0.7359375 0.0859375 0.19375 0.159375
0 0.59765625 0.353125 0.1453125 0.24375
0 0.89296875 0.35546875 0.19375 0.23125
0 0.75390625 0.265625 0.2640625 0.1734375
2 0.2390625 0.803125 0.4109375 0.2921875
2 0.29140625 0.6765625 0.36875 0.221875
5 0.8578125 0.76171875 0.0625 0.115625
5 0.71640625 0.67421875 0.065625 0.11875
5 0.578125 0.76015625 0.0625 0.11875
5 0.92734375 0.76171875 0.0625 0.115625
5 0.71640625 0.84375 0.0640625 0.11875
5 0.78515625 0.84453125 0.0625 0.11875
5 0.64453125 0.76015625 0.0625 0.11875
5 0.78359375 0.67578125 0.0625 0.11875