5 0.26796875 0.24375 0.2671875 0.2375
5 0.7265625 0.38203125 0.3125 0.221875
2 0.08828125 0.6578125 0.0828125 0.065625
2 0.17421875 0.5890625 0.059375 0.0765625
2 0.15 0.7390625 0.08125 0.0375
2 0.35 0.5984375 0.059375 0.078125
2 0.4234375 0.7859375 0.0765625 0.040625
2 0.0609375 0.7765625 0.08125 0.0359375
2 0.3453125 0.73984375 0.0796875 0.05
2 0.4078125 0.6703125 0.075 0.0609375
2 0.18359375 0.68046875 0.06875 0.071875
2 0.3734375 0.8828125 0.071875 0.0640625
2 0.134375 0.90703125 0.059375 0.08125
2 0.2671875 0.575 0.025 0.078125
2 0.3328125 0.80703125 0.075 0.0484375
2 0.25625 0.93828125 0.0328125 0.08125
2 0.16015625 0.80703125 0.071875 0.053125
2 0.2109375 0.8484375 0.0375 0.0796875
2 0.28203125 0.84765625 0.0375 0.08125
2 0.28359375 0.6640625 0.0515625 0.0796875
2 0.3234375 0.690625 0.059375 0.06875
2 0.2328125 0.65625 0.025 0.078125
4 0.746875 0.7453125 0.478125 0.4234375