0 0.2015625 0.3328125 0.1421875 0.10625
0 0.25546875 0.040625 0.109375 0.0625
0 0.37734375 0.0609375 0.0859375 0.0625
0 0.17890625 0.19296875 0.1296875 0.1296875
0 0.403125 0.375 0.084375 0.0765625
0 0.13671875 0.06796875 0.075 0.0515625
0 0.4453125 0.140625 0.05625 0.0703125
0 0.4640625 0.26484375 0.0546875 0.115625
0 0.3140625 0.18828125 0.1109375 0.0875
0 0.28203125 0.45078125 0.1125 0.0515625
0 0.06640625 0.1484375 0.053125 0.06875
0 0.26875 0.25625 0.13125 0.09375
0 0.34609375 0.3078125 0.059375 0.0890625
0 0.03046875 0.25625 0.0375 0.0921875
0 0.06171875 0.37734375 0.0546875 0.075
0 0.15703125 0.4390625 0.078125 0.046875
4 0.84609375 0.32265625 0.15625 0.125
4 0.903125 0.1984375 0.134375 0.1
4 0.74765625 0.1625 0.10625 0.115625
4 0.6 0.18125 0.125 0.096875
4 0.63828125 0.3203125 0.14375 0.1578125
1 0.06796875 0.765625 0.08125 0.08125
1 0.25703125 0.7671875 0.078125 0.0765625
1 0.43359375 0.76484375 0.078125 0.08125
1 0.1640625 0.76484375 0.0734375 0.078125
1 0.34453125 0.76484375 0.0765625 0.0796875
2 0.74921875 0.75 0.459375 0.39375