3 0.34921875 0.19921875 0.084375 0.084375
3 0.259375 0.2609375 0.08125 0.08125
3 0.140625 0.2234375 0.08125 0.0765625
3 0.178125 0.33203125 0.08125 0.078125
3 0.33671875 0.3484375 0.08125 0.078125
3 0.22578125 0.15625 0.08125 0.078125
2 0.6796875 0.33359375 0.1390625 0.071875
2 0.715625 0.25078125 0.09375 0.075
2 0.63359375 0.21640625 0.0703125 0.071875
2 0.8171875 0.3421875 0.11875 0.090625
2 0.71484375 0.184375 0.08125 0.059375
2 0.909375 0.2625 0.0875 0.078125
2 0.88203125 0.1953125 0.10625 0.05625
2 0.803125 0.253125 0.1109375 0.0875
2 0.6015625 0.290625 0.0890625 0.0875
2 0.778125 0.1796875 0.071875 0.0640625
1 0.25 0.759375 0.428125 0.31875
5 0.7578125 0.74609375 0.303125 0.2953125