3 0.41640625 0.284375 0.1125 0.05625
3 0.37734375 0.2015625 0.0875 0.040625
3 0.25390625 0.2828125 0.125 0.059375
3 0.271875 0.23515625 0.09375 0.05
3 0.115625 0.24296875 0.10625 0.046875
3 0.38984375 0.2421875 0.0984375 0.040625
3 0.07890625 0.2859375 0.128125 0.053125
4 0.76875 0.3359375 0.140625 0.1109375
4 0.88515625 0.22578125 0.109375 0.0859375
4 0.75390625 0.15859375 0.11875 0.090625
4 0.6296875 0.24609375 0.13125 0.08125
0 0.15859375 0.803125 0.1484375 0.084375
0 0.3515625 0.8078125 0.13125 0.1046875
0 0.27265625 0.73359375 0.0953125 0.0625
0 0.05078125 0.7546875 0.090625 0.0765625
0 0.30390625 0.65234375 0.065625 0.0265625
0 0.171875 0.709375 0.0765625 0.046875
0 0.13125 0.66875 0.075 0.034375
0 0.38046875 0.67421875 0.078125 0.034375
0 0.3328125 0.69140625 0.0671875 0.04375
0 0.44453125 0.7515625 0.0984375 0.065625
0 0.06015625 0.70234375 0.075 0.05
0 0.2390625 0.67734375 0.053125 0.0421875
0 0.2109375 0.653125 0.0640625 0.0265625
0 0.44765625 0.7078125 0.078125 0.0515625
1 0.75 0.7109375 0.434375 0.253125