2 0.0625 0.32578125 0.10625 0.071875
2 0.25390625 0.32265625 0.1 0.059375
2 0.428125 0.31328125 0.10625 0.059375
2 0.0859375 0.2875 0.090625 0.05625
2 0.2546875 0.2796875 0.08125 0.0546875
2 0.39296875 0.275 0.075 0.05625
2 0.3625 0.25 0.05625 0.046875
2 0.096875 0.26640625 0.0640625 0.040625
2 0.334375 0.23515625 0.05 0.034375
2 0.2203125 0.2359375 0.04375 0.040625
2 0.23203125 0.25625 0.065625 0.05
2 0.10859375 0.24140625 0.05 0.040625
5 0.75546875 0.2484375 0.453125 0.25
2 0.11328125 0.78359375 0.171875 0.20625
2 0.3625 0.765625 0.253125 0.21875
4 0.74375 0.746875 0.359375 0.28125