5 0.27578125 0.25859375 0.18125 0.1515625
5 0.7578125 0.25 0.328125 0.14375
0 0.365625 0.9125 0.059375 0.059375
0 0.43984375 0.82578125 0.059375 0.05625
0 0.403125 0.60234375 0.0578125 0.0578125
0 0.25390625 0.95 0.0578125 0.059375
0 0.11875 0.57265625 0.059375 0.059375
0 0.3359375 0.684375 0.059375 0.0578125
0 0.1921875 0.82578125 0.0578125 0.05625
0 0.140625 0.74140625 0.0578125 0.05625
0 0.13671875 0.91484375 0.059375 0.059375
0 0.35 0.771875 0.059375 0.0578125
0 0.1765625 0.66328125 0.059375 0.0578125
0 0.4515625 0.7125 0.0578125 0.0578125
0 0.309375 0.540625 0.0578125 0.0578125
0 0.2125 0.5390625 0.0578125 0.059375
0 0.0625 0.83515625 0.059375 0.0578125
0 0.03984375 0.740625 0.059375 0.0578125
0 0.26953125 0.63203125 0.0578125 0.059375
0 0.25625 0.73515625 0.05625 0.0578125
0 0.06484375 0.6421875 0.059375 0.0578125
0 0.275 0.83046875 0.0578125 0.0578125
3 0.659375 0.76796875 0.109375 0.103125
3 0.68984375 0.65546875 0.09375 0.0953125
3 0.80625 0.65546875 0.0921875 0.096875
3 0.83515625 0.7671875 0.1109375 0.1125
3 0.74453125 0.846875 0.0828125 0.09375