5 0.24921875 0.2296875 0.4953125 0.4296875
5 0.74921875 0.25859375 0.4671875 0.2328125
0 0.31015625 0.56171875 0.0625 0.040625
0 0.2734375 0.61171875 0.09375 0.040625
0 0.096875 0.57421875 0.04375 0.0375
0 0.2640625 0.65390625 0.0875 0.0390625
0 0.365625 0.6109375 0.05 0.0390625
0 0.353125 0.52890625 0.0359375 0.0265625
0 0.240625 0.55625 0.059375 0.034375
0 0.36484375 0.67578125 0.0625 0.0734375
0 0.3984375 0.55703125 0.034375 0.028125
0 0.3046875 0.86484375 0.0921875 0.05625
0 0.2171875 0.51328125 0.053125 0.021875
0 0.28125 0.5109375 0.0515625 0.0203125
0 0.1515625 0.53671875 0.034375 0.028125
0 0.4421875 0.6046875 0.0328125 0.0359375
0 0.16328125 0.59140625 0.05625 0.040625
0 0.1703125 0.63125 0.071875 0.0625
0 0.2046875 0.88125 0.0875 0.046875
0 0.38359375 0.77890625 0.040625 0.09375
0 0.19140625 0.8125 0.0765625 0.06875
0 0.109375 0.93984375 0.040625 0.0390625
0 0.1625 0.9125 0.065625 0.040625
0 0.1703125 0.9765625 0.046875 0.028125
0 0.4 0.93203125 0.04375 0.0375
0 0.11328125 0.7046875 0.0421875 0.0875
0 0.17890625 0.6859375 0.053125 0.053125
0 0.25390625 0.76953125 0.078125 0.046875
0 0.05703125 0.6296875 0.025 0.040625
0 0.31875 0.92265625 0.065625 0.040625
0 0.2609375 0.8359375 0.0578125 0.03125
0 0.43671875 0.790625 0.0328125 0.078125
0 0.128125 0.80859375 0.046875 0.0921875
0 0.45078125 0.8796875 0.0359375 0.040625
0 0.07578125 0.67890625 0.040625 0.06875
0 0.06015625 0.89375 0.021875 0.0484375
0 0.10078125 0.85390625 0.05625 0.05
0 0.2046875 0.7140625 0.046875 0.0671875
0 0.23515625 0.98359375 0.040625 0.025
0 0.24609375 0.93984375 0.0625 0.025
0 0.34609375 0.96640625 0.04375 0.021875
0 0.428125 0.6859375 0.040625 0.059375
0 0.3875 0.87265625 0.05 0.053125
0 0.47265625 0.6640625 0.028125 0.0421875
0 0.3234375 0.7078125 0.04375 0.059375
0 0.48203125 0.8140625 0.028125 0.046875
0 0.14453125 0.75 0.0359375 0.0625
0 0.071875 0.7796875 0.03125 0.0625
0 0.01875 0.69375 0.015625 0.040625
0 0.0125 0.76796875 0.01875 0.0484375
0 0.0296875 0.840625 0.025 0.040625
0 0.29296875 0.98359375 0.034375 0.0234375
0 0.31953125 0.8234375 0.053125 0.03125
0 0.23984375 0.8 0.0421875 0.025
0 0.29921875 0.725 0.028125 0.046875
0 0.25859375 0.6953125 0.046875 0.015625
0 0.19453125 0.78046875 0.03125 0.040625
0 0.240625 0.7265625 0.046875 0.021875
0 0.3421875 0.77421875 0.028125 0.0546875
0 0.30546875 0.7859375 0.028125 0.040625
0 0.490625 0.73359375 0.015625 0.053125
2 0.7578125 0.746875 0.365625 0.4546875