5 0.2 0.225 0.31875 0.1515625
5 0.43046875 0.23046875 0.0890625 0.109375
5 0.1859375 0.36328125 0.321875 0.071875
5 0.31875 0.22421875 0.1015625 0.1140625
5 0.22265625 0.2890625 0.234375 0.071875
5 0.75 0.24921875 0.459375 0.359375
1 0.171875 0.7984375 0.103125 0.05
1 0.34453125 0.79609375 0.0796875 0.053125
1 0.434375 0.78125 0.065625 0.046875
1 0.0796875 0.775 0.071875 0.0484375
1 0.2828125 0.75 0.040625 0.0328125
1 0.20703125 0.75078125 0.04375 0.028125
1 0.1375 0.75625 0.0515625 0.025
1 0.35703125 0.75625 0.046875 0.03125
1 0.3953125 0.76328125 0.034375 0.040625
1 0.0828125 0.76484375 0.0546875 0.028125
5 0.81875 0.7609375 0.196875 0.24375
5 0.71953125 0.73046875 0.275 0.2234375