4 0.32265625 0.2 0.090625 0.0578125
4 0.40234375 0.253125 0.090625 0.0640625
4 0.20546875 0.26796875 0.09375 0.0625
4 0.2875 0.325 0.096875 0.071875
4 0.40703125 0.14296875 0.0859375 0.0515625
4 0.13203125 0.215625 0.09375 0.0609375
4 0.0875 0.3328125 0.103125 0.065625
4 0.24296875 0.15546875 0.090625 0.0515625
4 0.5984375 0.3171875 0.1140625 0.0921875
4 0.703125 0.24375 0.1078125 0.075
4 0.9296875 0.20078125 0.1078125 0.0609375
4 0.57421875 0.2296875 0.1078125 0.06875
4 0.84375 0.26953125 0.103125 0.0796875
4 0.76015625 0.14375 0.096875 0.05625
4 0.65 0.17109375 0.10625 0.0578125
4 0.73671875 0.3234375 0.13125 0.078125
4 0.8703125 0.1484375 0.1 0.053125
4 0.784375 0.20625 0.109375 0.0625
1 0.25 0.74921875 0.4203125 0.4296875
5 0.7453125 0.734375 0.24375 0.1