1 0.23671875 0.05390625 0.175 0.0921875
1 0.09453125 0.16875 0.140625 0.13125
1 0.4109375 0.16171875 0.153125 0.140625
1 0.07109375 0.3046875 0.096875 0.103125
1 0.4265625 0.3015625 0.0890625 0.10625
1 0.2515625 0.1765625 0.078125 0.053125
1 0.33359375 0.23125 0.071875 0.071875
1 0.17265625 0.23515625 0.078125 0.071875
1 0.253125 0.25625 0.05625 0.034375
1 0.17890625 0.30703125 0.05625 0.053125
1 0.25625 0.3046875 0.0625 0.034375
1 0.25625 0.36171875 0.0640625 0.034375
1 0.13046875 0.365625 0.040625 0.0265625
1 0.334375 0.30859375 0.0609375 0.0453125
1 0.37578125 0.36171875 0.0421875 0.0265625
1 0.18984375 0.3671875 0.040625 0.025
1 0.1390625 0.42109375 0.040625 0.0234375
1 0.3203125 0.3625 0.0421875 0.028125
1 0.35 0.4125 0.0453125 0.0296875
1 0.27578125 0.41875 0.04375 0.03125
1 0.153125 0.4609375 0.0328125 0.021875
1 0.20234375 0.4609375 0.0328125 0.01875
1 0.09921875 0.46171875 0.03125 0.021875
1 0.2625 0.46015625 0.034375 0.01875
1 0.31484375 0.459375 0.0296875 0.01875
1 0.3625 0.46171875 0.03125 0.021875
1 0.40859375 0.46015625 0.03125 0.01875
1 0.215625 0.4171875 0.046875 0.0265625
3 0.62890625 0.25859375 0.228125 0.1
3 0.865625 0.2578125 0.2375 0.096875
1 0.2109375 0.628125 0.159375 0.053125
1 0.43046875 0.790625 0.096875 0.109375
1 0.3046875 0.871875 0.14375 0.065625
1 0.05859375 0.7828125 0.0875 0.084375
1 0.15078125 0.859375 0.1125 0.075
1 0.17265625 0.77265625 0.1140625 0.096875
1 0.3828125 0.675 0.1375 0.075
1 0.178125 0.69609375 0.109375 0.059375
1 0.35859375 0.74375 0.05 0.075
1 0.08828125 0.69453125 0.0625 0.0515625
1 0.2859375 0.80078125 0.084375 0.0375
1 0.290625 0.746875 0.0390625 0.05
1 0.26640625 0.7140625 0.0625 0.034375
1 0.2796875 0.68203125 0.0640625 0.028125
4 0.7359375 0.83359375 0.103125 0.0875
4 0.796875 0.746875 0.0875 0.071875
4 0.67734375 0.7515625 0.090625 0.06875
4 0.61953125 0.67109375 0.1046875 0.075
4 0.8703125 0.665625 0.084375 0.0796875
4 0.75 0.659375 0.10625 0.090625