5 0.26328125 0.178125 0.2875 0.309375
4 0.62109375 0.22890625 0.0734375 0.071875
4 0.86875 0.22734375 0.103125 0.090625
4 0.73203125 0.265625 0.0734375 0.0734375
4 0.73359375 0.1875 0.0671875 0.071875
4 0.8609375 0.31953125 0.09375 0.096875
4 0.85 0.14375 0.0828125 0.0828125
0 0.15 0.9234375 0.0953125 0.09375
1 0.071875 0.81953125 0.11875 0.1203125
2 0.1 0.628125 0.1515625 0.153125
0 0.2515625 0.89609375 0.09375 0.09375
2 0.425 0.8140625 0.11875 0.11875
1 0.190625 0.7625 0.11875 0.11875
2 0.3140625 0.7625 0.115625 0.11875
1 0.40078125 0.62734375 0.15 0.15
1 0.25 0.58125 0.153125 0.15
0 0.3515625 0.93046875 0.0921875 0.09375
3 0.7046875 0.671875 0.0984375 0.071875
3 0.87890625 0.81875 0.1140625 0.09375
3 0.85859375 0.6921875 0.1 0.078125
3 0.64921875 0.82109375 0.11875 0.0953125
3 0.75703125 0.746875 0.10625 0.084375
3 0.6 0.72734375 0.103125 0.0765625