5 0.2640625 0.234375 0.36875 0.25625
2 0.79375 0.35234375 0.134375 0.1
2 0.63046875 0.28203125 0.1359375 0.09375
2 0.62578125 0.16484375 0.115625 0.1140625
2 0.6546875 0.39609375 0.13125 0.103125
2 0.7453125 0.23203125 0.10625 0.121875
2 0.865625 0.25625 0.128125 0.1125
2 0.82890625 0.1265625 0.121875 0.1421875
2 0.70703125 0.10859375 0.11875 0.13125
4 0.0875 0.78046875 0.15625 0.084375
4 0.41328125 0.76328125 0.1546875 0.11875
4 0.25 0.76953125 0.1625 0.1015625
1 0.5875 0.74296875 0.13125 0.1125
1 0.8953125 0.7515625 0.146875 0.13125
1 0.734375 0.7484375 0.1328125 0.1296875