0 0.3671875 0.25859375 0.084375 0.05625
0 0.146875 0.2296875 0.08125 0.05
0 0.22109375 0.1828125 0.0640625 0.04375
0 0.39921875 0.1484375 0.065625 0.0375
0 0.28203125 0.13671875 0.059375 0.0375
0 0.3453125 0.34921875 0.0984375 0.0703125
0 0.41875 0.10703125 0.0609375 0.034375
0 0.328125 0.096875 0.0546875 0.034375
0 0.0640625 0.29375 0.084375 0.0625
0 0.38984375 0.1953125 0.071875 0.046875
5 0.86953125 0.31484375 0.19375 0.115625
5 0.82578125 0.1828125 0.1265625 0.053125
5 0.71484375 0.1765625 0.1171875 0.05
5 0.7890625 0.2734375 0.146875 0.090625
5 0.903125 0.20859375 0.175 0.06875
5 0.66640625 0.26328125 0.115625 0.08125
5 0.63203125 0.2375 0.103125 0.0640625
5 0.55078125 0.23125 0.0796875 0.059375
5 0.59609375 0.1578125 0.084375 0.0375
5 0.678125 0.1609375 0.1 0.040625
5 0.2609375 0.75546875 0.215625 0.10625
1 0.665625 0.8296875 0.1375 0.115625
1 0.57109375 0.72734375 0.115625 0.084375
1 0.771875 0.73671875 0.08125 0.06875
1 0.70703125 0.68125 0.084375 0.059375
1 0.5953125 0.653125 0.065625 0.046875
1 0.8203125 0.671875 0.096875 0.0515625
1 0.6828125 0.6328125 0.065625 0.04375
1 0.86640625 0.8078125 0.11875 0.1046875
1 0.94609375 0.66796875 0.08125 0.04375
1 0.92109375 0.7296875 0.0921875 0.071875
1 0.7640625 0.6328125 0.0703125 0.0390625
1 0.85390625 0.6359375 0.065625 0.0296875