0 0.0875 0.09296875 0.1046875 0.071875
0 0.4046875 0.103125 0.1 0.0515625
0 0.24609375 0.1 0.1 0.0578125
0 0.0890625 0.24375 0.115625 0.0625
0 0.25625 0.24375 0.1 0.0625
0 0.4265625 0.375 0.10625 0.06875
0 0.0671875 0.3765625 0.1 0.065625
0 0.3046875 0.3796875 0.1 0.059375
0 0.1890625 0.38046875 0.1015625 0.059375
0 0.409375 0.2390625 0.096875 0.071875
4 0.73515625 0.24921875 0.246875 0.28125
5 0.27109375 0.74375 0.43125 0.471875
2 0.94375 0.653125 0.065625 0.078125
2 0.8265625 0.53125 0.0859375 0.0453125
2 0.59453125 0.90078125 0.071875 0.071875
2 0.56875 0.634375 0.065625 0.075
2 0.7421875 0.96953125 0.1 0.046875
2 0.7015625 0.71875 0.0609375 0.075
2 0.9671875 0.80234375 0.046875 0.096875
2 0.68515625 0.5359375 0.075 0.053125
2 0.8875 0.92421875 0.0828125 0.05625
2 0.76171875 0.80625 0.08125 0.059375
2 0.8171875 0.71171875 0.078125 0.071875
2 0.53359375 0.7734375 0.05 0.08125