2 0.375 0.26953125 0.153125 0.078125
2 0.12890625 0.271875 0.165625 0.06875
2 0.16171875 0.215625 0.140625 0.05
2 0.34375 0.21328125 0.1125 0.04375
2 0.26015625 0.240625 0.1046875 0.0703125
5 0.875 0.23359375 0.196875 0.265625
5 0.73828125 0.25859375 0.453125 0.221875
5 0.70546875 0.14296875 0.384375 0.08125
4 0.34140625 0.64296875 0.096875 0.0875
4 0.0953125 0.709375 0.08125 0.0734375
4 0.25078125 0.696875 0.084375 0.08125
4 0.18125 0.77421875 0.0984375 0.08125
4 0.39453125 0.721875 0.08125 0.06875
4 0.13828125 0.86640625 0.084375 0.0703125
4 0.24296875 0.86796875 0.08125 0.065625
4 0.30625 0.7875 0.09375 0.075
4 0.15390625 0.6375 0.109375 0.0859375
4 0.3421875 0.8734375 0.078125 0.065625
1 0.73125 0.7515625 0.171875 0.090625
1 0.86953125 0.8015625 0.1984375 0.1125
1 0.6015625 0.73203125 0.153125 0.0875