1 0.24921875 0.2515625 0.46875 0.259375
2 0.7765625 0.36328125 0.14375 0.075
2 0.5734375 0.33515625 0.090625 0.06875
2 0.9421875 0.31875 0.084375 0.059375
2 0.9609375 0.23828125 0.05 0.0625
2 0.77734375 0.1375 0.0671875 0.034375
2 0.7 0.203125 0.05625 0.05625
2 0.5859375 0.1796875 0.0625 0.04375
2 0.53203125 0.25078125 0.05625 0.0578125
2 0.88125 0.1734375 0.0625 0.040625
2 0.684375 0.14375 0.059375 0.034375
2 0.7703125 0.24609375 0.084375 0.053125
2 0.80859375 0.19375 0.078125 0.05
5 0.37109375 0.7328125 0.228125 0.3875
5 0.13515625 0.7328125 0.2296875 0.3859375
5 0.2515625 0.8765625 0.459375 0.1375
2 0.87265625 0.8671875 0.225 0.1
2 0.8109375 0.8078125 0.209375 0.090625
2 0.75703125 0.76171875 0.1875 0.084375
2 0.6765625 0.7046875 0.15625 0.05
2 0.7140625 0.73046875 0.171875 0.06875
2 0.590625 0.63359375 0.128125 0.04375
2 0.61640625 0.6484375 0.134375 0.05
2 0.64921875 0.67265625 0.1515625 0.0625