1 0.24921875 0.2296875 0.46875 0.240625
5 0.61796875 0.25703125 0.196875 0.128125
5 0.75625 0.2421875 0.2078125 0.1125
5 0.88515625 0.2265625 0.209375 0.10625
3 0.096875 0.63203125 0.128125 0.1125
3 0.3828125 0.63359375 0.134375 0.128125
3 0.3375 0.9078125 0.125 0.13125
3 0.17265625 0.9125 0.1296875 0.1125
3 0.2359375 0.56171875 0.1359375 0.115625
3 0.44140625 0.775 0.103125 0.128125
3 0.06953125 0.7890625 0.096875 0.146875
3 0.3390625 0.9171875 0.0375 0.0375
3 0.1703125 0.9171875 0.0421875 0.0234375
2 0.85078125 0.8375 0.1125 0.11875
2 0.5921875 0.68046875 0.1546875 0.1453125
2 0.63671875 0.8171875 0.084375 0.1046875
2 0.90078125 0.6875 0.16875 0.15625
2 0.74453125 0.671875 0.125 0.115625
2 0.73515625 0.8140625 0.0453125 0.065625