1 0.25078125 0.0734375 0.10625 0.090625
1 0.4 0.125 0.1 0.090625
1 0.09921875 0.12890625 0.09375 0.084375
1 0.19140625 0.190625 0.09375 0.0875
1 0.06796875 0.2953125 0.096875 0.096875
1 0.37421875 0.39921875 0.103125 0.1
1 0.21640625 0.325 0.090625 0.096875
1 0.3359375 0.246875 0.08125 0.084375
1 0.44140625 0.2828125 0.078125 0.0921875
1 0.1796875 0.421875 0.0875 0.0953125
2 0.7484375 0.2390625 0.365625 0.365625
1 0.2453125 0.8296875 0.125 0.08125
1 0.125 0.81484375 0.09375 0.06875
1 0.38046875 0.796875 0.103125 0.0890625
1 0.2625 0.69921875 0.08125 0.040625
1 0.04296875 0.790625 0.0859375 0.0625
1 0.1703125 0.70625 0.0625 0.0390625
1 0.35625 0.70703125 0.0625 0.040625
1 0.196875 0.76328125 0.0625 0.05
1 0.29453125 0.7609375 0.071875 0.05625
1 0.4546875 0.76328125 0.084375 0.059375
1 0.20546875 0.734375 0.059375 0.0375
1 0.10234375 0.725 0.05 0.0375
1 0.0453125 0.746875 0.078125 0.059375
1 0.29296875 0.73515625 0.05625 0.03125
1 0.4234375 0.7265625 0.08125 0.0484375
1 0.72109375 0.54296875 0.1125 0.05625
1 0.6484375 0.921875 0.0984375 0.0921875
1 0.60625 0.6015625 0.084375 0.084375
1 0.55234375 0.815625 0.090625 0.0984375
1 0.89921875 0.8890625 0.084375 0.0875
1 0.9609375 0.78125 0.06875 0.1125
1 0.928125 0.6640625 0.078125 0.09375
1 0.78125 0.93984375 0.11875 0.078125
1 0.8390625 0.5765625 0.096875 0.06875
1 0.540625 0.7 0.0640625 0.1