5 0.19609375 0.30625 0.3890625 0.246875
5 0.328125 0.2453125 0.225 0.125
1 0.8328125 0.24765625 0.3109375 0.2859375
1 0.6546875 0.24921875 0.2375 0.2625
0 0.41953125 0.853125 0.1203125 0.065625
0 0.25625 0.8546875 0.115625 0.06875
0 0.0890625 0.72578125 0.103125 0.046875
0 0.084375 0.85625 0.115625 0.06875
0 0.08828125 0.60546875 0.08125 0.0375
0 0.24921875 0.728125 0.10625 0.04375
0 0.4234375 0.72578125 0.10625 0.05
0 0.25 0.60390625 0.0828125 0.034375
0 0.42109375 0.60390625 0.084375 0.034375
0 0.85859375 0.56640625 0.1171875 0.0734375
0 0.6171875 0.5921875 0.0875 0.078125
0 0.79140625 0.6890625 0.109375 0.059375
0 0.7296875 0.53125 0.0984375 0.053125
0 0.54375 0.7 0.06875 0.1015625
0 0.94921875 0.67578125 0.0703125 0.109375
0 0.69375 0.7484375 0.065625 0.09375
0 0.65 0.93203125 0.1046875 0.08125
0 0.95625 0.80390625 0.065625 0.10625
0 0.546875 0.84140625 0.05625 0.1
0 0.896875 0.9171875 0.08125 0.084375
0 0.78046875 0.8140625 0.065625 0.084375
0 0.7765625 0.97109375 0.1 0.05