2 0.4125 0.25625 0.125 0.196875
2 0.1921875 0.40078125 0.203125 0.1515625
2 0.1578125 0.0921875 0.1953125 0.178125
5 0.7375 0.196875 0.2703125 0.3
1 0.325 0.8515625 0.1328125 0.084375
1 0.17265625 0.85234375 0.13125 0.0859375
1 0.4265625 0.77109375 0.1 0.0921875
1 0.06484375 0.715625 0.096875 0.059375
1 0.2359375 0.628125 0.0875 0.03125
1 0.13203125 0.65234375 0.084375 0.046875
1 0.06640625 0.78125 0.075 0.071875
1 0.346875 0.64375 0.075 0.0390625
1 0.421875 0.6984375 0.065625 0.0515625
2 0.6453125 0.83203125 0.096875 0.0703125
2 0.83203125 0.84453125 0.1125 0.05625
2 0.6015625 0.70859375 0.046875 0.040625
2 0.9515625 0.81015625 0.059375 0.05625
2 0.6859375 0.69296875 0.0546875 0.028125
2 0.7734375 0.690625 0.05625 0.025
2 0.70625 0.74375 0.0453125 0.040625
2 0.9046875 0.725 0.0484375 0.0375
2 0.8625 0.70390625 0.046875 0.028125
2 0.5625 0.79453125 0.0625 0.05625
2 0.77890625 0.73125 0.059375 0.0375
2 0.7734375 0.759375 0.078125 0.046875
2 0.95546875 0.7625 0.0390625 0.040625
2 0.5390625 0.74765625 0.059375 0.05