5 0.278125 0.234375 0.3375 0.2390625
5 0.7453125 0.234375 0.3875 0.225
5 0.24609375 0.7453125 0.3828125 0.190625
2 0.58828125 0.82578125 0.153125 0.0875
2 0.6578125 0.7828125 0.140625 0.0734375
2 0.83515625 0.67421875 0.0875 0.05
2 0.70859375 0.74765625 0.121875 0.065625
2 0.7609375 0.721875 0.115625 0.0609375
2 0.80078125 0.80234375 0.115625 0.0546875
2 0.9453125 0.69921875 0.084375 0.0421875
2 0.7984375 0.69375 0.1 0.05625
2 0.8328125 0.7765625 0.1109375 0.05625
2 0.8640625 0.75234375 0.096875 0.053125
2 0.89140625 0.73359375 0.090625 0.05
2 0.91484375 0.7140625 0.0828125 0.04375