0 0.246875 0.24296875 0.465625 0.2125
1 0.74921875 0.31875 0.121875 0.103125
1 0.6046875 0.27578125 0.109375 0.09375
1 0.93515625 0.284375 0.10625 0.09375
1 0.7125 0.2078125 0.09375 0.06875
1 0.55703125 0.196875 0.09375 0.065625
1 0.9328125 0.196875 0.071875 0.059375
1 0.81875 0.22109375 0.0875 0.06875
1 0.62578125 0.15 0.0734375 0.053125
1 0.74296875 0.14921875 0.075 0.0515625
1 0.83671875 0.1578125 0.06875 0.053125
4 0.26640625 0.67578125 0.1296875 0.096875
4 0.1234375 0.77109375 0.15 0.1140625
4 0.3296875 0.7953125 0.196875 0.146875
4 0.7453125 0.7796875 0.465625 0.3125