1 0.22109375 0.04296875 0.1125 0.05625
1 0.1484375 0.421875 0.0984375 0.0921875
1 0.10625 0.1015625 0.084375 0.084375
1 0.05234375 0.315625 0.090625 0.0984375
1 0.39921875 0.3890625 0.084375 0.0875
1 0.4609375 0.28125 0.06875 0.1125
1 0.428125 0.1640625 0.078125 0.09375
1 0.28125 0.43984375 0.11875 0.078125
1 0.3390625 0.0765625 0.096875 0.06875
1 0.040625 0.2 0.0640625 0.1
4 0.746875 0.24296875 0.309375 0.2265625
4 0.24921875 0.7515625 0.3703125 0.209375
4 0.84140625 0.64296875 0.096875 0.0875
4 0.5953125 0.709375 0.08125 0.0734375
4 0.75078125 0.696875 0.084375 0.08125
4 0.68125 0.77421875 0.0984375 0.08125
4 0.89453125 0.721875 0.08125 0.06875
4 0.63828125 0.86640625 0.084375 0.0703125
4 0.74296875 0.86796875 0.08125 0.065625
4 0.80625 0.7875 0.09375 0.075
4 0.65390625 0.6375 0.109375 0.0859375
4 0.8421875 0.8734375 0.078125 0.065625