5 0.1984375 0.24765625 0.3015625 0.265625
5 0.2796875 0.23046875 0.3421875 0.234375
5 0.75 0.225 0.478125 0.2
1 0.39375 0.871875 0.075 0.090625
1 0.140625 0.903125 0.084375 0.0875
1 0.2609375 0.621875 0.078125 0.05625
1 0.153125 0.6796875 0.06875 0.084375
1 0.20625 0.55390625 0.065625 0.05
1 0.2359375 0.72890625 0.065625 0.0890625
1 0.31171875 0.55625 0.084375 0.05625
1 0.3234375 0.7640625 0.071875 0.090625
1 0.10625 0.6109375 0.0640625 0.05625
1 0.3984375 0.60078125 0.059375 0.05625
1 0.05625 0.80859375 0.059375 0.0734375
1 0.053125 0.7046875 0.05 0.071875
1 0.440625 0.7765625 0.053125 0.071875
1 0.4484375 0.68125 0.05 0.0703125
1 0.2828125 0.91953125 0.084375 0.075
1 0.2328125 0.84765625 0.0828125 0.0640625
1 0.15 0.7796875 0.0625 0.0609375
1 0.3484375 0.66796875 0.065625 0.05
1 0.7609375 0.75625 0.4234375 0.25