5 0.22421875 0.2734375 0.215625 0.115625
3 0.853125 0.246875 0.178125 0.171875
3 0.65546875 0.25703125 0.165625 0.171875
1 0.12734375 0.8140625 0.225 0.1375
1 0.3984375 0.78203125 0.16875 0.134375
1 0.2078125 0.68359375 0.175 0.090625
0 0.80546875 0.803125 0.125 0.075
0 0.9390625 0.73671875 0.078125 0.05
0 0.8484375 0.7328125 0.065625 0.046875
0 0.66328125 0.7328125 0.0765625 0.04375
0 0.75 0.7296875 0.065625 0.05
0 0.67109375 0.7984375 0.084375 0.0875
0 0.56875 0.79609375 0.096875 0.090625
0 0.58125 0.734375 0.071875 0.040625