5 0.32578125 0.44375 0.196875 0.0875
5 0.31640625 0.078125 0.31875 0.146875
5 0.1671875 0.1390625 0.146875 0.090625
5 0.1890625 0.453125 0.0875 0.05
4 0.44140625 0.2609375 0.0265625 0.025
0 0.48984375 0.3046875 0.01875 0.015625
1 0.40625 0.28203125 0.028125 0.028125
4 0.3453125 0.30859375 0.009375 0.009375
5 0.07734375 0.31953125 0.0828125 0.08125
5 0.18046875 0.31328125 0.09375 0.109375
5 0.3984375 0.271875 0.065625 0.05625
2 0.9203125 0.28671875 0.146875 0.10625
2 0.7546875 0.19921875 0.1046875 0.0875
2 0.6046875 0.20234375 0.14375 0.090625
2 0.73359375 0.29765625 0.0875 0.075
2 0.8765625 0.19375 0.090625 0.065625
2 0.55859375 0.30234375 0.090625 0.075
5 0.27109375 0.7640625 0.246875 0.184375
1 0.86484375 0.76015625 0.24375 0.271875
1 0.6234375 0.74921875 0.18125 0.2921875