1 0.17265625 0.075 0.33125 0.13125
1 0.2203125 0.34609375 0.4203125 0.246875
1 0.4140625 0.190625 0.1703125 0.146875
1 0.43515625 0.0625 0.128125 0.075
1 0.43828125 0.01015625 0.121875 0.0203125
5 0.89375 0.165625 0.2 0.15
5 0.2515625 0.74765625 0.29375 0.278125
1 0.7453125 0.8296875 0.125 0.08125
1 0.625 0.81484375 0.09375 0.06875
1 0.88046875 0.796875 0.103125 0.0890625
1 0.7625 0.69921875 0.08125 0.040625
1 0.54296875 0.790625 0.0859375 0.0625
1 0.6703125 0.70625 0.0625 0.0390625
1 0.85625 0.70703125 0.0625 0.040625
1 0.696875 0.76328125 0.0625 0.05
1 0.79453125 0.7609375 0.071875 0.05625
1 0.9546875 0.76328125 0.084375 0.059375
1 0.70546875 0.734375 0.059375 0.0375
1 0.60234375 0.725 0.05 0.0375
1 0.5453125 0.746875 0.078125 0.059375
1 0.79296875 0.73515625 0.05625 0.03125
1 0.9234375 0.7265625 0.08125 0.0484375