5 0.25078125 0.24375 0.49375 0.434375
3 0.6671875 0.33828125 0.0953125 0.071875
3 0.88359375 0.25625 0.090625 0.06875
3 0.5765625 0.27578125 0.0875 0.0609375
3 0.8 0.20703125 0.0875 0.0578125
3 0.7671875 0.28359375 0.08125 0.059375
3 0.928125 0.19765625 0.08125 0.05625
3 0.6125 0.19921875 0.065625 0.0515625
3 0.8484375 0.34609375 0.0875 0.0703125
3 0.68984375 0.24296875 0.08125 0.059375
3 0.709375 0.17265625 0.06875 0.0484375
4 0.12109375 0.74609375 0.209375 0.196875
4 0.37734375 0.7484375 0.2125 0.209375
4 0.66640625 0.6703125 0.121875 0.125
4 0.8234375 0.66796875 0.121875 0.128125
4 0.66640625 0.8359375 0.11875 0.128125
4 0.81484375 0.84453125 0.1 0.109375