0 0.1234375 0.30625 0.190625 0.0578125
0 0.128125 0.246875 0.1734375 0.046875
0 0.28828125 0.146875 0.04375 0.06875
0 0.27734375 0.37421875 0.053125 0.0890625
0 0.20703125 0.3453125 0.090625 0.059375
0 0.384375 0.1859375 0.0796875 0.046875
0 0.4171875 0.25625 0.109375 0.03125
0 0.3390625 0.1625 0.0453125 0.065625
0 0.2390625 0.1546875 0.040625 0.06875
0 0.4078125 0.29375 0.09375 0.05
0 0.19921875 0.1625 0.078125 0.090625
0 0.1703125 0.18828125 0.103125 0.0875
0 0.3390625 0.3625 0.05 0.084375
0 0.38125 0.325 0.0625 0.05625
0 0.4046875 0.21953125 0.103125 0.03125
5 0.76015625 0.25234375 0.2578125 0.1453125
3 0.25546875 0.68203125 0.15625 0.10625
3 0.3390625 0.809375 0.146875 0.096875
3 0.1625 0.8078125 0.1578125 0.121875
2 0.590625 0.81953125 0.165625 0.178125
2 0.71015625 0.76328125 0.153125 0.15625
2 0.89765625 0.6796875 0.153125 0.128125
2 0.8109375 0.721875 0.1625 0.1359375