3 0.10859375 0.31015625 0.08125 0.08125
3 0.28515625 0.25546875 0.0921875 0.09375
3 0.18359375 0.24375 0.075 0.075
3 0.3671875 0.1875 0.075 0.0765625
3 0.2046875 0.3671875 0.0859375 0.0875
3 0.32578125 0.3609375 0.084375 0.084375
3 0.28515625 0.13203125 0.0671875 0.0671875
3 0.4 0.2796875 0.0765625 0.075
3 0.1953125 0.1421875 0.075 0.075
3 0.096875 0.203125 0.078125 0.078125
5 0.7375 0.27109375 0.2640625 0.1671875
1 0.11171875 0.76015625 0.175 0.2984375
1 0.3625 0.778125 0.25625 0.26875
5 0.75390625 0.75078125 0.19375 0.11875