5 0.33046875 0.2859375 0.1375 0.090625
0 0.81015625 0.06171875 0.0625 0.040625
0 0.7734375 0.11171875 0.09375 0.040625
0 0.596875 0.07421875 0.04375 0.0375
0 0.7640625 0.15390625 0.0875 0.0390625
0 0.865625 0.1109375 0.05 0.0390625
0 0.853125 0.02890625 0.0359375 0.0265625
0 0.740625 0.05625 0.059375 0.034375
0 0.86484375 0.17578125 0.0625 0.0734375
0 0.8984375 0.05703125 0.034375 0.028125
0 0.8046875 0.36484375 0.0921875 0.05625
0 0.7171875 0.01328125 0.053125 0.021875
0 0.78125 0.0109375 0.0515625 0.0203125
0 0.6515625 0.03671875 0.034375 0.028125
0 0.9421875 0.1046875 0.0328125 0.0359375
0 0.66328125 0.09140625 0.05625 0.040625
0 0.6703125 0.13125 0.071875 0.0625
0 0.7046875 0.38125 0.0875 0.046875
0 0.88359375 0.27890625 0.040625 0.09375
0 0.69140625 0.3125 0.0765625 0.06875
0 0.609375 0.43984375 0.040625 0.0390625
0 0.6625 0.4125 0.065625 0.040625
0 0.6703125 0.4765625 0.046875 0.028125
0 0.9 0.43203125 0.04375 0.0375
0 0.61328125 0.2046875 0.0421875 0.0875
0 0.67890625 0.1859375 0.053125 0.053125
0 0.75390625 0.26953125 0.078125 0.046875
0 0.55703125 0.1296875 0.025 0.040625
0 0.81875 0.42265625 0.065625 0.040625
0 0.7609375 0.3359375 0.0578125 0.03125
0 0.93671875 0.290625 0.0328125 0.078125
0 0.628125 0.30859375 0.046875 0.0921875
0 0.95078125 0.3796875 0.0359375 0.040625
0 0.57578125 0.17890625 0.040625 0.06875
0 0.56015625 0.39375 0.021875 0.0484375
0 0.60078125 0.35390625 0.05625 0.05
0 0.7046875 0.2140625 0.046875 0.0671875
0 0.73515625 0.48359375 0.040625 0.025
0 0.74609375 0.43984375 0.0625 0.025
0 0.84609375 0.46640625 0.04375 0.021875
0 0.928125 0.1859375 0.040625 0.059375
0 0.8875 0.37265625 0.05 0.053125
0 0.97265625 0.1640625 0.028125 0.0421875
0 0.8234375 0.2078125 0.04375 0.059375
0 0.98203125 0.3140625 0.028125 0.046875
0 0.64453125 0.25 0.0359375 0.0625
0 0.571875 0.2796875 0.03125 0.0625
0 0.51875 0.19375 0.015625 0.040625
0 0.5125 0.26796875 0.01875 0.0484375
0 0.5296875 0.340625 0.025 0.040625
0 0.79296875 0.48359375 0.034375 0.0234375
0 0.81953125 0.3234375 0.053125 0.03125
0 0.73984375 0.3 0.0421875 0.025
0 0.79921875 0.225 0.028125 0.046875
0 0.75859375 0.1953125 0.046875 0.015625
0 0.69453125 0.28046875 0.03125 0.040625
0 0.740625 0.2265625 0.046875 0.021875
0 0.8421875 0.27421875 0.028125 0.0546875
0 0.80546875 0.2859375 0.028125 0.040625
0 0.990625 0.23359375 0.015625 0.053125
1 0.26875 0.60625 0.0765625 0.0875
1 0.37734375 0.7796875 0.1125 0.1265625
1 0.10859375 0.859375 0.1328125 0.184375
1 0.4109375 0.646875 0.078125 0.078125
1 0.20703125 0.70546875 0.078125 0.084375
4 0.95390625 0.7796875 0.059375 0.08125
4 0.71875 0.77890625 0.0625 0.084375
4 0.5546875 0.78203125 0.0625 0.078125
4 0.7984375 0.77734375 0.0640625 0.0875
4 0.87578125 0.778125 0.059375 0.084375
4 0.634375 0.78203125 0.05625 0.078125