4 0.134375 0.22734375 0.09375 0.084375
4 0.25546875 0.23046875 0.090625 0.06875
4 0.25390625 0.14609375 0.0875 0.078125
4 0.37890625 0.21953125 0.1 0.0796875
4 0.32578125 0.3046875 0.1015625 0.078125
4 0.19453125 0.30859375 0.0875 0.078125
3 0.84921875 0.19921875 0.084375 0.084375
3 0.759375 0.2609375 0.08125 0.08125
3 0.640625 0.2234375 0.08125 0.0765625
3 0.678125 0.33203125 0.08125 0.078125
3 0.83671875 0.3484375 0.08125 0.078125
3 0.72578125 0.15625 0.08125 0.078125
4 0.25 0.7421875 0.396875 0.228125
5 0.74375 0.74609375 0.375 0.13125