2 0.30859375 0.325 0.10625 0.140625
2 0.11875 0.29453125 0.140625 0.125
2 0.42578125 0.26328125 0.128125 0.0875
2 0.27109375 0.1953125 0.090625 0.06875
2 0.06953125 0.20625 0.1328125 0.0828125
2 0.21796875 0.1171875 0.0625 0.0625
2 0.315625 0.121875 0.059375 0.0625
2 0.4015625 0.14375 0.1 0.0640625
2 0.12734375 0.14296875 0.10625 0.0625
2 0.44140625 0.190625 0.10625 0.065625
2 0.9125 0.25625 0.125 0.196875
2 0.6921875 0.40078125 0.203125 0.1515625
2 0.6578125 0.0921875 0.1953125 0.178125
5 0.25 0.7890625 0.471875 0.175
4 0.7046875 0.78203125 0.096875 0.046875
4 0.8453125 0.78046875 0.10625 0.0515625
4 0.5703125 0.79375 0.11875 0.034375
4 0.959375 0.7953125 0.06875 0.0359375
4 0.534375 0.82578125 0.06875 0.034375
4 0.7171875 0.82734375 0.06875 0.0265625
4 0.6125 0.828125 0.0546875 0.0296875
4 0.6375 0.8046875 0.078125 0.034375
4 0.77265625 0.7984375 0.059375 0.034375
4 0.5421875 0.8078125 0.075 0.034375
4 0.74765625 0.81171875 0.05 0.0234375
4 0.81171875 0.83515625 0.0375 0.021875
4 0.86796875 0.80078125 0.071875 0.034375
4 0.66796875 0.83515625 0.0375 0.01875
4 0.85546875 0.8375 0.0375 0.01875
4 0.9359375 0.815625 0.0484375 0.025
4 0.78046875 0.82421875 0.04375 0.021875
4 0.76796875 0.83984375 0.028125 0.01875
4 0.82578125 0.8171875 0.04375 0.021875
4 0.9203125 0.828125 0.028125 0.0140625
4 0.87578125 0.82421875 0.028125 0.0125
4 0.66484375 0.81796875 0.046875 0.021875