5 0.26953125 0.24921875 0.3125 0.278125
5 0.1953125 0.2453125 0.2625 0.271875
5 0.771875 0.23359375 0.25 0.1625
1 0.05 0.77578125 0.084375 0.0625
1 0.1578125 0.771875 0.0875 0.0671875
1 0.2578125 0.7765625 0.0796875 0.05625
1 0.35625 0.771875 0.078125 0.059375
1 0.25234375 0.7171875 0.05625 0.040625
1 0.334375 0.71640625 0.06875 0.040625
1 0.090625 0.7171875 0.059375 0.0453125
1 0.45 0.7671875 0.08125 0.0625
1 0.17421875 0.7171875 0.0671875 0.0421875
1 0.41484375 0.71875 0.059375 0.04375
5 0.9046875 0.68984375 0.16875 0.1609375