3 0.2515625 0.253125 0.246875 0.228125
0 0.55390625 0.33515625 0.040625 0.203125
0 0.87109375 0.134375 0.04375 0.1
0 0.9453125 0.33671875 0.0375 0.1265625
0 0.93671875 0.1359375 0.03125 0.078125
0 0.80703125 0.134375 0.0421875 0.096875
0 0.8296875 0.3390625 0.0546875 0.125
0 0.57265625 0.13828125 0.0359375 0.1234375
0 0.746875 0.13359375 0.034375 0.09375
0 0.8875 0.33671875 0.040625 0.1265625
0 0.6890625 0.134375 0.0296875 0.10625
0 0.6703125 0.3328125 0.05625 0.184375
0 0.61328125 0.33359375 0.034375 0.20625
0 0.72578125 0.334375 0.059375 0.178125
0 0.63203125 0.1421875 0.028125 0.121875
0 0.76953125 0.3390625 0.0328125 0.134375
5 0.4234375 0.778125 0.134375 0.175
5 0.34765625 0.634375 0.0546875 0.0875
5 0.409375 0.60078125 0.0859375 0.025
5 0.346875 0.5734375 0.0515625 0.0578125
2 0.6125 0.7953125 0.2 0.1359375
2 0.875 0.80078125 0.184375 0.1125
2 0.746875 0.63984375 0.1515625 0.103125