2 0.24765625 0.29609375 0.346875 0.0875
2 0.25 0.18984375 0.371875 0.0609375
5 0.75 0.278125 0.484375 0.0859375
4 0.39375 0.7796875 0.2125 0.203125
4 0.21484375 0.7640625 0.215625 0.121875
0 0.90078125 0.796875 0.121875 0.08125
0 0.73125 0.84140625 0.11875 0.059375
0 0.57109375 0.7859375 0.121875 0.0640625
0 0.7625 0.73671875 0.125 0.065625
0 0.70625 0.76015625 0.1 0.034375
0 0.96796875 0.7234375 0.05625 0.046875
0 0.634375 0.7046875 0.0796875 0.040625
0 0.90859375 0.67578125 0.0625 0.034375
0 0.65546875 0.6515625 0.078125 0.0296875
0 0.753125 0.63984375 0.0765625 0.025
0 0.859375 0.7078125 0.0625 0.0484375
0 0.83125 0.6515625 0.053125 0.01875
0 0.7125 0.665625 0.065625 0.028125
0 0.5828125 0.6734375 0.046875 0.01875
0 0.7234375 0.6890625 0.04375 0.0265625
0 0.7984375 0.67421875 0.078125 0.040625
0 0.5453125 0.7109375 0.0734375 0.065625