1 0.1515625 0.1125 0.078125 0.090625
1 0.228125 0.4140625 0.0875 0.09375
1 0.28125 0.08828125 0.0765625 0.0921875
1 0.25546875 0.24140625 0.078125 0.078125
1 0.39921875 0.159375 0.0875 0.0828125
1 0.0828125 0.22578125 0.103125 0.0765625
1 0.35 0.3796875 0.09375 0.090625
1 0.428125 0.2796875 0.090625 0.0921875
1 0.109375 0.34140625 0.0890625 0.090625
5 0.7265625 0.246875 0.31875 0.175
5 0.36171875 0.6328125 0.2125 0.2
5 0.146875 0.6328125 0.209375 0.20625
5 0.12421875 0.81328125 0.165625 0.25625
5 0.38515625 0.80703125 0.1625 0.259375
5 0.2578125 0.884375 0.265625 0.128125
5 0.7640625 0.75625 0.3640625 0.2765625