2 0.09375 0.3453125 0.1125 0.10625
2 0.4 0.32265625 0.096875 0.078125
2 0.06875 0.21875 0.115625 0.071875
2 0.334375 0.396875 0.0953125 0.103125
2 0.1421875 0.11640625 0.109375 0.1
2 0.24140625 0.259375 0.0875 0.09375
2 0.3578125 0.128125 0.0921875 0.11875
2 0.21328125 0.4203125 0.075 0.1171875
2 0.2453125 0.0890625 0.05625 0.10625
2 0.428125 0.2125 0.125 0.084375
5 0.7453125 0.2640625 0.2609375 0.140625
1 0.396875 0.821875 0.109375 0.134375
1 0.10703125 0.69375 0.103125 0.115625
1 0.25390625 0.5875 0.1375 0.0734375
1 0.175 0.875 0.184375 0.128125
1 0.415625 0.6703125 0.090625 0.09375
1 0.565625 0.65625 0.071875 0.075
1 0.66875 0.5671875 0.084375 0.0625
1 0.796875 0.5546875 0.078125 0.0640625
1 0.73046875 0.63046875 0.08125 0.065625
1 0.5453125 0.78515625 0.0609375 0.090625
1 0.9203125 0.62578125 0.0796875 0.065625
1 0.83828125 0.66875 0.078125 0.071875
1 0.75078125 0.74453125 0.078125 0.06875
1 0.634375 0.7078125 0.065625 0.078125
1 0.7671875 0.94375 0.09375 0.0640625
1 0.95 0.7359375 0.06875 0.08125
1 0.90390625 0.86796875 0.0796875 0.084375
1 0.78515625 0.8390625 0.078125 0.0734375
1 0.6625 0.82265625 0.071875 0.084375
1 0.6171875 0.8890625 0.084375 0.071875
1 0.875 0.7671875 0.0578125 0.0703125