0 0.40078125 0.353125 0.146875 0.128125
0 0.084375 0.3546875 0.134375 0.121875
0 0.2359375 0.3515625 0.134375 0.13125
0 0.11875 0.2140625 0.103125 0.065625
0 0.25859375 0.2109375 0.09375 0.0734375
0 0.39375 0.2078125 0.090625 0.08125
0 0.3609375 0.0953125 0.078125 0.06875
0 0.1640625 0.09765625 0.06875 0.0578125
0 0.265625 0.096875 0.075 0.059375
1 0.75 0.23515625 0.453125 0.128125
1 0.25 0.73984375 0.396875 0.2609375
5 0.86953125 0.81484375 0.19375 0.115625
5 0.82578125 0.6828125 0.1265625 0.053125
5 0.71484375 0.6765625 0.1171875 0.05
5 0.7890625 0.7734375 0.146875 0.090625
5 0.903125 0.70859375 0.175 0.06875
5 0.66640625 0.76328125 0.115625 0.08125
5 0.63203125 0.7375 0.103125 0.0640625
5 0.55078125 0.73125 0.0796875 0.059375
5 0.59609375 0.6578125 0.084375 0.0375
5 0.678125 0.6609375 0.1 0.040625