1 0.1390625 0.11015625 0.075 0.0671875
1 0.26484375 0.0671875 0.084375 0.046875
1 0.07109375 0.20703125 0.059375 0.078125
1 0.375 0.12109375 0.071875 0.0671875
1 0.4328125 0.2234375 0.05 0.08125
1 0.4171875 0.32890625 0.05625 0.078125
1 0.07734375 0.31953125 0.059375 0.0828125
1 0.3453125 0.4140625 0.071875 0.0609375
1 0.24375 0.43984375 0.071875 0.05
1 0.14609375 0.4015625 0.071875 0.0625
5 0.74921875 0.27265625 0.1828125 0.159375
2 0.3484375 0.7640625 0.196875 0.175
2 0.15390625 0.715625 0.19375 0.15625
5 0.728125 0.73671875 0.21875 0.20625