1 0.246875 0.14765625 0.134375 0.04375
1 0.3921875 0.31484375 0.165625 0.071875
1 0.36484375 0.22578125 0.1375 0.053125
1 0.15 0.22421875 0.1546875 0.05625
1 0.11875 0.31484375 0.2125 0.0875
2 0.69296875 0.3140625 0.075 0.0859375
2 0.9390625 0.34375 0.0796875 0.096875
2 0.8171875 0.31796875 0.078125 0.096875
2 0.546875 0.3296875 0.08125 0.0890625
2 0.9578125 0.2015625 0.06875 0.0578125
2 0.8671875 0.2328125 0.078125 0.0609375
2 0.625 0.1578125 0.04375 0.053125
2 0.58515625 0.23046875 0.0625 0.059375
2 0.675 0.215625 0.06875 0.053125
2 0.8921875 0.16796875 0.0734375 0.04375
2 0.77578125 0.2140625 0.0625 0.05625
2 0.8234375 0.1546875 0.0546875 0.04375
2 0.5375 0.17890625 0.05 0.053125
2 0.7625 0.1515625 0.046875 0.04375
2 0.70234375 0.1515625 0.040625 0.05
3 0.21484375 0.646875 0.08125 0.0828125
3 0.12578125 0.7328125 0.078125 0.084375
3 0.2546875 0.7484375 0.08125 0.084375
3 0.38359375 0.74140625 0.0796875 0.0828125
3 0.17421875 0.8390625 0.078125 0.08125
3 0.30703125 0.84453125 0.08125 0.084375
5 0.8890625 0.765625 0.20625 0.25625
5 0.67578125 0.68828125 0.3375 0.10625
5 0.70234375 0.80546875 0.39375 0.19375