5 0.24765625 0.28125 0.2125 0.196875
1 0.75 0.246875 0.496875 0.3125
0 0.06875 0.7296875 0.1 0.084375
0 0.43359375 0.9078125 0.09375 0.096875
0 0.34296875 0.8578125 0.0953125 0.090625
0 0.43984375 0.77109375 0.0625 0.0765625
0 0.23828125 0.809375 0.1125 0.090625
0 0.3421875 0.72578125 0.071875 0.078125
0 0.0921875 0.60390625 0.0875 0.0609375
0 0.16171875 0.640625 0.075 0.065625
0 0.25625 0.6796875 0.08125 0.0765625
0 0.14375 0.77421875 0.0875 0.08125
1 0.8984375 0.696875 0.096875 0.11875
1 0.6 0.7046875 0.090625 0.08125
1 0.740625 0.6453125 0.0953125 0.053125
1 0.66953125 0.8421875 0.121875 0.0984375
1 0.8390625 0.83984375 0.1109375 0.103125