2 0.25 0.24921875 0.38125 0.2984375
1 0.5796875 0.2953125 0.084375 0.0484375
1 0.7015625 0.296875 0.078125 0.0515625
1 0.65 0.278125 0.059375 0.0421875
1 0.83671875 0.29453125 0.078125 0.05
1 0.7671875 0.27890625 0.065625 0.0421875
1 0.89140625 0.27890625 0.05 0.0375
1 0.91640625 0.265625 0.046875 0.034375
1 0.85390625 0.2609375 0.05 0.0234375
1 0.80546875 0.2640625 0.04375 0.0375
1 0.75546875 0.26171875 0.0375 0.028125
1 0.71328125 0.2671875 0.0546875 0.0296875
1 0.1234375 0.70078125 0.171875 0.203125
1 0.2734375 0.875 0.20625 0.1375
1 0.3515625 0.66875 0.190625 0.2
1 0.7421875 0.725 0.115625 0.15625
1 0.6125 0.6453125 0.1328125 0.165625
1 0.8703125 0.8546875 0.15 0.171875
1 0.6296875 0.8609375 0.15 0.13125
1 0.88125 0.63046875 0.1375 0.165625