1 0.24375 0.2828125 0.421875 0.16875
2 0.84375 0.3328125 0.203125 0.103125
2 0.634375 0.25703125 0.228125 0.0984375
2 0.7140625 0.1875 0.1875 0.134375
2 0.840625 0.1671875 0.134375 0.10625
2 0.928125 0.278125 0.078125 0.075
2 0.85 0.2734375 0.078125 0.06875
2 0.3484375 0.7640625 0.196875 0.175
2 0.15390625 0.715625 0.19375 0.15625
0 0.8734375 0.6078125 0.103125 0.096875
0 0.62421875 0.6125 0.10625 0.1015625
0 0.75234375 0.5578125 0.11875 0.06875
0 0.6125 0.84921875 0.09375 0.109375
0 0.83125 0.9171875 0.1109375 0.0828125
0 0.709375 0.92734375 0.1140625 0.0734375
0 0.9171875 0.8359375 0.08125 0.09375
0 0.565625 0.7296875 0.078125 0.11875
0 0.940625 0.7203125 0.071875 0.1140625