1 0.2484375 0.2484375 0.46875 0.14375
1 0.67265625 0.11015625 0.128125 0.0921875
1 0.58046875 0.2734375 0.084375 0.11875
1 0.74296875 0.40859375 0.146875 0.0765625
1 0.89453125 0.3078125 0.08125 0.09375
1 0.88359375 0.14375 0.0828125 0.08125
1 0.2625 0.74921875 0.421875 0.1859375
5 0.70078125 0.65859375 0.090625 0.040625
5 0.79921875 0.65859375 0.090625 0.0390625
5 0.70078125 0.709375 0.090625 0.0375
5 0.79921875 0.709375 0.090625 0.0390625
5 0.7 0.76015625 0.09375 0.0390625
5 0.70078125 0.81171875 0.090625 0.0390625
5 0.7984375 0.81171875 0.090625 0.0390625
5 0.80078125 0.76171875 0.09375 0.0390625
5 0.7015625 0.8625 0.090625 0.040625
5 0.79921875 0.8625 0.090625 0.040625
5 0.5484375 0.70234375 0.04375 0.025
5 0.5484375 0.76875 0.04375 0.021875
5 0.6046875 0.7015625 0.04375 0.0234375
5 0.55 0.80234375 0.04375 0.021875
5 0.6046875 0.76875 0.04375 0.021875
5 0.6046875 0.803125 0.0421875 0.021875
5 0.54921875 0.734375 0.0421875 0.021875
5 0.6046875 0.73515625 0.0421875 0.021875
5 0.9484375 0.70078125 0.0421875 0.021875
5 0.8953125 0.70078125 0.040625 0.021875
5 0.946875 0.80234375 0.040625 0.021875
5 0.9484375 0.76875 0.0421875 0.021875
5 0.9484375 0.734375 0.040625 0.021875
5 0.89453125 0.80234375 0.0375 0.021875
5 0.8953125 0.76796875 0.040625 0.021875
5 0.8953125 0.734375 0.0421875 0.021875