3 0.15234375 0.221875 0.16875 0.11875
3 0.32109375 0.31015625 0.1875 0.11875
3 0.3328125 0.19140625 0.159375 0.11875
4 0.56875 0.24375 0.109375 0.0875
4 0.9140625 0.32890625 0.0765625 0.0609375
4 0.69609375 0.26328125 0.096875 0.075
4 0.7921875 0.296875 0.078125 0.065625
4 0.70703125 0.15859375 0.084375 0.053125
4 0.63984375 0.19609375 0.0921875 0.0625
4 0.76484375 0.2078125 0.078125 0.0671875
4 0.80859375 0.1734375 0.0640625 0.0484375
4 0.8359375 0.25 0.065625 0.05
4 0.9359375 0.26015625 0.0734375 0.05625
4 0.96484375 0.18984375 0.05625 0.040625
4 0.95 0.22421875 0.0625 0.046875
4 0.865625 0.2140625 0.053125 0.046875
4 0.8796875 0.1890625 0.0484375 0.0375
1 0.10546875 0.7625 0.19375 0.15
1 0.41015625 0.75390625 0.159375 0.165625
1 0.2609375 0.6546875 0.1375 0.0703125
4 0.74140625 0.74921875 0.465625 0.4625