1 0.10625 0.1671875 0.153125 0.075
1 0.3875 0.165625 0.1515625 0.06875
1 0.246875 0.10234375 0.153125 0.0515625
1 0.06875 0.36328125 0.096875 0.090625
1 0.20703125 0.265625 0.09375 0.0625
1 0.434375 0.37265625 0.096875 0.071875
1 0.365625 0.346875 0.075 0.06875
1 0.2953125 0.2546875 0.06875 0.059375
1 0.1453125 0.334375 0.0890625 0.0703125
4 0.61875 0.234375 0.16875 0.0953125
4 0.75390625 0.3265625 0.175 0.1109375
4 0.74921875 0.165625 0.140625 0.090625
4 0.890625 0.23984375 0.159375 0.1
5 0.246875 0.76484375 0.4140625 0.16875
3 0.80546875 0.8125 0.346875 0.159375
3 0.6359375 0.7375 0.24375 0.1390625
3 0.63671875 0.7234375 0.0234375 0.0125