2 0.35859375 0.2484375 0.165625 0.45
2 0.1421875 0.25 0.159375 0.446875
3 0.6625 0.16953125 0.115625 0.0765625
3 0.81171875 0.16796875 0.1203125 0.06875
3 0.74921875 0.32890625 0.14375 0.075
3 0.5984375 0.26875 0.125 0.0609375
3 0.90078125 0.25859375 0.13125 0.0703125
2 0.35859375 0.7046875 0.1609375 0.1015625
2 0.11328125 0.71328125 0.096875 0.1515625
2 0.18046875 0.8578125 0.2453125 0.128125
2 0.3671875 0.83515625 0.1203125 0.15
2 0.22109375 0.70234375 0.125 0.16875
0 0.68828125 0.5671875 0.125 0.09375
0 0.76640625 0.94453125 0.125 0.075
0 0.646875 0.88671875 0.1125 0.096875
0 0.81953125 0.56875 0.11875 0.090625
0 0.8828125 0.8828125 0.10625 0.1
0 0.59765625 0.659375 0.0875 0.1125
0 0.5671875 0.78046875 0.08125 0.121875
0 0.953125 0.771875 0.084375 0.1265625
0 0.9140625 0.6484375 0.0921875 0.1125