1 0.24921875 0.2234375 0.36875 0.39375
1 0.56953125 0.2671875 0.11875 0.09375
1 0.79609375 0.31953125 0.125 0.1125
1 0.9328125 0.253125 0.1125 0.071875
1 0.56015625 0.17578125 0.084375 0.065625
1 0.740625 0.25 0.10625 0.075
1 0.8046875 0.1453125 0.078125 0.04375
1 0.6765625 0.1484375 0.08125 0.0484375
1 0.85234375 0.1859375 0.096875 0.059375
1 0.7046875 0.19375 0.0875 0.0625
1 0.93984375 0.1703125 0.078125 0.053125
4 0.1390625 0.696875 0.1890625 0.115625
4 0.3375 0.80546875 0.221875 0.13125
2 0.85859375 0.7046875 0.1609375 0.1015625
2 0.61328125 0.71328125 0.096875 0.1515625
2 0.68046875 0.8578125 0.2453125 0.128125
2 0.8671875 0.83515625 0.1203125 0.15
2 0.72109375 0.70234375 0.125 0.16875