5 0.4046875 0.18984375 0.16875 0.1609375
0 0.7515625 0.4140625 0.115625 0.0890625
0 0.6578125 0.26953125 0.103125 0.0734375
0 0.6234375 0.0828125 0.08125 0.053125
0 0.55234375 0.14765625 0.078125 0.0625
0 0.8203125 0.328125 0.10625 0.078125
0 0.7859375 0.10703125 0.075 0.05625
0 0.73671875 0.175 0.084375 0.059375
0 0.946875 0.1171875 0.078125 0.05
0 0.87578125 0.2421875 0.090625 0.06875
0 0.91171875 0.171875 0.08125 0.05625
4 0.24921875 0.7515625 0.3703125 0.209375
4 0.74765625 0.7515625 0.275 0.15625