4 0.24453125 0.24921875 0.0421875 0.078125
4 0.3078125 0.13984375 0.040625 0.08125
4 0.25 0.35546875 0.0375 0.075
4 0.31484375 0.35546875 0.0390625 0.0796875
4 0.18046875 0.14453125 0.0375 0.084375
4 0.36875 0.14140625 0.046875 0.08125
4 0.18828125 0.36171875 0.0359375 0.08125
4 0.31015625 0.253125 0.0375 0.08125
4 0.24453125 0.140625 0.0375 0.090625
4 0.1921875 0.2546875 0.040625 0.084375
4 0.384375 0.353125 0.040625 0.0765625
4 0.375 0.2515625 0.0421875 0.08125
4 0.1296875 0.36328125 0.040625 0.0875
4 0.12578125 0.253125 0.034375 0.08125
4 0.121875 0.15 0.0328125 0.08125
5 0.8671875 0.12734375 0.2171875 0.203125
5 0.64609375 0.1265625 0.215625 0.20625
5 0.75625 0.38125 0.2640625 0.134375
5 0.8890625 0.31328125 0.175 0.253125
5 0.625 0.315625 0.178125 0.253125
5 0.2484375 0.746875 0.3671875 0.26875
2 0.75 0.74921875 0.4453125 0.240625