5 0.3890625 0.265625 0.20625 0.25625
5 0.17578125 0.18828125 0.3375 0.10625
5 0.20234375 0.30546875 0.39375 0.19375
1 0.6203125 0.10546875 0.11875 0.096875
1 0.7578125 0.2375 0.121875 0.08125
1 0.6125 0.3734375 0.115625 0.1171875
1 0.90859375 0.371875 0.13125 0.1171875
1 0.88203125 0.1 0.125 0.090625
1 0.74921875 0.04375 0.115625 0.075
1 0.75625 0.4515625 0.14375 0.0890625
1 0.9484375 0.225 0.08125 0.1390625
1 0.53515625 0.23515625 0.065625 0.134375
4 0.2625 0.7578125 0.3625 0.25625
3 0.60625 0.70390625 0.1171875 0.1
3 0.74296875 0.84140625 0.1796875 0.121875
3 0.878125 0.74140625 0.1578125 0.103125
3 0.7140625 0.6421875 0.1125 0.0578125
3 0.7765625 0.68515625 0.1328125 0.078125
3 0.684375 0.77734375 0.15625 0.0921875