3 0.1796875 0.1921875 0.125 0.096875
3 0.24765625 0.29765625 0.13125 0.1
3 0.39140625 0.303125 0.115625 0.090625
3 0.315625 0.1953125 0.11875 0.09375
3 0.103125 0.30546875 0.103125 0.090625
5 0.77578125 0.25859375 0.18125 0.1515625
2 0.1265625 0.56875 0.246875 0.11875
2 0.37734375 0.56484375 0.2375 0.1125
2 0.05703125 0.7375 0.084375 0.0953125
2 0.18125 0.75 0.06875 0.109375
2 0.1375 0.6578125 0.14375 0.071875
2 0.353125 0.65703125 0.1125 0.0765625
2 0.3265625 0.7484375 0.090625 0.0640625
2 0.42890625 0.73359375 0.0515625 0.103125
2 0.4265625 0.8421875 0.075 0.05
2 0.33203125 0.9078125 0.09375 0.053125
2 0.33359375 0.83984375 0.084375 0.0453125
2 0.43671875 0.975 0.090625 0.04375
2 0.43203125 0.903125 0.0875 0.040625
2 0.33125 0.9703125 0.0875 0.0484375
2 0.17890625 0.82890625 0.0375 0.01875
2 0.23515625 0.8296875 0.034375 0.01875
2 0.234375 0.86171875 0.03125 0.021875
2 0.17578125 0.8625 0.034375 0.0171875
2 0.2375 0.95390625 0.0375 0.01875
2 0.17578125 0.8921875 0.034375 0.021875
2 0.2359375 0.890625 0.0359375 0.0203125
2 0.23671875 0.9203125 0.0359375 0.021875
2 0.23984375 0.9828125 0.0375 0.01875
2 0.028125 0.8625 0.034375 0.015625
2 0.17578125 0.92265625 0.034375 0.01875
2 0.0921875 0.834375 0.03125 0.01875
2 0.02890625 0.8875 0.03125 0.01875
2 0.17421875 0.953125 0.03125 0.0203125
2 0.0296875 0.83515625 0.03125 0.015625
2 0.175 0.9828125 0.03125 0.01875
2 0.09375 0.9625 0.03125 0.01875
2 0.09375 0.86015625 0.034375 0.015625
2 0.0921875 0.9109375 0.03125 0.01875
2 0.0921875 0.9375 0.03125 0.015625
2 0.09140625 0.8875 0.028125 0.01875
2 0.0296875 0.959375 0.03125 0.0171875
2 0.0296875 0.91015625 0.03125 0.015625
2 0.03046875 0.98359375 0.03125 0.021875
2 0.028125 0.93515625 0.03125 0.01875
2 0.09296875 0.9859375 0.03125 0.015625
2 0.7484375 0.76953125 0.275 0.19375