5 0.26484375 0.22890625 0.290625 0.184375
2 0.85859375 0.2484375 0.165625 0.45
2 0.6421875 0.25 0.159375 0.446875
0 0.3640625 0.5546875 0.125 0.0515625
0 0.15703125 0.728125 0.2375 0.040625
0 0.390625 0.9046875 0.1765625 0.0546875
0 0.153125 0.7796875 0.24375 0.046875
0 0.396875 0.846875 0.171875 0.0578125
0 0.14375 0.584375 0.096875 0.028125
0 0.14375 0.6296875 0.1046875 0.0265625
0 0.14375 0.67578125 0.1390625 0.0296875
0 0.38515625 0.784375 0.1703125 0.0375
0 0.15234375 0.84140625 0.2125 0.059375
0 0.3703125 0.60234375 0.1125 0.025
0 0.38046875 0.646875 0.134375 0.021875
0 0.3875 0.734375 0.1 0.034375
0 0.15 0.90234375 0.24375 0.0640625
0 0.378125 0.68984375 0.1140625 0.03125
5 0.81171875 0.778125 0.16875 0.109375
5 0.67578125 0.734375 0.1203125 0.0671875