5 0.23046875 0.26875 0.253125 0.159375
1 0.909375 0.1625 0.15 0.134375
1 0.5859375 0.184375 0.1421875 0.140625
1 0.72265625 0.25625 0.0875 0.13125
1 0.93046875 0.378125 0.075 0.125
1 0.8609375 0.36328125 0.078125 0.125
1 0.74609375 0.09765625 0.1625 0.103125
1 0.8 0.25390625 0.071875 0.11875
1 0.57734375 0.3921875 0.10625 0.1203125
1 0.6296875 0.3421875 0.090625 0.1125
5 0.375 0.73359375 0.196875 0.265625
5 0.23828125 0.75859375 0.453125 0.221875
5 0.20546875 0.64296875 0.384375 0.08125
5 0.759375 0.7484375 0.453125 0.309375