0 0.40078125 0.353125 0.146875 0.128125
0 0.084375 0.3546875 0.134375 0.121875
0 0.2359375 0.3515625 0.134375 0.13125
0 0.11875 0.2140625 0.103125 0.065625
0 0.25859375 0.2109375 0.09375 0.0734375
0 0.39375 0.2078125 0.090625 0.08125
0 0.3609375 0.0953125 0.078125 0.06875
0 0.1640625 0.09765625 0.06875 0.0578125
0 0.265625 0.096875 0.075 0.059375
2 0.84609375 0.30390625 0.121875 0.075
2 0.75 0.225 0.0921875 0.065625
2 0.60078125 0.22578125 0.096875 0.06875
2 0.83671875 0.1765625 0.1015625 0.05625
2 0.7453125 0.36796875 0.1375 0.0875
2 0.796875 0.265625 0.1125 0.065625
2 0.89296875 0.2171875 0.096875 0.053125
2 0.6875 0.3203125 0.1171875 0.0625
2 0.71328125 0.1875 0.109375 0.0546875
2 0.6453125 0.28125 0.1125 0.075
1 0.3765625 0.80625 0.21875 0.159375
1 0.128125 0.78046875 0.23125 0.175
1 0.26953125 0.6546875 0.196875 0.125
5 0.75 0.725 0.478125 0.2