1 0.14296875 0.26328125 0.203125 0.196875
1 0.36875 0.26953125 0.196875 0.2
5 0.7578125 0.29609375 0.48125 0.278125
1 0.29140625 0.54765625 0.2140625 0.090625
1 0.21328125 0.63984375 0.15 0.078125
1 0.15 0.790625 0.1265625 0.1390625
1 0.040625 0.7171875 0.071875 0.146875
1 0.1078125 0.58671875 0.090625 0.078125
1 0.4421875 0.74140625 0.1046875 0.2109375
1 0.34609375 0.9375 0.171875 0.109375
1 0.28515625 0.72421875 0.08125 0.05
1 0.34140625 0.8234375 0.109375 0.1125
1 0.16640625 0.95390625 0.115625 0.078125
1 0.2796875 0.79765625 0.090625 0.04375
1 0.3390625 0.65859375 0.071875 0.078125
1 0.2140625 0.871875 0.071875 0.071875
1 0.06796875 0.859375 0.084375 0.096875
4 0.6453125 0.65859375 0.134375 0.0953125
4 0.87421875 0.8453125 0.128125 0.096875
4 0.640625 0.8421875 0.134375 0.103125
4 0.8546875 0.659375 0.1078125 0.0984375
4 0.7484375 0.7671875 0.084375 0.1015625