0 0.0796875 0.2625 0.146875 0.0578125
0 0.25234375 0.3375 0.109375 0.078125
0 0.12421875 0.13203125 0.096875 0.028125
0 0.4296875 0.253125 0.125 0.0375
0 0.2640625 0.26015625 0.13125 0.0484375
0 0.10546875 0.16796875 0.0984375 0.03125
0 0.4140625 0.2078125 0.1296875 0.04375
0 0.253125 0.20234375 0.115625 0.046875
0 0.1015625 0.215625 0.1109375 0.028125
0 0.24375 0.1671875 0.128125 0.03125
0 0.2453125 0.1328125 0.0875 0.025
0 0.37265625 0.13359375 0.1 0.025
0 0.40703125 0.1703125 0.10625 0.03125
5 0.74921875 0.24296875 0.3453125 0.1796875
0 0.24140625 0.828125 0.1515625 0.090625
0 0.0640625 0.73515625 0.125 0.0625
0 0.4234375 0.72109375 0.1203125 0.071875
0 0.15078125 0.7765625 0.1375 0.075
0 0.24140625 0.653125 0.103125 0.053125
0 0.3515625 0.7734375 0.10625 0.065625
0 0.321875 0.68671875 0.1109375 0.0625
0 0.26171875 0.7328125 0.0953125 0.05625
0 0.175 0.62734375 0.0953125 0.046875
0 0.16875 0.696875 0.0859375 0.05
0 0.1015625 0.66484375 0.078125 0.0421875
0 0.021875 0.6921875 0.04375 0.04375
1 0.57109375 0.83203125 0.115625 0.065625
1 0.73515625 0.71796875 0.0890625 0.053125
1 0.94375 0.6828125 0.08125 0.05
1 0.6359375 0.75859375 0.1 0.05625
1 0.84296875 0.6953125 0.0859375 0.053125