0 0.25625 0.17734375 0.0625 0.040625
0 0.34296875 0.175 0.053125 0.03125
0 0.240625 0.0890625 0.040625 0.03125
0 0.34609375 0.24296875 0.0625 0.0296875
0 0.41640625 0.0921875 0.046875 0.028125
0 0.15625 0.08984375 0.046875 0.034375
0 0.159375 0.31484375 0.0703125 0.034375
0 0.0671875 0.17421875 0.053125 0.034375
0 0.15859375 0.1734375 0.075 0.0359375
0 0.15625 0.246875 0.0625 0.0390625
0 0.328125 0.090625 0.0625 0.03125
0 0.06015625 0.25078125 0.053125 0.0328125
0 0.253125 0.315625 0.0625 0.0375
0 0.06796875 0.31796875 0.06875 0.040625
0 0.43203125 0.17265625 0.05625 0.0296875
0 0.253125 0.24296875 0.0515625 0.0375
0 0.2578125 0.3953125 0.059375 0.0375
0 0.06640625 0.09609375 0.065625 0.034375
0 0.3484375 0.39609375 0.0546875 0.03125
0 0.1578125 0.396875 0.05 0.0328125
0 0.434375 0.2390625 0.053125 0.034375
0 0.34765625 0.309375 0.0578125 0.0375
0 0.4375 0.39140625 0.0703125 0.0421875
0 0.0578125 0.3953125 0.059375 0.034375
0 0.434375 0.31171875 0.0578125 0.0375
1 0.74921875 0.24921875 0.484375 0.228125
5 0.23984375 0.753125 0.246875 0.159375
1 0.75390625 0.753125 0.44375 0.3625