0 0.3515625 0.25703125 0.0640625 0.05
0 0.25078125 0.28984375 0.0671875 0.0421875
0 0.3953125 0.2109375 0.05 0.040625
0 0.12265625 0.17109375 0.05 0.028125
0 0.07578125 0.15625 0.0515625 0.0296875
0 0.11953125 0.20703125 0.0515625 0.034375
0 0.1640625 0.14375 0.04375 0.03125
0 0.03359375 0.19921875 0.046875 0.0390625
0 0.19140625 0.11171875 0.034375 0.021875
0 0.15859375 0.2515625 0.05625 0.05
0 0.36328125 0.1234375 0.046875 0.025
0 0.246875 0.10546875 0.03125 0.0234375
0 0.3234375 0.20703125 0.053125 0.040625
0 0.24765625 0.234375 0.05625 0.0484375
0 0.19921875 0.16953125 0.040625 0.028125
0 0.34765625 0.14921875 0.040625 0.0265625
0 0.18828125 0.20625 0.059375 0.0453125
0 0.26484375 0.15390625 0.05 0.0296875
0 0.3078125 0.1109375 0.040625 0.025
0 0.46640625 0.19609375 0.046875 0.0421875
0 0.43359375 0.30703125 0.08125 0.059375
0 0.4015625 0.175 0.046875 0.03125
0 0.03046875 0.2578125 0.059375 0.04375
0 0.25546875 0.18984375 0.0453125 0.0375
0 0.33515625 0.17109375 0.04375 0.03125
0 0.22421875 0.1296875 0.04375 0.0234375
0 0.10703125 0.3203125 0.078125 0.065625
0 0.1359375 0.128125 0.053125 0.0265625
0 0.4234375 0.1484375 0.0484375 0.0265625
0 0.4625 0.25 0.075 0.053125
0 0.23203125 0.3625 0.071875 0.071875
0 0.2828125 0.134375 0.040625 0.025
0 0.33515625 0.36328125 0.084375 0.084375
5 0.7265625 0.23984375 0.21875 0.215625
5 0.240625 0.77578125 0.384375 0.15
5 0.34375 0.73671875 0.20625 0.096875
5 0.7265625 0.73984375 0.21875 0.215625