5 0.409375 0.32734375 0.153125 0.09375
5 0.40859375 0.2375 0.153125 0.0984375
5 0.32734375 0.27890625 0.09375 0.1765625
0 0.36875 0.2671875 0.0140625 0.0140625
3 0.60859375 0.31015625 0.08125 0.08125
3 0.78515625 0.25546875 0.0921875 0.09375
3 0.68359375 0.24375 0.075 0.075
3 0.8671875 0.1875 0.075 0.0765625
3 0.7046875 0.3671875 0.0859375 0.0875
3 0.82578125 0.3609375 0.084375 0.084375
3 0.78515625 0.13203125 0.0671875 0.0671875
3 0.9 0.2796875 0.0765625 0.075
3 0.6953125 0.1421875 0.075 0.075
3 0.596875 0.203125 0.078125 0.078125
5 0.22265625 0.74609375 0.146875 0.4625
3 0.7515625 0.753125 0.246875 0.228125