5 0.2578125 0.26015625 0.228125 0.178125
3 0.77578125 0.2265625 0.0765625 0.0671875
3 0.7140625 0.35 0.125 0.090625
3 0.8671875 0.33515625 0.1265625 0.0859375
3 0.834375 0.14921875 0.08125 0.053125
3 0.73125 0.14375 0.075 0.0515625
3 0.9265625 0.28828125 0.0984375 0.071875
3 0.61015625 0.290625 0.1125 0.090625
3 0.925 0.2015625 0.090625 0.05625
3 0.6453125 0.1609375 0.084375 0.053125
3 0.58984375 0.21015625 0.09375 0.0703125
1 0.07109375 0.83203125 0.115625 0.065625
1 0.23515625 0.71796875 0.0890625 0.053125
1 0.44375 0.6828125 0.08125 0.05
1 0.1359375 0.75859375 0.1 0.05625
1 0.34296875 0.6953125 0.0859375 0.053125
1 0.590625 0.73359375 0.1078125 0.146875
1 0.89609375 0.715625 0.1375 0.125
1 0.7328125 0.8640625 0.15625 0.14375
1 0.74296875 0.7046875 0.125 0.125
1 0.753125 0.60234375 0.1375 0.0796875