1 0.26640625 0.2265625 0.409375 0.35625
0 0.9046875 0.21875 0.096875 0.06875
0 0.96328125 0.234375 0.0578125 0.0390625
0 0.8734375 0.33125 0.1 0.084375
0 0.840625 0.18828125 0.075 0.0609375
0 0.78046875 0.1703125 0.10625 0.071875
0 0.6609375 0.13828125 0.11875 0.096875
0 0.55078125 0.2453125 0.0796875 0.1109375
0 0.721875 0.27734375 0.109375 0.1046875
0 0.8125 0.3078125 0.075 0.071875
0 0.6703125 0.26171875 0.1125 0.109375
0 0.621875 0.24453125 0.121875 0.109375
0 0.70546875 0.14375 0.0875 0.065625
0 0.92421875 0.35 0.0609375 0.046875
0 0.7625 0.2953125 0.08125 0.084375
0 0.72109375 0.14921875 0.0546875 0.04375
3 0.1671875 0.83828125 0.0953125 0.071875
3 0.38359375 0.75625 0.090625 0.06875
3 0.0765625 0.77578125 0.0875 0.0609375
3 0.3 0.70703125 0.0875 0.0578125
3 0.2671875 0.78359375 0.08125 0.059375
3 0.428125 0.69765625 0.08125 0.05625
3 0.1125 0.69921875 0.065625 0.0515625
3 0.3484375 0.84609375 0.0875 0.0703125
3 0.18984375 0.74296875 0.08125 0.059375
3 0.209375 0.67265625 0.06875 0.0484375
5 0.75078125 0.7421875 0.465625 0.20625