1 0.1921875 0.309375 0.096875 0.065625
1 0.34453125 0.30546875 0.084375 0.059375
1 0.09375 0.2890625 0.0625 0.04375
1 0.4203125 0.2921875 0.065625 0.0453125
1 0.1828125 0.275 0.059375 0.040625
1 0.2703125 0.28671875 0.078125 0.05
1 0.24609375 0.2625 0.05625 0.0421875
1 0.17109375 0.2546875 0.0578125 0.040625
1 0.32421875 0.2625 0.0578125 0.0375
1 0.24453125 0.24296875 0.05625 0.028125
1 0.08828125 0.2640625 0.046875 0.034375
1 0.421875 0.26796875 0.0484375 0.034375
1 0.1296875 0.24375 0.04375 0.0296875
1 0.271875 0.23203125 0.05 0.028125
1 0.19921875 0.2359375 0.040625 0.021875
1 0.3390625 0.2390625 0.0390625 0.021875
1 0.38984375 0.246875 0.040625 0.028125
1 0.31875 0.2453125 0.053125 0.0328125
2 0.590625 0.13828125 0.153125 0.078125
1 0.7578125 0.134375 0.15 0.0875
1 0.9140625 0.1390625 0.15 0.078125
1 0.58828125 0.246875 0.103125 0.065625
1 0.70390625 0.24375 0.103125 0.0640625
2 0.815625 0.24140625 0.103125 0.0640625
2 0.93125 0.2515625 0.10625 0.065625
0 0.7578125 0.33984375 0.0875 0.059375
0 0.65703125 0.33828125 0.0875 0.0609375
0 0.85546875 0.340625 0.0875 0.0625
5 0.27109375 0.725 0.378125 0.359375
5 0.759375 0.80625 0.48125 0.24375
5 0.69296875 0.75078125 0.2546875 0.140625