3 0.34296875 0.3171875 0.184375 0.115625
3 0.153125 0.35703125 0.165625 0.1
3 0.3109375 0.1984375 0.159375 0.078125
3 0.1609375 0.16171875 0.096875 0.115625
3 0.15859375 0.2625 0.1515625 0.0765625
3 0.2921875 0.12578125 0.1234375 0.0578125
2 0.70390625 0.3140625 0.06875 0.04375
2 0.9046875 0.27890625 0.065625 0.053125
2 0.61015625 0.29765625 0.05625 0.05
2 0.80625 0.3109375 0.06875 0.05
2 0.86796875 0.1609375 0.04375 0.03125
2 0.65546875 0.16015625 0.040625 0.028125
2 0.81328125 0.15 0.040625 0.025
2 0.7046875 0.15078125 0.0375 0.025
2 0.60859375 0.17734375 0.0390625 0.03125
2 0.9578125 0.240625 0.034375 0.046875
2 0.56015625 0.265625 0.05 0.040625
2 0.91484375 0.17890625 0.0375 0.0328125
2 0.76015625 0.146875 0.0375 0.025
2 0.93984375 0.20390625 0.03125 0.040625
2 0.55078125 0.22578125 0.040625 0.040625
2 0.5734375 0.19765625 0.0375 0.0375
5 0.409375 0.82734375 0.153125 0.09375
5 0.40859375 0.7375 0.153125 0.0984375
5 0.32734375 0.77890625 0.09375 0.1765625
0 0.36875 0.7671875 0.0140625 0.0140625
1 0.63125 0.5984375 0.059375 0.059375
1 0.571875 0.69921875 0.053125 0.075
1 0.92578125 0.70390625 0.05 0.075
1 0.75390625 0.55546875 0.071875 0.04375
1 0.9265625 0.80625 0.046875 0.065625
1 0.865625 0.6078125 0.065625 0.0625
1 0.859375 0.8984375 0.0640625 0.05625
1 0.5734375 0.8046875 0.046875 0.065625
1 0.6359375 0.9015625 0.0625 0.0484375
1 0.7515625 0.93671875 0.06875 0.046875