3 0.175 0.25234375 0.196875 0.134375
4 0.746875 0.24921875 0.284375 0.2171875
1 0.2390625 0.790625 0.109375 0.08125
1 0.3578125 0.78359375 0.084375 0.078125
1 0.18828125 0.69609375 0.0515625 0.0375
1 0.278125 0.7328125 0.078125 0.05
1 0.325 0.703125 0.053125 0.034375
1 0.11875 0.715625 0.0640625 0.03125
1 0.0890625 0.73984375 0.0796875 0.053125
1 0.2625 0.69609375 0.04375 0.03125
1 0.121875 0.78125 0.090625 0.078125
1 0.428125 0.74921875 0.06875 0.0609375
1 0.37734375 0.72109375 0.046875 0.040625
5 0.74921875 0.77890625 0.4453125 0.2609375