0 0.08046875 0.0875 0.059375 0.053125
0 0.1921875 0.05 0.0671875 0.05
0 0.3953125 0.0875 0.053125 0.05625
0 0.44921875 0.303125 0.059375 0.0640625
0 0.303125 0.0453125 0.05625 0.05
0 0.396875 0.409375 0.0515625 0.059375
0 0.1765625 0.15859375 0.05625 0.05
0 0.44765625 0.1890625 0.046875 0.05625
0 0.0453125 0.19453125 0.05 0.05625
0 0.25078125 0.24375 0.059375 0.059375
0 0.2765625 0.3546875 0.06875 0.046875
0 0.1765625 0.3375 0.0515625 0.05625
0 0.28984375 0.15078125 0.059375 0.0515625
0 0.04921875 0.29453125 0.05 0.0625
0 0.29921875 0.4609375 0.059375 0.053125
0 0.13984375 0.240625 0.046875 0.05625
0 0.1875 0.46015625 0.059375 0.053125
0 0.353125 0.209375 0.0484375 0.0625
0 0.0984375 0.396875 0.0484375 0.05625
0 0.34296875 0.290625 0.046875 0.059375
4 0.7578125 0.27109375 0.3640625 0.165625
0 0.41796875 0.821875 0.0671875 0.05625
0 0.0953125 0.83359375 0.071875 0.0578125
0 0.33515625 0.87734375 0.0875 0.0515625
0 0.20390625 0.87890625 0.1015625 0.05
0 0.05546875 0.76015625 0.0546875 0.0515625
0 0.09765625 0.7015625 0.053125 0.034375
0 0.16640625 0.66640625 0.0546875 0.0296875
0 0.25703125 0.6484375 0.05625 0.0265625
0 0.453125 0.76796875 0.0359375 0.0328125
0 0.2328125 0.803125 0.05625 0.03125
0 0.178125 0.778125 0.046875 0.0390625
0 0.30546875 0.80234375 0.0453125 0.028125
0 0.1703125 0.73203125 0.046875 0.034375
0 0.43359375 0.725 0.034375 0.028125
0 0.3375 0.665625 0.046875 0.0203125
0 0.2265625 0.703125 0.053125 0.0234375
0 0.39296875 0.69453125 0.040625 0.021875
0 0.34609375 0.76953125 0.0375 0.0296875
0 0.3359375 0.7296875 0.034375 0.028125
0 0.29609375 0.7015625 0.0359375 0.021875
0 0.25234375 0.7625 0.0296875 0.021875
0 0.25234375 0.734375 0.028125 0.0203125
0 0.284375 0.73515625 0.0265625 0.0171875
0 0.2859375 0.7609375 0.0265625 0.0203125
2 0.9203125 0.78671875 0.146875 0.10625
2 0.7546875 0.69921875 0.1046875 0.0875
2 0.6046875 0.70234375 0.14375 0.090625
2 0.73359375 0.79765625 0.0875 0.075
2 0.8765625 0.69375 0.090625 0.065625
2 0.55859375 0.80234375 0.090625 0.075