1 0.16640625 0.33125 0.13125 0.096875
1 0.3765625 0.33359375 0.1328125 0.09375
1 0.04765625 0.2609375 0.065625 0.06875
1 0.4515625 0.2546875 0.06875 0.05625
1 0.1078125 0.2046875 0.06875 0.034375
1 0.2046875 0.178125 0.065625 0.028125
1 0.38828125 0.1984375 0.059375 0.03125
1 0.3046875 0.1765625 0.05625 0.021875
2 0.88046875 0.33046875 0.1328125 0.090625
2 0.60625 0.2953125 0.134375 0.06875
2 0.78125 0.40625 0.0625 0.1390625
2 0.8234375 0.1390625 0.09375 0.125
2 0.65859375 0.37890625 0.10625 0.11875
2 0.61875 0.18984375 0.121875 0.08125
2 0.70390625 0.121875 0.0640625 0.1359375
2 0.88984375 0.22421875 0.1328125 0.0640625
5 0.2515625 0.73984375 0.4765625 0.128125
4 0.65234375 0.67734375 0.159375 0.115625
4 0.85703125 0.825 0.140625 0.125
4 0.83984375 0.6640625 0.165625 0.1296875
4 0.6671875 0.8296875 0.178125 0.11875