3 0.171875 0.36015625 0.103125 0.084375
3 0.1359375 0.27578125 0.08125 0.0625
3 0.175 0.1796875 0.0703125 0.0625
3 0.2375 0.2203125 0.0796875 0.053125
3 0.3203125 0.1625 0.084375 0.0484375
3 0.28828125 0.2890625 0.096875 0.08125
3 0.365625 0.2265625 0.071875 0.0625
3 0.2484375 0.12265625 0.0671875 0.05625
3 0.41640625 0.17578125 0.0640625 0.0546875
3 0.0921875 0.234375 0.08125 0.0625
1 0.9 0.24921875 0.115625 0.13125
1 0.759375 0.2578125 0.1140625 0.115625
1 0.6109375 0.25546875 0.1359375 0.11875
1 0.23984375 0.59453125 0.19375 0.146875
1 0.4 0.85234375 0.196875 0.221875
1 0.078125 0.8671875 0.15625 0.1765625
0 0.8171875 0.6640625 0.078125 0.028125
0 0.5625 0.9171875 0.0828125 0.040625
0 0.9 0.66640625 0.078125 0.025
0 0.66796875 0.91796875 0.078125 0.0375
0 0.565625 0.82578125 0.0890625 0.025
0 0.92421875 0.91328125 0.096875 0.04375
0 0.5703125 0.746875 0.08125 0.025
0 0.8171875 0.9125 0.1 0.0453125
0 0.8234375 0.74921875 0.06875 0.0328125
0 0.89921875 0.74765625 0.06875 0.034375
0 0.6640625 0.828125 0.0890625 0.025
0 0.81953125 0.58359375 0.0671875 0.01875
0 0.89375 0.58359375 0.065625 0.01875
0 0.64140625 0.58203125 0.05625 0.021875
0 0.58125 0.58359375 0.05625 0.021875
0 0.659375 0.74765625 0.078125 0.025
0 0.65390625 0.665625 0.071875 0.021875
0 0.571875 0.6640625 0.0671875 0.021875
0 0.8265625 0.82734375 0.08125 0.025
0 0.9109375 0.825 0.078125 0.025
0 0.85625 0.584375 0.140625 0.021875