5 0.24921875 0.2296875 0.4953125 0.4296875
1 0.71875 0.3359375 0.1140625 0.103125
1 0.57109375 0.3015625 0.1234375 0.09375
1 0.890625 0.3203125 0.1265625 0.11875
1 0.56640625 0.20546875 0.0875 0.0734375
1 0.665625 0.2109375 0.06875 0.065625
1 0.66328125 0.14453125 0.06875 0.0375
1 0.94609375 0.2390625 0.0890625 0.084375
1 0.77265625 0.1296875 0.06875 0.034375
1 0.75546875 0.24453125 0.084375 0.0640625
1 0.84921875 0.2109375 0.075 0.06875
1 0.74765625 0.17421875 0.0734375 0.0375
1 0.86796875 0.15625 0.075 0.046875
0 0.0453125 0.75234375 0.059375 0.053125
0 0.0984375 0.809375 0.0625 0.053125
0 0.1140625 0.67890625 0.0546875 0.05
0 0.275 0.5390625 0.0453125 0.03125
0 0.1671875 0.63046875 0.05 0.0375
0 0.1734375 0.86640625 0.0484375 0.046875
0 0.1765625 0.734375 0.05625 0.05
0 0.23984375 0.66796875 0.0484375 0.040625
0 0.2203125 0.58203125 0.046875 0.0375
0 0.2359375 0.909375 0.040625 0.0375
0 0.3453125 0.6765625 0.0421875 0.03125
0 0.29453125 0.728125 0.0375 0.0296875
0 0.234375 0.79765625 0.0390625 0.0359375
0 0.2921875 0.8453125 0.0375 0.0359375
0 0.3375 0.5765625 0.0375 0.0265625
0 0.4 0.72734375 0.034375 0.0328125
0 0.3921875 0.63046875 0.03125 0.0265625
0 0.31484375 0.925 0.0296875 0.028125
0 0.44453125 0.6796875 0.03125 0.025
0 0.3484375 0.78203125 0.0359375 0.03125
0 0.2921875 0.61640625 0.0421875 0.03125
0 0.42734375 0.8046875 0.0265625 0.0234375
0 0.475 0.7484375 0.025 0.025
0 0.3734375 0.865625 0.028125 0.025
1 0.75 0.74921875 0.41875 0.253125