3 0.35546875 0.13125 0.16875 0.0953125
3 0.15625 0.17265625 0.175 0.11875
3 0.34453125 0.29453125 0.2640625 0.20625
3 0.090625 0.334375 0.18125 0.1625
3 0.1921875 0.0984375 0.109375 0.0296875
1 0.871875 0.26875 0.2125 0.175
1 0.64609375 0.253125 0.1984375 0.16875
5 0.14765625 0.80703125 0.2125 0.353125
5 0.2515625 0.60546875 0.40625 0.2015625
5 0.35546875 0.80703125 0.20625 0.3515625
1 0.928125 0.74375 0.1125 0.075
1 0.83046875 0.79375 0.1125 0.08125
1 0.82734375 0.6890625 0.09375 0.05
1 0.7421875 0.8109375 0.040625 0.040625
1 0.8265625 0.74140625 0.0625 0.046875
1 0.73671875 0.68125 0.05625 0.034375
1 0.66328125 0.6796875 0.04375 0.028125
1 0.68515625 0.80078125 0.03125 0.0296875
1 0.6078125 0.703125 0.0375 0.021875
1 0.66015625 0.7078125 0.034375 0.025
1 0.790625 0.70859375 0.046875 0.028125
1 0.7609375 0.728125 0.040625 0.028125
1 0.559375 0.72421875 0.0328125 0.0234375
1 0.63671875 0.7875 0.03125 0.025
1 0.7078125 0.7203125 0.040625 0.028125
1 0.60703125 0.72578125 0.034375 0.021875
1 0.72578125 0.7015625 0.0359375 0.0203125
1 0.59296875 0.77890625 0.03125 0.025
1 0.74140625 0.7671875 0.0390625 0.028125
1 0.55 0.7609375 0.046875 0.028125
1 0.51953125 0.74375 0.0359375 0.021875
1 0.68203125 0.7671875 0.0390625 0.028125
1 0.64453125 0.73046875 0.025 0.01875
1 0.59296875 0.74609375 0.0265625 0.0203125
1 0.72109375 0.74375 0.028125 0.021875
1 0.63515625 0.75625 0.0265625 0.01875
1 0.6796875 0.73984375 0.025 0.0203125