5 0.2671875 0.265625 0.171875 0.203125
5 0.853125 0.32421875 0.184375 0.1203125
5 0.7625 0.18046875 0.06875 0.20625
5 0.66875 0.3234375 0.184375 0.121875
1 0.24921875 0.75703125 0.471875 0.21875
4 0.90625 0.60859375 0.065625 0.06875
4 0.7171875 0.64140625 0.0703125 0.059375
4 0.71875 0.53359375 0.059375 0.0625
4 0.8125 0.5484375 0.0609375 0.0625
4 0.63203125 0.7140625 0.0609375 0.06875
4 0.55625 0.63515625 0.059375 0.053125
4 0.71484375 0.95390625 0.065625 0.0625
4 0.828125 0.6578125 0.065625 0.06875
4 0.96328125 0.7125 0.0625 0.065625
4 0.746875 0.75703125 0.0703125 0.0625
4 0.66953125 0.8296875 0.06875 0.075
4 0.55546875 0.8453125 0.0578125 0.065625
4 0.79765625 0.85 0.065625 0.065625
4 0.5328125 0.7453125 0.05625 0.071875
4 0.89609375 0.8953125 0.0578125 0.075
4 0.61796875 0.915625 0.0609375 0.0625
4 0.62578125 0.57109375 0.059375 0.0671875
4 0.80703125 0.9515625 0.0625 0.059375
4 0.87109375 0.7515625 0.059375 0.0640625
4 0.9453125 0.8171875 0.059375 0.065625