0 0.2421875 0.27578125 0.084375 0.040625
0 0.32734375 0.3015625 0.0796875 0.0296875
0 0.3296875 0.2640625 0.071875 0.034375
0 0.21328125 0.31796875 0.05 0.034375
0 0.184375 0.2890625 0.0625 0.028125
0 0.284375 0.2921875 0.0875 0.046875
0 0.396875 0.28671875 0.0515625 0.015625
0 0.365625 0.284375 0.0640625 0.021875
5 0.74765625 0.253125 0.3703125 0.2734375
5 0.2453125 0.7421875 0.1828125 0.20625
1 0.90859375 0.68515625 0.1125 0.0796875
1 0.92109375 0.8078125 0.075 0.078125
1 0.96640625 0.8859375 0.0578125 0.05625
1 0.7875 0.7265625 0.08125 0.06875
1 0.703125 0.671875 0.09375 0.065625
1 0.71015625 0.70859375 0.0703125 0.059375
1 0.86953125 0.74453125 0.0671875 0.053125
1 0.90078125 0.865625 0.05625 0.046875
1 0.85859375 0.79140625 0.059375 0.0515625
1 0.60078125 0.7171875 0.0625 0.040625
1 0.70546875 0.75703125 0.0484375 0.046875
1 0.84140625 0.846875 0.05625 0.0453125
1 0.8 0.8359375 0.0453125 0.040625
1 0.6546875 0.74765625 0.04375 0.0375
1 0.6140625 0.7390625 0.046875 0.034375
1 0.76171875 0.82421875 0.046875 0.040625
1 0.5359375 0.74765625 0.0375 0.028125
1 0.64609375 0.78828125 0.0328125 0.03125
1 0.621875 0.7796875 0.03125 0.028125
1 0.7 0.803125 0.034375 0.03125
1 0.67109375 0.7953125 0.028125 0.028125
1 0.728125 0.81484375 0.03125 0.0265625
1 0.559375 0.75703125 0.028125 0.0234375
1 0.578125 0.76484375 0.025 0.025
1 0.5125 0.73984375 0.021875 0.028125
1 0.59765625 0.76953125 0.0359375 0.028125
1 0.7640625 0.778125 0.05625 0.0484375