5 0.26328125 0.25078125 0.2109375 0.1875
5 0.76953125 0.14765625 0.134375 0.221875
5 0.8953125 0.146875 0.140625 0.2203125
5 0.8328125 0.26953125 0.253125 0.128125
0 0.79375 0.21640625 0.021875 0.0125
0 0.85234375 0.215625 0.021875 0.0140625
0 0.86953125 0.17734375 0.0046875 0.034375
0 0.3828125 0.78828125 0.05 0.0296875
0 0.16953125 0.778125 0.0390625 0.0234375
0 0.403125 0.71015625 0.04375 0.021875
0 0.2765625 0.79140625 0.04375 0.04375
0 0.4125 0.82265625 0.05625 0.034375
0 0.18359375 0.8203125 0.046875 0.03125
0 0.14140625 0.7421875 0.0375 0.025
0 0.06953125 0.81171875 0.04375 0.03125
0 0.11953125 0.83203125 0.046875 0.028125
0 0.10703125 0.6703125 0.034375 0.015625
0 0.159375 0.6765625 0.04375 0.01875
0 0.034375 0.77890625 0.034375 0.0375
0 0.409375 0.7484375 0.0421875 0.021875
0 0.3765625 0.6734375 0.040625 0.01875
0 0.31953125 0.68046875 0.0359375 0.0171875
0 0.26796875 0.73828125 0.034375 0.028125
0 0.03046875 0.73203125 0.034375 0.028125
0 0.3484375 0.7015625 0.034375 0.01875
0 0.45625 0.78671875 0.0359375 0.034375
0 0.05859375 0.69453125 0.034375 0.021875
0 0.315625 0.72578125 0.03125 0.025
0 0.46875 0.75078125 0.034375 0.0265625
0 0.11171875 0.77890625 0.0390625 0.034375
0 0.31171875 0.76875 0.040625 0.034375
0 0.22578125 0.78046875 0.034375 0.034375
0 0.2078125 0.7 0.034375 0.025
0 0.425 0.6875 0.03125 0.01875
0 0.1921875 0.7375 0.021875 0.0265625
0 0.35390625 0.74453125 0.0375 0.025
0 0.28515625 0.70390625 0.0328125 0.0203125
0 0.45546875 0.7125 0.03125 0.021875
0 0.15390625 0.70703125 0.0375 0.015625
0 0.234375 0.73828125 0.021875 0.028125
0 0.1078125 0.7140625 0.025 0.021875
0 0.08046875 0.74609375 0.021875 0.0296875
0 0.33671875 0.8296875 0.059375 0.034375
5 0.74765625 0.75390625 0.375 0.21875