5 0.26328125 0.25859375 0.278125 0.1625
1 0.825 0.33046875 0.078125 0.0625
1 0.71328125 0.3328125 0.078125 0.059375
1 0.6828125 0.14296875 0.0625 0.03125
1 0.7875 0.13359375 0.065625 0.028125
1 0.60078125 0.1796875 0.0609375 0.0390625
1 0.61484375 0.2984375 0.071875 0.059375
1 0.571875 0.240625 0.053125 0.059375
1 0.9015625 0.28125 0.059375 0.059375
1 0.8828125 0.17265625 0.059375 0.0375
1 0.925 0.22265625 0.046875 0.05
5 0.26953125 0.76015625 0.2625 0.23125
5 0.76640625 0.81640625 0.409375 0.1265625
5 0.7828125 0.75390625 0.346875 0.0765625