4 0.24765625 0.2546875 0.371875 0.23125
1 0.7484375 0.25546875 0.475 0.346875
5 0.18359375 0.771875 0.065625 0.13125
5 0.06640625 0.77734375 0.05625 0.096875
5 0.346875 0.778125 0.09375 0.18125
5 0.10390625 0.7625 0.0421875 0.096875
5 0.24140625 0.75078125 0.0609375 0.1328125
5 0.421875 0.75234375 0.08125 0.18125
4 0.83203125 0.675 0.065625 0.0421875
4 0.75859375 0.63125 0.071875 0.034375
4 0.86953125 0.75 0.075 0.05
4 0.6390625 0.78671875 0.06875 0.05
4 0.6640625 0.6796875 0.0640625 0.05
4 0.61484375 0.70859375 0.0640625 0.0453125
4 0.9171875 0.7171875 0.0734375 0.0421875
4 0.5671875 0.734375 0.0640625 0.0453125
4 0.78984375 0.70078125 0.06875 0.04375
4 0.69453125 0.75703125 0.071875 0.05
4 0.71015625 0.65234375 0.0640625 0.0390625
4 0.734375 0.728125 0.071875 0.04375
4 0.8171875 0.7796875 0.0765625 0.05
4 0.76875 0.81640625 0.078125 0.053125
4 0.7203125 0.85 0.0875 0.0578125