1 0.25 0.27890625 0.39375 0.178125
1 0.571875 0.16328125 0.1125 0.078125
1 0.759375 0.2390625 0.10625 0.078125
1 0.8734375 0.07890625 0.103125 0.071875
1 0.7125 0.0375 0.1078125 0.0734375
1 0.9375 0.16953125 0.103125 0.071875
1 0.9328125 0.3015625 0.1125 0.0734375
1 0.565625 0.31328125 0.103125 0.078125
1 0.8515625 0.43359375 0.115625 0.08125
1 0.66484375 0.44296875 0.1125 0.084375
3 0.22109375 0.91875 0.1359375 0.0890625
3 0.33515625 0.72109375 0.109375 0.1125
3 0.36171875 0.8953125 0.1 0.109375
3 0.25 0.79765625 0.10625 0.096875
3 0.2078125 0.565625 0.109375 0.071875
3 0.0859375 0.6390625 0.0921875 0.1
3 0.334375 0.5796875 0.10625 0.0734375
3 0.2578125 0.65546875 0.09375 0.084375
3 0.096875 0.81875 0.1 0.103125
3 0.43046875 0.65546875 0.0890625 0.090625
3 0.43125 0.778125 0.125 0.090625
3 0.15546875 0.72265625 0.090625 0.115625
3 0.21875 0.909375 0.05 0.021875
4 0.7859375 0.81875 0.0765625 0.09375
4 0.6796875 0.815625 0.065625 0.103125
4 0.8828125 0.82421875 0.090625 0.084375
4 0.55859375 0.81484375 0.08125 0.0875
4 0.8359375 0.7375 0.0640625 0.0640625
4 0.925 0.74375 0.071875 0.06875
4 0.5625 0.74296875 0.078125 0.0609375
4 0.72578125 0.740625 0.0578125 0.0625
4 0.575 0.6640625 0.065625 0.0484375
4 0.6515625 0.740625 0.0734375 0.059375
4 0.759375 0.69140625 0.071875 0.0578125
4 0.94375 0.69765625 0.078125 0.05625
4 0.959375 0.6625 0.06875 0.05
4 0.79609375 0.65703125 0.065625 0.05
4 0.72109375 0.6578125 0.06875 0.04375
4 0.87890625 0.66171875 0.06875 0.04375
4 0.64765625 0.659375 0.0625 0.04375
4 0.590625 0.7 0.05 0.059375
4 0.6671875 0.69453125 0.075 0.04375
4 0.85859375 0.6953125 0.0625 0.0546875