5 0.25 0.23203125 0.475 0.203125
5 0.7765625 0.24140625 0.303125 0.215625
5 0.26015625 0.7546875 0.18125 0.103125
4 0.5859375 0.60078125 0.078125 0.075
4 0.79765625 0.559375 0.0765625 0.071875
4 0.69296875 0.559375 0.065625 0.059375
4 0.9046875 0.5921875 0.0609375 0.0625
4 0.625 0.728125 0.08125 0.071875
4 0.546875 0.825 0.071875 0.08125
4 0.68515625 0.66171875 0.065625 0.065625
4 0.646875 0.81875 0.078125 0.0828125
4 0.8421875 0.9265625 0.075 0.078125
4 0.63984375 0.915625 0.08125 0.065625
4 0.9203125 0.875 0.065625 0.0703125
4 0.93828125 0.67109375 0.078125 0.0671875
4 0.75 0.853125 0.075 0.075
4 0.7421875 0.9546875 0.071875 0.05625
4 0.78359375 0.65078125 0.065625 0.0625
4 0.9703125 0.7625 0.05 0.05625
4 0.846875 0.68125 0.0625 0.040625
4 0.875 0.759375 0.05625 0.053125
4 0.8265625 0.821875 0.0625 0.053125
4 0.528125 0.7078125 0.046875 0.06875