3 0.25 0.24921875 0.434375 0.15
4 0.75234375 0.2671875 0.39375 0.19375
5 0.24765625 0.7546875 0.24375 0.13125
0 0.740625 0.76875 0.053125 0.0375
0 0.74296875 0.87890625 0.065625 0.0515625
0 0.675 0.825 0.059375 0.04375
0 0.80859375 0.815625 0.065625 0.046875
0 0.878125 0.7671875 0.0515625 0.0359375
0 0.553125 0.72109375 0.0375 0.028125
0 0.6234375 0.7859375 0.0390625 0.028125
0 0.65703125 0.7015625 0.040625 0.028125
0 0.6171875 0.66640625 0.0359375 0.025
0 0.92265625 0.72421875 0.034375 0.021875
0 0.58984375 0.75390625 0.0421875 0.028125
0 0.80390625 0.7203125 0.0375 0.025
0 0.69453125 0.7328125 0.0375 0.021875
0 0.75078125 0.68984375 0.040625 0.025
0 0.6703125 0.62890625 0.0265625 0.015625
0 0.85859375 0.6859375 0.03125 0.0234375
0 0.92421875 0.659375 0.021875 0.015625
0 0.728125 0.60703125 0.021875 0.015625
0 0.70625 0.65546875 0.028125 0.01875
0 0.796875 0.58671875 0.021875 0.0140625
0 0.8765625 0.6328125 0.01875 0.0140625
0 0.8359375 0.60859375 0.01875 0.0140625
0 0.775 0.63671875 0.025 0.0171875
0 0.815625 0.659375 0.021875 0.015625