4 0.25078125 0.246875 0.475 0.2625
4 0.875 0.28125 0.2265625 0.146875
4 0.62578125 0.265625 0.228125 0.13125
3 0.1234375 0.7484375 0.228125 0.1484375
3 0.3671875 0.75 0.246875 0.146875
0 0.86640625 0.5578125 0.225 0.084375
0 0.63203125 0.55625 0.21875 0.0890625
0 0.634375 0.6484375 0.225 0.08125
0 0.884375 0.64453125 0.178125 0.090625
0 0.68671875 0.81171875 0.065625 0.1484375
0 0.5546875 0.8 0.071875 0.175
0 0.8109375 0.74296875 0.0859375 0.04375
0 0.921875 0.7453125 0.096875 0.046875
0 0.61875 0.796875 0.0671875 0.178125
0 0.92265625 0.80390625 0.096875 0.0421875
0 0.92265625 0.85625 0.09375 0.04375
0 0.81328125 0.8546875 0.09375 0.0421875
0 0.80859375 0.8 0.08125 0.04375
0 0.771875 0.94375 0.034375 0.0625
0 0.95859375 0.94375 0.03125 0.0625
0 0.5421875 0.94375 0.03125 0.0640625
0 0.8265625 0.94453125 0.03125 0.0625
0 0.7234375 0.9453125 0.028125 0.0609375
0 0.678125 0.94375 0.03125 0.0625
0 0.58984375 0.94375 0.03125 0.059375
0 0.875 0.94375 0.03125 0.0625
0 0.6328125 0.94453125 0.028125 0.059375
0 0.91484375 0.94375 0.03125 0.0625