2 0.32890625 0.340625 0.121875 0.053125
2 0.44765625 0.30625 0.090625 0.040625
2 0.2546875 0.32734375 0.1015625 0.040625
2 0.384375 0.29140625 0.0875 0.034375
2 0.20859375 0.309375 0.0984375 0.0375
2 0.3375 0.28125 0.078125 0.0296875
2 0.28671875 0.271875 0.078125 0.028125
2 0.1671875 0.296875 0.0875 0.028125
2 0.24609375 0.26484375 0.053125 0.0234375
2 0.221875 0.259375 0.0578125 0.0234375
2 0.1078125 0.2796875 0.0625 0.025
2 0.0328125 0.2546875 0.0578125 0.0203125
2 0.059375 0.2671875 0.0578125 0.021875
2 0.19296875 0.25390625 0.053125 0.021875
2 0.08515625 0.27109375 0.059375 0.025
2 0.13984375 0.28671875 0.0875 0.028125
2 0.13828125 0.24375 0.05 0.01875
2 0.17109375 0.2484375 0.046875 0.01875
2 0.040625 0.26328125 0.0484375 0.01875
2 0.15 0.2453125 0.03125 0.015625
1 0.75 0.22734375 0.415625 0.359375
0 0.1234375 0.80625 0.190625 0.0578125
0 0.128125 0.746875 0.1734375 0.046875
0 0.28828125 0.646875 0.04375 0.06875
0 0.27734375 0.87421875 0.053125 0.0890625
0 0.20703125 0.8453125 0.090625 0.059375
0 0.384375 0.6859375 0.0796875 0.046875
0 0.4171875 0.75625 0.109375 0.03125
0 0.3390625 0.6625 0.0453125 0.065625
0 0.2390625 0.6546875 0.040625 0.06875
0 0.4078125 0.79375 0.09375 0.05
0 0.19921875 0.6625 0.078125 0.090625
0 0.1703125 0.68828125 0.103125 0.0875
0 0.3390625 0.8625 0.05 0.084375
0 0.38125 0.825 0.0625 0.05625
0 0.4046875 0.71953125 0.103125 0.03125
2 0.84375 0.8328125 0.203125 0.103125
2 0.634375 0.75703125 0.228125 0.0984375
2 0.7140625 0.6875 0.1875 0.134375
2 0.840625 0.6671875 0.134375 0.10625
2 0.928125 0.778125 0.078125 0.075
2 0.85 0.7734375 0.078125 0.06875