2 0.078125 0.37890625 0.1125 0.125
2 0.2 0.37734375 0.1 0.1265625
2 0.4203125 0.3796875 0.1125 0.1296875
2 0.36015625 0.22109375 0.0796875 0.1
2 0.34453125 0.0890625 0.071875 0.08125
2 0.3140625 0.37578125 0.08125 0.128125
2 0.153125 0.0890625 0.05625 0.08125
2 0.134375 0.22265625 0.0625 0.0984375
2 0.2796875 0.22109375 0.053125 0.1
2 0.20625 0.221875 0.053125 0.1
2 0.21796875 0.0890625 0.05625 0.0796875
2 0.278125 0.0890625 0.040625 0.0796875
0 0.9109375 0.3296875 0.065625 0.059375
0 0.80546875 0.371875 0.06875 0.0640625
0 0.675 0.35234375 0.0796875 0.05625
0 0.58828125 0.30078125 0.0625 0.059375
0 0.94609375 0.2546875 0.046875 0.0484375
0 0.790625 0.27578125 0.065625 0.05
0 0.5921875 0.1734375 0.05 0.0359375
0 0.5421875 0.23984375 0.05 0.05
0 0.6484375 0.13125 0.0375 0.0265625
0 0.6890625 0.2578125 0.059375 0.05
0 0.9265625 0.19375 0.0421875 0.034375
0 0.71171875 0.1125 0.0359375 0.021875
0 0.8609375 0.14765625 0.04375 0.0296875
0 0.75234375 0.2015625 0.05 0.04375
0 0.78984375 0.1203125 0.034375 0.0234375
0 0.821875 0.178125 0.040625 0.0375
0 0.84453125 0.23203125 0.0375 0.046875
0 0.70390625 0.16171875 0.046875 0.028125
0 0.65078125 0.2109375 0.040625 0.040625
0 0.771875 0.153125 0.046875 0.028125
5 0.27109375 0.74375 0.43125 0.471875
3 0.75 0.75625 0.48125 0.103125