1 0.24296875 0.31875 0.15 0.1265625
1 0.38828125 0.2578125 0.1234375 0.1
1 0.12578125 0.2390625 0.1046875 0.0921875
1 0.05078125 0.19375 0.0875 0.0671875
1 0.26796875 0.20625 0.10625 0.071875
1 0.11640625 0.13984375 0.059375 0.0421875
1 0.359375 0.14765625 0.075 0.053125
1 0.1875 0.1546875 0.075 0.059375
1 0.44453125 0.17109375 0.0953125 0.05625
1 0.278125 0.1421875 0.078125 0.05
1 0.74921875 0.24921875 0.484375 0.228125
2 0.1546875 0.75 0.234375 0.196875
2 0.34921875 0.7484375 0.234375 0.221875
1 0.60625 0.64140625 0.115625 0.125
1 0.575 0.81875 0.103125 0.140625
1 0.7640625 0.58515625 0.125 0.09375
1 0.9265625 0.703125 0.1 0.125
1 0.71171875 0.9140625 0.11875 0.09375
1 0.8609375 0.8671875 0.103125 0.10625