1 0.24921875 0.31875 0.121875 0.103125
1 0.1046875 0.27578125 0.109375 0.09375
1 0.43515625 0.284375 0.10625 0.09375
1 0.2125 0.2078125 0.09375 0.06875
1 0.05703125 0.196875 0.09375 0.065625
1 0.4328125 0.196875 0.071875 0.059375
1 0.31875 0.22109375 0.0875 0.06875
1 0.12578125 0.15 0.0734375 0.053125
1 0.24296875 0.14921875 0.075 0.0515625
1 0.33671875 0.1578125 0.06875 0.053125
5 0.76953125 0.25234375 0.1921875 0.1515625
0 0.2625 0.74765625 0.38125 0.2875
1 0.778125 0.78046875 0.1 0.059375
1 0.5609375 0.75234375 0.071875 0.04375
1 0.59453125 0.77421875 0.084375 0.065625
1 0.92578125 0.75 0.0875 0.059375
1 0.67109375 0.74375 0.06875 0.0390625
1 0.83828125 0.72265625 0.0625 0.040625
1 0.86328125 0.7359375 0.0734375 0.05
1 0.63984375 0.728125 0.0578125 0.0328125
1 0.75390625 0.725 0.059375 0.028125
1 0.74296875 0.7484375 0.0734375 0.0484375