5 0.26640625 0.31640625 0.409375 0.1265625
5 0.2828125 0.25390625 0.346875 0.0765625
5 0.7515625 0.246875 0.2046875 0.121875
5 0.24921875 0.7484375 0.14375 0.1234375
4 0.83359375 0.75390625 0.1125 0.08125
4 0.58203125 0.71796875 0.0984375 0.06875
4 0.65546875 0.66796875 0.1125 0.06875
4 0.853125 0.66640625 0.1 0.071875
4 0.62578125 0.82421875 0.1109375 0.084375
4 0.76328125 0.82421875 0.10625 0.075
4 0.925 0.7140625 0.0890625 0.059375
4 0.89765625 0.82734375 0.103125 0.0765625
4 0.68359375 0.7484375 0.1171875 0.08125
4 0.76015625 0.69765625 0.0875 0.071875