4 0.0875 0.28046875 0.15625 0.084375
4 0.41328125 0.26328125 0.1546875 0.11875
4 0.25 0.26953125 0.1625 0.1015625
3 0.7109375 0.346875 0.303125 0.184375
3 0.859375 0.17734375 0.24375 0.1203125
3 0.6328125 0.13359375 0.209375 0.0984375
2 0.3 0.83359375 0.28125 0.246875
2 0.19375 0.6671875 0.2765625 0.296875
4 0.76171875 0.73828125 0.10625 0.10625
4 0.90859375 0.77890625 0.0796875 0.065625
4 0.8703125 0.6890625 0.0890625 0.0875
4 0.59921875 0.72734375 0.0921875 0.0953125
4 0.8265625 0.8390625 0.0921875 0.078125
4 0.60234375 0.8296875 0.075 0.0625
4 0.68046875 0.77890625 0.075 0.0734375
4 0.721875 0.87734375 0.0828125 0.078125
4 0.771875 0.6265625 0.090625 0.0765625
4 0.6625 0.64296875 0.071875 0.075