1 0.25546875 0.24140625 0.128125 0.10625
1 0.41796875 0.196875 0.1375 0.121875
1 0.084375 0.30390625 0.1453125 0.11875
5 0.75 0.23203125 0.475 0.203125
3 0.328125 0.72265625 0.171875 0.103125
3 0.34140625 0.86875 0.16875 0.1203125
3 0.1609375 0.64375 0.1140625 0.1875
3 0.31953125 0.60234375 0.15 0.090625
3 0.16796875 0.79921875 0.153125 0.0875
3 0.16953125 0.90234375 0.146875 0.096875
0 0.54921875 0.71171875 0.059375 0.046875
0 0.84140625 0.54453125 0.0453125 0.03125
0 0.7828125 0.57578125 0.046875 0.034375
0 0.63984375 0.66015625 0.05625 0.04375
0 0.60546875 0.7828125 0.059375 0.05
0 0.6875 0.7265625 0.0625 0.0484375
0 0.753125 0.67890625 0.053125 0.040625
0 0.65625 0.8390625 0.0546875 0.04375
0 0.70546875 0.896875 0.046875 0.040625
0 0.87890625 0.603125 0.040625 0.03125
0 0.95703125 0.7125 0.034375 0.03125
0 0.8203125 0.640625 0.04375 0.0328125
0 0.7953125 0.74140625 0.046875 0.0375
0 0.9171875 0.65625 0.0375 0.028125
0 0.77265625 0.93046875 0.0328125 0.0296875
0 0.7296875 0.78671875 0.04375 0.034375
0 0.846875 0.8765625 0.03125 0.028125
0 0.86015625 0.696875 0.040625 0.028125
0 0.7796875 0.8390625 0.0375 0.034375
0 0.83984375 0.7921875 0.0375 0.0328125
0 0.90625 0.83125 0.03125 0.0265625
0 0.903125 0.75078125 0.034375 0.03125
0 0.95859375 0.78515625 0.028125 0.025
0 0.7078125 0.615625 0.053125 0.0390625