2 0.2953125 0.309375 0.153125 0.109375
2 0.22578125 0.196875 0.084375 0.0671875
2 0.31640625 0.1640625 0.09375 0.046875
2 0.11796875 0.240625 0.128125 0.078125
2 0.3765625 0.20390625 0.11875 0.059375
2 0.17890625 0.2890625 0.1359375 0.0921875
2 0.11796875 0.184375 0.103125 0.053125
2 0.2921875 0.23125 0.109375 0.071875
2 0.196875 0.15625 0.08125 0.040625
2 0.40390625 0.2765625 0.109375 0.096875
0 0.7421875 0.290625 0.075 0.04375
0 0.54453125 0.22734375 0.0515625 0.0265625
0 0.84453125 0.3234375 0.084375 0.0515625
0 0.65703125 0.2671875 0.0609375 0.0359375
0 0.88359375 0.28046875 0.0703125 0.0375
0 0.6671875 0.21796875 0.0546875 0.0265625
0 0.60390625 0.2453125 0.053125 0.0328125
0 0.85546875 0.2265625 0.05 0.025
0 0.60390625 0.209375 0.040625 0.01875
0 0.66953125 0.1859375 0.0296875 0.0203125
0 0.9671875 0.1859375 0.0265625 0.015625
0 0.78515625 0.21484375 0.046875 0.0203125
0 0.94609375 0.20703125 0.034375 0.0203125
0 0.928125 0.240625 0.040625 0.021875
0 0.8015625 0.2578125 0.071875 0.034375
0 0.7234375 0.2390625 0.0484375 0.0265625
0 0.73046875 0.171875 0.03125 0.0125
0 0.8875 0.2015625 0.034375 0.021875
0 0.7921875 0.15234375 0.021875 0.0109375
0 0.8453125 0.165625 0.0234375 0.0125
0 0.82265625 0.18984375 0.0359375 0.015625
0 0.728125 0.2 0.0359375 0.0203125
0 0.909375 0.1765625 0.025 0.015625
0 0.7765625 0.1796875 0.034375 0.015625
5 0.221875 0.7546875 0.2390625 0.153125
0 0.74765625 0.74921875 0.4125 0.4671875