3 0.12890625 0.25859375 0.228125 0.1
3 0.365625 0.2578125 0.2375 0.096875
0 0.6234375 0.30625 0.190625 0.0578125
0 0.628125 0.246875 0.1734375 0.046875
0 0.78828125 0.146875 0.04375 0.06875
0 0.77734375 0.37421875 0.053125 0.0890625
0 0.70703125 0.3453125 0.090625 0.059375
0 0.884375 0.1859375 0.0796875 0.046875
0 0.9171875 0.25625 0.109375 0.03125
0 0.8390625 0.1625 0.0453125 0.065625
0 0.7390625 0.1546875 0.040625 0.06875
0 0.9078125 0.29375 0.09375 0.05
0 0.69921875 0.1625 0.078125 0.090625
0 0.6703125 0.18828125 0.103125 0.0875
0 0.8390625 0.3625 0.05 0.084375
0 0.88125 0.325 0.0625 0.05625
0 0.9046875 0.21953125 0.103125 0.03125
5 0.24609375 0.765625 0.246875 0.1578125
2 0.62734375 0.76640625 0.103125 0.0703125
2 0.6046875 0.7 0.08125 0.065625
2 0.775 0.753125 0.0828125 0.090625
2 0.7484375 0.66796875 0.0765625 0.0578125
2 0.86953125 0.74375 0.090625 0.075
2 0.67109375 0.66796875 0.0859375 0.065625
2 0.69296875 0.8109375 0.1125 0.065625
2 0.68671875 0.721875 0.078125 0.0734375
2 0.8203125 0.69375 0.06875 0.06875
2 0.8328125 0.81015625 0.109375 0.084375