5 0.259375 0.25703125 0.234375 0.215625
1 0.553125 0.27578125 0.046875 0.04375
1 0.940625 0.275 0.0578125 0.053125
1 0.8421875 0.275 0.05625 0.04375
1 0.87578125 0.2328125 0.059375 0.0359375
1 0.6890625 0.2109375 0.053125 0.0265625
1 0.6328125 0.27890625 0.0515625 0.0375
1 0.603125 0.234375 0.05625 0.0296875
1 0.78828125 0.2109375 0.05625 0.01875
1 0.78203125 0.2359375 0.0625 0.03125
1 0.69296875 0.2421875 0.0609375 0.03125
1 0.25 0.70390625 0.1328125 0.065625
1 0.1984375 0.809375 0.234375 0.125
1 0.0921875 0.7546875 0.121875 0.09375
1 0.3984375 0.7203125 0.0875 0.06875
1 0.4125 0.77578125 0.13125 0.115625
1 0.63984375 0.77578125 0.240625 0.2
1 0.878125 0.73671875 0.20625 0.134375