1 0.13515625 0.10859375 0.10625 0.09375
1 0.29375 0.0703125 0.11875 0.09375
1 0.41328125 0.16953125 0.103125 0.10625
1 0.14375 0.40234375 0.125 0.109375
1 0.43515625 0.328125 0.0875 0.121875
1 0.309375 0.41796875 0.115625 0.109375
1 0.06640625 0.2421875 0.0875 0.115625
1 0.30625 0.2796875 0.090625 0.11875
1 0.20390625 0.2328125 0.10625 0.115625
2 0.82578125 0.12578125 0.121875 0.096875
2 0.62734375 0.25 0.15 0.084375
2 0.709375 0.12109375 0.115625 0.0875
2 0.81953125 0.30703125 0.1671875 0.096875
2 0.7546875 0.2046875 0.121875 0.09375
2 0.6484375 0.36015625 0.1640625 0.125
2 0.87734375 0.2140625 0.128125 0.103125
2 0.625 0.16328125 0.11875 0.078125
1 0.428125 0.74375 0.1125 0.075
1 0.33046875 0.79375 0.1125 0.08125
1 0.32734375 0.6890625 0.09375 0.05
1 0.2421875 0.8109375 0.040625 0.040625
1 0.3265625 0.74140625 0.0625 0.046875
1 0.23671875 0.68125 0.05625 0.034375
1 0.16328125 0.6796875 0.04375 0.028125
1 0.18515625 0.80078125 0.03125 0.0296875
1 0.1078125 0.703125 0.0375 0.021875
1 0.16015625 0.7078125 0.034375 0.025
1 0.290625 0.70859375 0.046875 0.028125
1 0.2609375 0.728125 0.040625 0.028125
1 0.059375 0.72421875 0.0328125 0.0234375
1 0.13671875 0.7875 0.03125 0.025
1 0.2078125 0.7203125 0.040625 0.028125
1 0.10703125 0.72578125 0.034375 0.021875
1 0.22578125 0.7015625 0.0359375 0.0203125
1 0.09296875 0.77890625 0.03125 0.025
1 0.24140625 0.7671875 0.0390625 0.028125
1 0.05 0.7609375 0.046875 0.028125
1 0.01953125 0.74375 0.0359375 0.021875
1 0.18203125 0.7671875 0.0390625 0.028125
1 0.14453125 0.73046875 0.025 0.01875
1 0.09296875 0.74609375 0.0265625 0.0203125
1 0.22109375 0.74375 0.028125 0.021875
1 0.13515625 0.75625 0.0265625 0.01875
1 0.1796875 0.73984375 0.025 0.0203125
0 0.74921875 0.7375 0.471875 0.30625