5 0.24921875 0.25703125 0.409375 0.171875
2 0.59375 0.3453125 0.1125 0.10625
2 0.9 0.32265625 0.096875 0.078125
2 0.56875 0.21875 0.115625 0.071875
2 0.834375 0.396875 0.0953125 0.103125
2 0.6421875 0.11640625 0.109375 0.1
2 0.74140625 0.259375 0.0875 0.09375
2 0.8578125 0.128125 0.0921875 0.11875
2 0.71328125 0.4203125 0.075 0.1171875
2 0.7453125 0.0890625 0.05625 0.10625
2 0.928125 0.2125 0.125 0.084375
5 0.246875 0.64609375 0.3625 0.0515625
5 0.24765625 0.79921875 0.3625 0.15625
5 0.76796875 0.7484375 0.321875 0.2375