5 0.2453125 0.30546875 0.4375 0.30625
1 0.6578125 0.05390625 0.09375 0.075
1 0.928125 0.13359375 0.071875 0.078125
1 0.54375 0.171875 0.071875 0.09375
1 0.96328125 0.29921875 0.0578125 0.090625
1 0.8234375 0.0328125 0.0859375 0.0515625
1 0.55703125 0.3515625 0.08125 0.1
1 0.85234375 0.4265625 0.090625 0.078125
1 0.6921875 0.453125 0.090625 0.065625
1 0.06328125 0.7453125 0.090625 0.034375
1 0.05546875 0.80234375 0.090625 0.0421875
1 0.32109375 0.790625 0.103125 0.0375
1 0.2 0.746875 0.0828125 0.03125
1 0.18515625 0.78984375 0.0890625 0.0359375
1 0.3203125 0.74609375 0.075 0.028125
1 0.43984375 0.74609375 0.075 0.028125
1 0.44453125 0.78984375 0.096875 0.0390625
1 0.65625 0.784375 0.125 0.071875
1 0.56875 0.7484375 0.065625 0.05625
1 0.8375 0.7921875 0.1328125 0.071875
1 0.7 0.69375 0.06875 0.03125
1 0.74453125 0.73125 0.0890625 0.040625
1 0.78828125 0.69375 0.0796875 0.03125
1 0.93515625 0.75 0.08125 0.06875
1 0.86875 0.71484375 0.065625 0.0375
1 0.61328125 0.7109375 0.0734375 0.040625