2 0.12421875 0.2875 0.1625 0.0796875
2 0.35234375 0.25546875 0.171875 0.096875
2 0.315625 0.33359375 0.2109375 0.1171875
2 0.2 0.24296875 0.1265625 0.0921875
2 0.19921875 0.19140625 0.14375 0.053125
4 0.84140625 0.14296875 0.096875 0.0875
4 0.5953125 0.209375 0.08125 0.0734375
4 0.75078125 0.196875 0.084375 0.08125
4 0.68125 0.27421875 0.0984375 0.08125
4 0.89453125 0.221875 0.08125 0.06875
4 0.63828125 0.36640625 0.084375 0.0703125
4 0.74296875 0.36796875 0.08125 0.065625
4 0.80625 0.2875 0.09375 0.075
4 0.65390625 0.1375 0.109375 0.0859375
4 0.8421875 0.3734375 0.078125 0.065625
1 0.24453125 0.7640625 0.103125 0.059375
1 0.43203125 0.796875 0.103125 0.04375
1 0.1359375 0.78203125 0.08125 0.040625
1 0.33984375 0.77421875 0.109375 0.04375
1 0.04921875 0.79140625 0.08125 0.046875
1 0.34296875 0.8 0.071875 0.034375
1 0.1421875 0.80703125 0.075 0.0296875
1 0.24140625 0.80078125 0.0703125 0.025
1 0.04921875 0.83359375 0.0625 0.028125
1 0.09453125 0.834375 0.0515625 0.025
2 0.13359375 0.88125 0.0375 0.01875
2 0.35703125 0.89140625 0.028125 0.01875
2 0.4328125 0.85 0.046875 0.021875
1 0.415625 0.8265625 0.053125 0.01875
2 0.14609375 0.86171875 0.03125 0.0171875
2 0.06796875 0.85859375 0.0484375 0.0234375
2 0.090625 0.8734375 0.025 0.0125
2 0.29609375 0.878125 0.028125 0.015625
1 0.1765625 0.81875 0.053125 0.0203125
2 0.2328125 0.8765625 0.0375 0.015625
2 0.27109375 0.85625 0.046875 0.01875
2 0.33671875 0.87109375 0.0234375 0.015625
1 0.1515625 0.84140625 0.0609375 0.0265625
2 0.21875 0.84140625 0.040625 0.01875
2 0.3578125 0.85703125 0.04375 0.0234375
2 0.41640625 0.8890625 0.0359375 0.0203125
1 0.3265625 0.82265625 0.0578125 0.01875
2 0.20234375 0.859375 0.034375 0.0125
2 0.43828125 0.87421875 0.046875 0.0234375
1 0.2796875 0.8375 0.0625 0.021875
2 0.365625 0.83984375 0.0421875 0.01875
1 0.2453125 0.8203125 0.046875 0.01875
2 0.1796875 0.89375 0.0359375 0.015625
2 0.26015625 0.89609375 0.028125 0.015625
1 0.75546875 0.74140625 0.128125 0.10625
1 0.91796875 0.696875 0.1375 0.121875
1 0.584375 0.80390625 0.1453125 0.11875