4 0.2625 0.2625 0.35 0.265625
1 0.596875 0.33515625 0.175 0.1546875
1 0.69453125 0.13046875 0.096875 0.0390625
1 0.59765625 0.2125 0.08125 0.0625
1 0.7328125 0.2828125 0.084375 0.075
1 0.92109375 0.20234375 0.1375 0.084375
1 0.83203125 0.10390625 0.125 0.034375
1 0.85078125 0.28515625 0.071875 0.065625
1 0.69453125 0.22109375 0.059375 0.0515625
1 0.75234375 0.159375 0.065625 0.03125
1 0.8015625 0.184375 0.04375 0.034375
1 0.803125 0.22890625 0.0625 0.046875
1 0.840625 0.1484375 0.05 0.025
1 0.903125 0.134375 0.053125 0.015625
4 0.246875 0.74921875 0.284375 0.2171875
5 0.7375 0.76015625 0.125 0.121875