5 0.25078125 0.25234375 0.1828125 0.1625
2 0.60703125 0.32109375 0.1875 0.190625
2 0.9109375 0.16953125 0.1484375 0.1203125
2 0.73359375 0.2578125 0.1875 0.1625
2 0.821875 0.2125 0.1625 0.1375
1 0.2390625 0.5546875 0.11875 0.078125
1 0.10703125 0.62578125 0.1015625 0.1078125
1 0.35703125 0.58671875 0.075 0.071875
1 0.05859375 0.74609375 0.078125 0.084375
1 0.43046875 0.671875 0.06875 0.0875
1 0.3 0.68828125 0.08125 0.0890625
1 0.19453125 0.68671875 0.0828125 0.071875
1 0.2515625 0.7703125 0.075 0.0828125
1 0.39140625 0.87421875 0.0625 0.0703125
1 0.09140625 0.86640625 0.0765625 0.0875
1 0.44296875 0.790625 0.0625 0.075
1 0.3078125 0.81484375 0.084375 0.065625
1 0.18203125 0.8203125 0.078125 0.071875
1 0.1984375 0.9375 0.0875 0.0671875
1 0.3015625 0.93671875 0.0625 0.059375
1 0.75859375 0.728125 0.4234375 0.2125