2 0.090625 0.13828125 0.153125 0.078125
1 0.2578125 0.134375 0.15 0.0875
1 0.4140625 0.1390625 0.15 0.078125
1 0.08828125 0.246875 0.103125 0.065625
1 0.20390625 0.24375 0.103125 0.0640625
2 0.315625 0.24140625 0.103125 0.0640625
2 0.43125 0.2515625 0.10625 0.065625
0 0.2578125 0.33984375 0.0875 0.059375
0 0.15703125 0.33828125 0.0875 0.0609375
0 0.35546875 0.340625 0.0875 0.0625
1 0.8546875 0.315625 0.075 0.05625
1 0.6296875 0.309375 0.065625 0.046875
1 0.7375 0.33671875 0.08125 0.05625
1 0.66875 0.15390625 0.05 0.03125
1 0.59765625 0.19296875 0.05 0.0375
1 0.58359375 0.246875 0.040625 0.046875
1 0.92890625 0.2671875 0.05 0.05
1 0.85546875 0.16484375 0.05625 0.034375
1 0.76640625 0.14296875 0.0578125 0.0171875
1 0.91875 0.20859375 0.05 0.046875
3 0.24375 0.75078125 0.28125 0.196875
2 0.603125 0.84375 0.1359375 0.06875
2 0.75390625 0.89453125 0.14375 0.0765625
2 0.78359375 0.5875 0.109375 0.0453125
2 0.79375 0.834375 0.134375 0.0734375
2 0.92421875 0.62265625 0.1078125 0.04375
2 0.68359375 0.7296875 0.128125 0.065625
2 0.64296875 0.7859375 0.13125 0.065625
2 0.83515625 0.7734375 0.134375 0.075
2 0.7125 0.6765625 0.115625 0.0625
2 0.75078125 0.6296875 0.1109375 0.0484375
2 0.896875 0.66484375 0.11875 0.05625
2 0.86640625 0.71171875 0.1234375 0.0625