4 0.2546875 0.1796875 0.06875 0.121875
4 0.140625 0.17421875 0.078125 0.159375
4 0.36953125 0.340625 0.075 0.1390625
4 0.36015625 0.184375 0.05625 0.109375
4 0.26015625 0.33984375 0.0734375 0.121875
4 0.15390625 0.34375 0.071875 0.121875
4 0.87109375 0.15234375 0.11875 0.1046875
4 0.7484375 0.25859375 0.115625 0.1015625
4 0.6109375 0.33203125 0.1125 0.0984375
4 0.8828125 0.33671875 0.1140625 0.1
4 0.62109375 0.16015625 0.1046875 0.1140625
5 0.26796875 0.77265625 0.246875 0.1625
1 0.7578125 0.75390625 0.390625 0.4453125