5 0.2890625 0.2609375 0.275 0.165625
1 0.9203125 0.384375 0.05 0.059375
1 0.6171875 0.1078125 0.059375 0.04375
1 0.54921875 0.18125 0.05625 0.0453125
1 0.95 0.28828125 0.0578125 0.065625
1 0.8296875 0.2265625 0.0625 0.0546875
1 0.80625 0.32578125 0.053125 0.053125
1 0.74453125 0.2875 0.059375 0.053125
1 0.6671875 0.1375 0.059375 0.046875
1 0.89375 0.2578125 0.0640625 0.059375
1 0.86328125 0.3625 0.046875 0.0453125
1 0.6890625 0.2640625 0.053125 0.046875
1 0.7234375 0.1640625 0.0625 0.05
1 0.6390625 0.23359375 0.05625 0.0421875
1 0.7734375 0.19296875 0.059375 0.0515625
1 0.5921875 0.21328125 0.04375 0.040625
1 0.24453125 0.72421875 0.4234375 0.2875
5 0.8125 0.79453125 0.171875 0.10625