3 0.146875 0.20234375 0.128125 0.0921875
3 0.25078125 0.3078125 0.178125 0.1875
3 0.23984375 0.13046875 0.1 0.078125
3 0.34375 0.1984375 0.1390625 0.09375
1 0.6203125 0.10546875 0.11875 0.096875
1 0.7578125 0.2375 0.121875 0.08125
1 0.6125 0.3734375 0.115625 0.1171875
1 0.90859375 0.371875 0.13125 0.1171875
1 0.88203125 0.1 0.125 0.090625
1 0.74921875 0.04375 0.115625 0.075
1 0.75625 0.4515625 0.14375 0.0890625
1 0.9484375 0.225 0.08125 0.1390625
1 0.53515625 0.23515625 0.065625 0.134375
4 0.11015625 0.76640625 0.2125 0.14375
4 0.375 0.8171875 0.221875 0.153125
4 0.303125 0.6921875 0.178125 0.128125
4 0.75390625 0.746875 0.259375 0.296875