3 0.25078125 0.271875 0.48125 0.3328125
5 0.7625 0.25859375 0.259375 0.1515625
1 0.05 0.77578125 0.084375 0.0625
1 0.1578125 0.771875 0.0875 0.0671875
1 0.2578125 0.7765625 0.0796875 0.05625
1 0.35625 0.771875 0.078125 0.059375
1 0.25234375 0.7171875 0.05625 0.040625
1 0.334375 0.71640625 0.06875 0.040625
1 0.090625 0.7171875 0.059375 0.0453125
1 0.45 0.7671875 0.08125 0.0625
1 0.17421875 0.7171875 0.0671875 0.0421875
1 0.41484375 0.71875 0.059375 0.04375
1 0.63984375 0.75 0.2546875 0.321875
1 0.871875 0.75 0.2328125 0.3