5 0.25390625 0.26640625 0.384375 0.175
4 0.6609375 0.3171875 0.153125 0.1109375
4 0.84453125 0.32265625 0.1453125 0.10625
4 0.7546875 0.17421875 0.146875 0.103125
1 0.1515625 0.6125 0.078125 0.090625
1 0.228125 0.9140625 0.0875 0.09375
1 0.28125 0.58828125 0.0765625 0.0921875
1 0.25546875 0.74140625 0.078125 0.078125
1 0.39921875 0.659375 0.0875 0.0828125
1 0.0828125 0.72578125 0.103125 0.0765625
1 0.35 0.8796875 0.09375 0.090625
1 0.428125 0.7796875 0.090625 0.0921875
1 0.109375 0.84140625 0.0890625 0.090625
5 0.771875 0.74375 0.346875 0.240625