1 0.3328125 0.24765625 0.3109375 0.2859375
1 0.1546875 0.24921875 0.2375 0.2625
0 0.75625 0.26015625 0.075 0.0765625
0 0.93125 0.16328125 0.075 0.078125
0 0.82421875 0.065625 0.0765625 0.0734375
0 0.85234375 0.43359375 0.071875 0.075
0 0.94296875 0.31484375 0.06875 0.075
0 0.665625 0.4375 0.0765625 0.078125
0 0.5546875 0.30546875 0.078125 0.078125
0 0.6734375 0.06875 0.071875 0.075
0 0.575 0.1578125 0.078125 0.078125
5 0.31953125 0.75 0.2375 0.196875
5 0.15390625 0.7515625 0.234375 0.1953125
5 0.75546875 0.784375 0.440625 0.06875