5 0.24765625 0.253125 0.3703125 0.2734375
1 0.9140625 0.25859375 0.10625 0.1140625
1 0.84765625 0.1640625 0.09375 0.096875
1 0.75 0.31484375 0.1796875 0.134375
1 0.58359375 0.25703125 0.103125 0.1125
1 0.86015625 0.06328125 0.053125 0.071875
1 0.89453125 0.39921875 0.171875 0.134375
1 0.55859375 0.0875 0.05 0.0640625
1 0.73671875 0.184375 0.1 0.078125
1 0.75 0.06796875 0.05625 0.071875
1 0.653125 0.06328125 0.053125 0.0625
1 0.634375 0.15859375 0.0875 0.084375
1 0.93046875 0.0890625 0.05 0.065625
1 0.6 0.39921875 0.15625 0.125
4 0.2515625 0.61484375 0.428125 0.215625
4 0.24921875 0.8296875 0.45625 0.290625
5 0.74609375 0.72578125 0.290625 0.18125