3 0.25078125 0.271875 0.48125 0.3328125
5 0.75078125 0.24375 0.49375 0.434375
2 0.3390625 0.75546875 0.1296875 0.240625
2 0.1625 0.75390625 0.13125 0.2421875
0 0.77265625 0.8546875 0.1625 0.0625
0 0.92421875 0.77890625 0.1078125 0.065625
0 0.6015625 0.8203125 0.10625 0.0484375
0 0.75234375 0.5765625 0.0859375 0.025
0 0.64453125 0.58984375 0.0625 0.021875
0 0.8609375 0.59375 0.078125 0.0234375
0 0.575 0.6328125 0.0578125 0.0265625
0 0.5296875 0.684375 0.0484375 0.04375
0 0.93515625 0.63359375 0.059375 0.025
0 0.6625 0.659375 0.1328125 0.046875
0 0.81484375 0.65625 0.10625 0.034375
0 0.6859375 0.725 0.1609375 0.0734375
0 0.96015625 0.6921875 0.053125 0.0609375
0 0.52421875 0.753125 0.04375 0.0515625
0 0.77109375 0.684375 0.13125 0.04375
0 0.85390625 0.7171875 0.0546875 0.046875