5 0.2375 0.196875 0.2703125 0.3
1 0.74140625 0.3484375 0.13125 0.0921875
1 0.9265625 0.29453125 0.103125 0.0875
1 0.56171875 0.275 0.090625 0.071875
1 0.6421875 0.234375 0.075 0.06875
1 0.77734375 0.2546875 0.0921875 0.071875
1 0.540625 0.2 0.06875 0.065625
1 0.7515625 0.19609375 0.08125 0.0453125
1 0.609375 0.14453125 0.0671875 0.040625
1 0.65078125 0.1734375 0.065625 0.0421875
1 0.95625 0.2046875 0.075 0.0625
1 0.8078125 0.121875 0.059375 0.034375
1 0.70703125 0.11875 0.065625 0.03125
1 0.746875 0.14453125 0.0703125 0.03125
1 0.9125 0.1515625 0.071875 0.04375
1 0.84140625 0.16640625 0.071875 0.046875
1 0.88046875 0.21640625 0.0625 0.05625
5 0.215625 0.75 0.290625 0.4328125
1 0.75 0.74375 0.48125 0.15