4 0.1375 0.26875 0.2203125 0.1171875
4 0.37734375 0.27109375 0.1875 0.115625
4 0.7828125 0.24375 0.3375 0.3
4 0.16640625 0.6703125 0.121875 0.125
4 0.3234375 0.66796875 0.121875 0.128125
4 0.16640625 0.8359375 0.11875 0.128125
4 0.31484375 0.84453125 0.1 0.109375
2 0.82890625 0.840625 0.121875 0.053125
2 0.94765625 0.80625 0.090625 0.040625
2 0.7546875 0.82734375 0.1015625 0.040625
2 0.884375 0.79140625 0.0875 0.034375
2 0.70859375 0.809375 0.0984375 0.0375
2 0.8375 0.78125 0.078125 0.0296875
2 0.78671875 0.771875 0.078125 0.028125
2 0.6671875 0.796875 0.0875 0.028125
2 0.74609375 0.76484375 0.053125 0.0234375
2 0.721875 0.759375 0.0578125 0.0234375
2 0.6078125 0.7796875 0.0625 0.025
2 0.5328125 0.7546875 0.0578125 0.0203125
2 0.559375 0.7671875 0.0578125 0.021875
2 0.69296875 0.75390625 0.053125 0.021875
2 0.58515625 0.77109375 0.059375 0.025
2 0.63984375 0.78671875 0.0875 0.028125
2 0.63828125 0.74375 0.05 0.01875
2 0.67109375 0.7484375 0.046875 0.01875
2 0.540625 0.76328125 0.0484375 0.01875
2 0.65 0.7453125 0.03125 0.015625