0 0.125 0.365625 0.090625 0.109375
0 0.2671875 0.08359375 0.1125 0.0796875
0 0.14765625 0.128125 0.0984375 0.078125
0 0.390625 0.153125 0.0953125 0.10625
0 0.0734375 0.2328125 0.075 0.1046875
0 0.26015625 0.41328125 0.109375 0.084375
0 0.2265625 0.3078125 0.103125 0.115625
0 0.27109375 0.1921875 0.096875 0.0875
0 0.421875 0.278125 0.084375 0.096875
0 0.38125 0.38203125 0.084375 0.1125
1 0.63828125 0.2578125 0.225 0.334375
1 0.8765625 0.25625 0.19375 0.296875
0 0.14140625 0.75625 0.203125 0.0875
0 0.3671875 0.76015625 0.2 0.0796875
1 0.63515625 0.60859375 0.10625 0.09375
1 0.79375 0.5703125 0.11875 0.09375
1 0.91328125 0.66953125 0.103125 0.10625
1 0.64375 0.90234375 0.125 0.109375
1 0.93515625 0.828125 0.0875 0.121875
1 0.809375 0.91796875 0.115625 0.109375
1 0.56640625 0.7421875 0.0875 0.115625
1 0.80625 0.7796875 0.090625 0.11875
1 0.70390625 0.7328125 0.10625 0.115625