4 0.15703125 0.19375 0.146875 0.103125
4 0.2984375 0.28203125 0.2125 0.1609375
3 0.84296875 0.3171875 0.184375 0.115625
3 0.653125 0.35703125 0.165625 0.1
3 0.8109375 0.1984375 0.159375 0.078125
3 0.6609375 0.16171875 0.096875 0.115625
3 0.65859375 0.2625 0.1515625 0.0765625
3 0.7921875 0.12578125 0.1234375 0.0578125
4 0.25078125 0.8640625 0.215625 0.178125
4 0.10078125 0.6625 0.165625 0.19375
4 0.384375 0.64140625 0.1671875 0.18125
5 0.75 0.79921875 0.359375 0.15625
5 0.74921875 0.64609375 0.359375 0.0515625