5 0.2265625 0.27265625 0.2171875 0.121875
1 0.725 0.09453125 0.134375 0.096875
1 0.8765625 0.15 0.0796875 0.0578125
1 0.596875 0.14609375 0.10625 0.05625
1 0.96484375 0.3140625 0.05 0.04375
1 0.9375 0.39921875 0.0375 0.04375
1 0.77890625 0.18828125 0.046875 0.04375
1 0.9171875 0.24765625 0.05 0.040625
1 0.853125 0.20859375 0.05 0.0375
1 0.86875 0.4140625 0.04375 0.0359375
1 0.5296875 0.3234375 0.040625 0.04375
1 0.5609375 0.246875 0.05 0.03125
1 0.88671875 0.34765625 0.040625 0.0375
1 0.89375 0.2890625 0.0375 0.0359375
1 0.82265625 0.2625 0.04375 0.0328125
1 0.809375 0.3859375 0.0375 0.0328125
1 0.828125 0.3265625 0.04375 0.0328125
1 0.6453125 0.32265625 0.04375 0.034375
1 0.5625 0.3984375 0.0375 0.0375
1 0.62265625 0.2015625 0.046875 0.034375
1 0.6671875 0.3875 0.03125 0.034375
1 0.690625 0.18828125 0.0515625 0.040625
1 0.73671875 0.3828125 0.03125 0.034375
1 0.61640625 0.41640625 0.028125 0.03125
1 0.7671875 0.3109375 0.040625 0.021875
1 0.5953125 0.35234375 0.0296875 0.025
1 0.7546875 0.2453125 0.03125 0.021875
1 0.63671875 0.25703125 0.028125 0.0234375
1 0.6953125 0.2421875 0.034375 0.0265625
1 0.703125 0.31015625 0.03125 0.025
1 0.5875 0.28203125 0.025 0.025
4 0.246875 0.75078125 0.346875 0.246875
5 0.740625 0.75 0.4125 0.196875