5 0.2515625 0.23984375 0.415625 0.425
1 0.71484375 0.353125 0.1421875 0.1203125
1 0.88828125 0.32265625 0.115625 0.109375
1 0.56015625 0.25703125 0.10625 0.096875
1 0.821875 0.2171875 0.09375 0.0875
1 0.5921875 0.1578125 0.078125 0.075
1 0.7046875 0.18046875 0.09375 0.075
1 0.6734375 0.1140625 0.08125 0.05625
1 0.94609375 0.22421875 0.090625 0.078125
1 0.7796875 0.1109375 0.0765625 0.053125
1 0.89453125 0.15625 0.0875 0.065625
3 0.24296875 0.82578125 0.096875 0.040625
3 0.3875 0.7921875 0.078125 0.0375
3 0.3265625 0.678125 0.053125 0.028125
3 0.24453125 0.6671875 0.053125 0.028125
3 0.08671875 0.71328125 0.05625 0.034375
3 0.4453125 0.73828125 0.053125 0.0375
3 0.11171875 0.79375 0.0765625 0.0375
3 0.3140625 0.73046875 0.053125 0.0375
3 0.159375 0.68359375 0.059375 0.028125
3 0.24375 0.7046875 0.078125 0.0296875
3 0.05 0.7484375 0.046875 0.0375
3 0.4 0.7 0.053125 0.03125
3 0.2015625 0.7671875 0.075 0.03125
3 0.28984375 0.7671875 0.06875 0.034375
3 0.17890625 0.73671875 0.053125 0.034375
2 0.7421875 0.6953125 0.1 0.0484375
2 0.59609375 0.7078125 0.128125 0.053125
2 0.8703125 0.70703125 0.090625 0.05625
2 0.69765625 0.734375 0.0828125 0.05
2 0.60390625 0.73359375 0.096875 0.0515625
2 0.84609375 0.73046875 0.075 0.04375
2 0.7859375 0.73828125 0.059375 0.04375
2 0.86953125 0.76875 0.059375 0.0359375
2 0.6046875 0.7734375 0.075 0.034375
2 0.73828125 0.76015625 0.071875 0.040625
2 0.5390625 0.80546875 0.05625 0.0375
2 0.6328125 0.7953125 0.053125 0.025
2 0.9296875 0.79921875 0.040625 0.021875
2 0.7171875 0.79921875 0.059375 0.03125
2 0.68359375 0.77734375 0.04375 0.028125
2 0.82734375 0.78359375 0.0375 0.021875
2 0.6296875 0.82421875 0.05625 0.028125
2 0.97109375 0.821875 0.0328125 0.028125
2 0.8796875 0.79609375 0.0390625 0.021875
2 0.78046875 0.784375 0.034375 0.021875
2 0.8375 0.80546875 0.040625 0.0234375
2 0.715625 0.82890625 0.0625 0.0234375
2 0.54609375 0.8390625 0.059375 0.03125
2 0.8609375 0.83515625 0.04375 0.021875
2 0.809375 0.82109375 0.0375 0.01875
2 0.90859375 0.82265625 0.0234375 0.0171875
2 0.79609375 0.80078125 0.025 0.0125
2 0.93125 0.8375 0.021875 0.015625
2 0.91796875 0.81171875 0.028125 0.0125
2 0.81484375 0.8421875 0.028125 0.015625
2 0.88125 0.8140625 0.021875 0.01875
2 0.90859375 0.84453125 0.01875 0.015625
2 0.94609375 0.8265625 0.01875 0.0125
2 0.77265625 0.815625 0.025 0.0171875