1 0.20390625 0.32265625 0.228125 0.1890625
1 0.2109375 0.13828125 0.140625 0.090625
1 0.378125 0.14921875 0.121875 0.09375
1 0.06640625 0.2234375 0.121875 0.08125
1 0.42265625 0.2703125 0.146875 0.125
5 0.7515625 0.25078125 0.396875 0.178125
2 0.1796875 0.8203125 0.2375 0.109375
2 0.30234375 0.6859375 0.1625 0.075
2 0.15234375 0.76015625 0.225 0.10625
2 0.36484375 0.76953125 0.178125 0.15625
2 0.1546875 0.68515625 0.096875 0.059375
3 0.65234375 0.721875 0.16875 0.11875
3 0.82109375 0.81015625 0.1875 0.11875
3 0.8328125 0.69140625 0.159375 0.11875