5 0.271875 0.23984375 0.23125 0.10625
4 0.69296875 0.1734375 0.165625 0.096875
4 0.8671875 0.27265625 0.1765625 0.1125
4 0.6390625 0.30703125 0.171875 0.11875
5 0.27734375 0.753125 0.2171875 0.1578125
1 0.671875 0.7984375 0.103125 0.05
1 0.84453125 0.79609375 0.0796875 0.053125
1 0.934375 0.78125 0.065625 0.046875
1 0.5796875 0.775 0.071875 0.0484375
1 0.7828125 0.75 0.040625 0.0328125
1 0.70703125 0.75078125 0.04375 0.028125
1 0.6375 0.75625 0.0515625 0.025
1 0.85703125 0.75625 0.046875 0.03125
1 0.8953125 0.76328125 0.034375 0.040625
1 0.5828125 0.76484375 0.0546875 0.028125