4 0.1421875 0.27265625 0.25625 0.175
4 0.3578125 0.21875 0.25625 0.1609375
2 0.85078125 0.2640625 0.103125 0.103125
2 0.78515625 0.17734375 0.0921875 0.065625
2 0.68359375 0.18046875 0.1 0.059375
2 0.65703125 0.3046875 0.121875 0.1015625
2 0.61328125 0.23984375 0.11875 0.0875
2 0.79140625 0.32109375 0.109375 0.109375
2 0.7375 0.22109375 0.103125 0.0625
2 0.88359375 0.21328125 0.103125 0.065625
5 0.38984375 0.67109375 0.20625 0.15625
4 0.86328125 0.8453125 0.1125 0.090625
4 0.75078125 0.74375 0.121875 0.1046875
4 0.6375 0.646875 0.13125 0.096875
4 0.63515625 0.84375 0.1125 0.103125
4 0.86484375 0.653125 0.1046875 0.1046875