1 0.159375 0.33125 0.1984375 0.128125
1 0.0765625 0.24375 0.134375 0.090625
1 0.296875 0.25390625 0.1296875 0.0875
1 0.346875 0.14453125 0.10625 0.0875
1 0.425 0.203125 0.13125 0.084375
1 0.2171875 0.1796875 0.11875 0.08125
3 0.7671875 0.359375 0.121875 0.071875
3 0.88359375 0.340625 0.0984375 0.059375
3 0.640625 0.3375 0.121875 0.059375
3 0.62734375 0.19375 0.071875 0.04375
3 0.778125 0.17578125 0.059375 0.034375
3 0.7 0.1765625 0.071875 0.034375
3 0.55625 0.28515625 0.075 0.059375
3 0.94609375 0.25390625 0.0671875 0.040625
3 0.84296875 0.1859375 0.05625 0.0375
3 0.9046875 0.21171875 0.059375 0.04375
3 0.56640625 0.23359375 0.071875 0.05
3 0.94765625 0.30078125 0.0703125 0.046875
3 0.1359375 0.73671875 0.1875 0.1671875
3 0.3515625 0.7625 0.20625 0.1875
1 0.571875 0.66328125 0.1125 0.078125
1 0.759375 0.7390625 0.10625 0.078125
1 0.8734375 0.57890625 0.103125 0.071875
1 0.7125 0.5375 0.1078125 0.0734375
1 0.9375 0.66953125 0.103125 0.071875
1 0.9328125 0.8015625 0.1125 0.0734375
1 0.565625 0.81328125 0.103125 0.078125
1 0.8515625 0.93359375 0.115625 0.08125
1 0.66484375 0.94296875 0.1125 0.084375