1 0.3546875 0.315625 0.075 0.05625
1 0.1296875 0.309375 0.065625 0.046875
1 0.2375 0.33671875 0.08125 0.05625
1 0.16875 0.15390625 0.05 0.03125
1 0.09765625 0.19296875 0.05 0.0375
1 0.08359375 0.246875 0.040625 0.046875
1 0.42890625 0.2671875 0.05 0.05
1 0.35546875 0.16484375 0.05625 0.034375
1 0.26640625 0.14296875 0.0578125 0.0171875
1 0.41875 0.20859375 0.05 0.046875
1 0.590625 0.215625 0.153125 0.0625
1 0.62578125 0.41484375 0.1875 0.1140625
1 0.76875 0.36015625 0.121875 0.078125
1 0.64296875 0.06796875 0.11875 0.046875
1 0.740625 0.1015625 0.0984375 0.04375
1 0.82578125 0.13828125 0.065625 0.03125
1 0.87421875 0.3265625 0.084375 0.05
1 0.721875 0.225 0.065625 0.0375
1 0.959375 0.29921875 0.059375 0.034375
1 0.9015625 0.1671875 0.05 0.028125
1 0.9625 0.23359375 0.046875 0.03125
1 0.8109375 0.2296875 0.04375 0.0296875
1 0.88515625 0.23046875 0.046875 0.028125
2 0.215625 0.68671875 0.1125 0.053125
2 0.33359375 0.68984375 0.121875 0.0546875
2 0.15078125 0.80078125 0.1796875 0.090625
2 0.33671875 0.77265625 0.1828125 0.071875
2 0.13046875 0.70546875 0.125 0.05
2 0.26171875 0.725 0.1171875 0.0484375
2 0.38828125 0.728125 0.128125 0.06875
2 0.13203125 0.7453125 0.1578125 0.05625
5 0.740625 0.77578125 0.384375 0.15
5 0.84375 0.73671875 0.20625 0.096875