5 0.25078125 0.23359375 0.459375 0.25
5 0.74921875 0.25859375 0.4671875 0.2328125
1 0.19609375 0.85546875 0.0625 0.065625
1 0.30546875 0.79140625 0.0578125 0.0546875
1 0.1671875 0.709375 0.059375 0.0375
1 0.375 0.71640625 0.05625 0.0375
1 0.18125 0.771875 0.05625 0.04375
1 0.26796875 0.72109375 0.053125 0.04375
1 0.2375 0.671875 0.05 0.03125
1 0.325 0.6375 0.05 0.028125
1 0.34453125 0.671875 0.05 0.034375
1 0.62734375 0.8140625 0.225 0.1375
1 0.8984375 0.78203125 0.16875 0.134375
1 0.7078125 0.68359375 0.175 0.090625