1 0.25703125 0.19296875 0.05625 0.0359375
1 0.3046875 0.2875 0.06875 0.053125
1 0.2140625 0.2875 0.065625 0.04375
1 0.3421875 0.2109375 0.053125 0.0375
1 0.41796875 0.24375 0.053125 0.0375
1 0.0515625 0.26640625 0.0421875 0.0375
1 0.21796875 0.2359375 0.053125 0.0375
1 0.146875 0.25390625 0.0453125 0.034375
1 0.459375 0.28359375 0.0375 0.0375
1 0.16875 0.21328125 0.05 0.0359375
1 0.10234375 0.23515625 0.04375 0.0375
1 0.2921875 0.23984375 0.053125 0.034375
1 0.096875 0.28828125 0.0421875 0.0375
1 0.4046875 0.2953125 0.0375 0.0375
1 0.375 0.2609375 0.034375 0.03125
4 0.8609375 0.25390625 0.18125 0.1296875
4 0.63828125 0.253125 0.178125 0.128125
4 0.06875 0.74375 0.109375 0.0875
4 0.4140625 0.82890625 0.0765625 0.0609375
4 0.19609375 0.76328125 0.096875 0.075
4 0.2921875 0.796875 0.078125 0.065625
4 0.20703125 0.65859375 0.084375 0.053125
4 0.13984375 0.69609375 0.0921875 0.0625
4 0.26484375 0.7078125 0.078125 0.0671875
4 0.30859375 0.6734375 0.0640625 0.0484375
4 0.3359375 0.75 0.065625 0.05
4 0.4359375 0.76015625 0.0734375 0.05625
4 0.46484375 0.68984375 0.05625 0.040625
4 0.45 0.72421875 0.0625 0.046875
4 0.365625 0.7140625 0.053125 0.046875
4 0.3796875 0.6890625 0.0484375 0.0375
1 0.7484375 0.75546875 0.475 0.346875