1 0.225 0.09453125 0.134375 0.096875
1 0.3765625 0.15 0.0796875 0.0578125
1 0.096875 0.14609375 0.10625 0.05625
1 0.46484375 0.3140625 0.05 0.04375
1 0.4375 0.39921875 0.0375 0.04375
1 0.27890625 0.18828125 0.046875 0.04375
1 0.4171875 0.24765625 0.05 0.040625
1 0.353125 0.20859375 0.05 0.0375
1 0.36875 0.4140625 0.04375 0.0359375
1 0.0296875 0.3234375 0.040625 0.04375
1 0.0609375 0.246875 0.05 0.03125
1 0.38671875 0.34765625 0.040625 0.0375
1 0.39375 0.2890625 0.0375 0.0359375
1 0.32265625 0.2625 0.04375 0.0328125
1 0.309375 0.3859375 0.0375 0.0328125
1 0.328125 0.3265625 0.04375 0.0328125
1 0.1453125 0.32265625 0.04375 0.034375
1 0.0625 0.3984375 0.0375 0.0375
1 0.12265625 0.2015625 0.046875 0.034375
1 0.1671875 0.3875 0.03125 0.034375
1 0.190625 0.18828125 0.0515625 0.040625
1 0.23671875 0.3828125 0.03125 0.034375
1 0.11640625 0.41640625 0.028125 0.03125
1 0.2671875 0.3109375 0.040625 0.021875
1 0.0953125 0.35234375 0.0296875 0.025
1 0.2546875 0.2453125 0.03125 0.021875
1 0.13671875 0.25703125 0.028125 0.0234375
1 0.1953125 0.2421875 0.034375 0.0265625
1 0.203125 0.31015625 0.03125 0.025
1 0.0875 0.28203125 0.025 0.025
2 0.62734375 0.26640625 0.103125 0.0703125
2 0.6046875 0.2 0.08125 0.065625
2 0.775 0.253125 0.0828125 0.090625
2 0.7484375 0.16796875 0.0765625 0.0578125
2 0.86953125 0.24375 0.090625 0.075
2 0.67109375 0.16796875 0.0859375 0.065625
2 0.69296875 0.3109375 0.1125 0.065625
2 0.68671875 0.221875 0.078125 0.0734375
2 0.8203125 0.19375 0.06875 0.06875
2 0.8328125 0.31015625 0.109375 0.084375
1 0.15390625 0.7625 0.278125 0.178125
1 0.384375 0.73828125 0.1921875 0.146875
4 0.8515625 0.7828125 0.090625 0.078125
4 0.7265625 0.8 0.096875 0.078125
4 0.821875 0.6984375 0.0984375 0.078125
4 0.61328125 0.765625 0.096875 0.065625
4 0.71015625 0.703125 0.084375 0.084375