0 0.0328125 0.2515625 0.05 0.028125
0 0.09140625 0.278125 0.059375 0.0359375
0 0.39609375 0.31015625 0.06875 0.0359375
0 0.33984375 0.35859375 0.0765625 0.04375
0 0.1671875 0.30546875 0.06875 0.034375
0 0.24296875 0.33203125 0.075 0.0390625
0 0.0921875 0.2125 0.040625 0.021875
0 0.234375 0.25546875 0.0625 0.034375
0 0.153125 0.23359375 0.053125 0.028125
0 0.30625 0.28671875 0.053125 0.025
0 0.4703125 0.2484375 0.0375 0.0234375
0 0.2 0.15234375 0.028125 0.0171875
0 0.346875 0.2515625 0.05 0.025
0 0.4390625 0.28046875 0.0546875 0.025
0 0.26015625 0.1265625 0.021875 0.0109375
0 0.21015625 0.19296875 0.034375 0.01875
0 0.440625 0.20625 0.025 0.0125
0 0.27109375 0.2203125 0.0375 0.01875
0 0.37734375 0.17578125 0.025 0.0125
0 0.2515625 0.16875 0.0296875 0.015625
0 0.31796875 0.15 0.0234375 0.0125
0 0.3828125 0.221875 0.040625 0.015625
0 0.30703125 0.1921875 0.03125 0.015625
0 0.15390625 0.1796875 0.03125 0.0125
0 0.75234375 0.2453125 0.359375 0.440625
4 0.325 0.76796875 0.3484375 0.1546875
4 0.11796875 0.74609375 0.234375 0.121875
2 0.81875 0.7421875 0.1078125 0.425
2 0.675 0.74453125 0.096875 0.425