0 0.1234375 0.30625 0.190625 0.0578125
0 0.128125 0.246875 0.1734375 0.046875
0 0.28828125 0.146875 0.04375 0.06875
0 0.27734375 0.37421875 0.053125 0.0890625
0 0.20703125 0.3453125 0.090625 0.059375
0 0.384375 0.1859375 0.0796875 0.046875
0 0.4171875 0.25625 0.109375 0.03125
0 0.3390625 0.1625 0.0453125 0.065625
0 0.2390625 0.1546875 0.040625 0.06875
0 0.4078125 0.29375 0.09375 0.05
0 0.19921875 0.1625 0.078125 0.090625
0 0.1703125 0.18828125 0.103125 0.0875
0 0.3390625 0.3625 0.05 0.084375
0 0.38125 0.325 0.0625 0.05625
0 0.4046875 0.21953125 0.103125 0.03125
2 0.92109375 0.33515625 0.1 0.059375
2 0.73671875 0.3359375 0.09375 0.059375
2 0.55546875 0.33203125 0.1 0.075
2 0.7375 0.2625 0.0828125 0.059375
2 0.73828125 0.18671875 0.08125 0.0546875
2 0.73984375 0.1109375 0.0625 0.04375
2 0.5921875 0.1140625 0.0609375 0.0515625
2 0.5703125 0.25546875 0.1 0.0625
2 0.878125 0.109375 0.0703125 0.040625
2 0.909375 0.2546875 0.078125 0.0625
2 0.88828125 0.1828125 0.071875 0.053125
2 0.58515625 0.1890625 0.0734375 0.0484375
2 0.3484375 0.7640625 0.196875 0.175
2 0.15390625 0.715625 0.19375 0.15625
4 0.62109375 0.74609375 0.209375 0.196875
4 0.87734375 0.7484375 0.2125 0.209375