2 0.25234375 0.265625 0.48125 0.1625
2 0.7828125 0.24296875 0.0640625 0.109375
2 0.7140625 0.24921875 0.0625 0.096875
1 0.25078125 0.5734375 0.10625 0.090625
1 0.4 0.625 0.1 0.090625
1 0.09921875 0.62890625 0.09375 0.084375
1 0.19140625 0.690625 0.09375 0.0875
1 0.06796875 0.7953125 0.096875 0.096875
1 0.37421875 0.89921875 0.103125 0.1
1 0.21640625 0.825 0.090625 0.096875
1 0.3359375 0.746875 0.08125 0.084375
1 0.44140625 0.7828125 0.078125 0.0921875
1 0.1796875 0.921875 0.0875 0.0953125
4 0.6796875 0.7890625 0.184375 0.115625
4 0.82890625 0.68984375 0.15 0.096875